,GAME_ID,EVENTNUM,EVENTMSGTYPE,EVENTMSGACTIONTYPE,PERIOD,WCTIMESTRING,PCTIMESTRING,HOMEDESCRIPTION,NEUTRALDESCRIPTION,VISITORDESCRIPTION,SCORE,SCOREMARGIN,PERSON1TYPE,PLAYER1_ID,PLAYER1_NAME,PLAYER1_TEAM_ID,PLAYER1_TEAM_CITY,PLAYER1_TEAM_NICKNAME,PLAYER1_TEAM_ABBREVIATION,PERSON2TYPE,PLAYER2_ID,PLAYER2_NAME,PLAYER2_TEAM_ID,PLAYER2_TEAM_CITY,PLAYER2_TEAM_NICKNAME,PLAYER2_TEAM_ABBREVIATION,PERSON3TYPE,PLAYER3_ID,PLAYER3_NAME,PLAYER3_TEAM_ID,PLAYER3_TEAM_CITY,PLAYER3_TEAM_NICKNAME,PLAYER3_TEAM_ABBREVIATION,VIDEO_AVAILABLE_FLAG
0,0021500463,0,12,0,1,8:11 PM,12:00,,,,,,0.0,0,,,,,,0,0,,,,,,0,0,,,,,,0
1,0021500463,1,10,0,1,8:11 PM,12:00,Jump Ball Gasol vs. Biyombo: Tip to Scola,,,,,4.0,2200,Pau Gasol,1610612741.0,Chicago,Bulls,CHI,5,202687,Bismack Biyombo,1610612761.0,Toronto,Raptors,TOR,5,2449,Luis Scola,1610612761.0,Toronto,Raptors,TOR,1
2,0021500463,2,1,1,1,8:11 PM,11:46,,,DeRozan 15' Jump Shot (2 PTS),2 - 0,-2,5.0,201942,DeMar DeRozan,1610612761.0,Toronto,Raptors,TOR,0,0,,,,,,0,0,,,,,,1
3,0021500463,3,2,1,1,8:11 PM,11:26,MISS Butler 26' 3PT Jump Shot,,,,,4.0,202710,Jimmy Butler,1610612741.0,Chicago,Bulls,CHI,0,0,,,,,,0,0,,,,,,1
4,0021500463,4,4,0,1,8:11 PM,11:25,,,Biyombo REBOUND (Off:0 Def:1),,,5.0,202687,Bismack Biyombo,1610612761.0,Toronto,Raptors,TOR,0,0,,,,,,0,0,,,,,,1
5,0021500463,5,2,1,1,8:12 PM,11:12,,,MISS DeRozan 15' Jump Shot,,,5.0,201942,DeMar DeRozan,1610612761.0,Toronto,Raptors,TOR,0,0,,,,,,0,0,,,,,,1
6,0021500463,6,4,0,1,8:12 PM,11:11,Gasol REBOUND (Off:0 Def:1),,,,,4.0,2200,Pau Gasol,1610612741.0,Chicago,Bulls,CHI,0,0,,,,,,0,0,,,,,,1
7,0021500463,7,5,40,1,8:12 PM,11:08,Mirotic Out of Bounds Lost Ball Turnover (P1.T1),,,,,4.0,202703,Nikola Mirotic,1610612741.0,Chicago,Bulls,CHI,0,0,,,,,,0,0,,,,,,1
8,0021500463,8,2,1,1,8:12 PM,10:52,,,MISS Carroll 17' Jump Shot,,,5.0,201960,DeMarre Carroll,1610612761.0,Toronto,Raptors,TOR,0,0,,,,,,0,0,,,,,,1
9,0021500463,9,4,0,1,8:12 PM,10:50,Mirotic REBOUND (Off:0 Def:1),,,,,4.0,202703,Nikola Mirotic,1610612741.0,Chicago,Bulls,CHI,0,0,,,,,,0,0,,,,,,1
10,0021500463,10,6,1,1,8:12 PM,10:46,,,Scola P.FOUL (P1.T1) (T.Washington),,,5.0,2449,Luis Scola,1610612761.0,Toronto,Raptors,TOR,4,201959,Taj Gibson,1610612741.0,Chicago,Bulls,CHI,1,0,,,,,,1
11,0021500463,11,6,2,1,8:13 PM,10:35,,,Carroll S.FOUL (P1.T2) (E.Roe),,,5.0,201960,DeMarre Carroll,1610612761.0,Toronto,Raptors,TOR,4,2200,Pau Gasol,1610612741.0,Chicago,Bulls,CHI,1,0,,,,,,1
12,0021500463,12,3,11,1,8:13 PM,10:35,Gasol Free Throw 1 of 2 (1 PTS),,,2 - 1,-1,4.0,2200,Pau Gasol,1610612741.0,Chicago,Bulls,CHI,0,0,,,,,,0,0,,,,,,0
13,0021500463,14,3,12,1,8:13 PM,10:35,MISS Gasol Free Throw 2 of 2,,,,,4.0,2200,Pau Gasol,1610612741.0,Chicago,Bulls,CHI,0,0,,,,,,0,0,,,,,,0
14,0021500463,16,4,0,1,8:13 PM,10:34,,,Scola REBOUND (Off:0 Def:1),,,5.0,2449,Luis Scola,1610612761.0,Toronto,Raptors,TOR,0,0,,,,,,0,0,,,,,,1
15,0021500463,17,2,1,1,8:14 PM,10:16,Rose BLOCK (1 BLK),,MISS Lowry 15' Jump Shot,,,5.0,200768,Kyle Lowry,1610612761.0,Toronto,Raptors,TOR,0,0,,,,,,4,201565,Derrick Rose,1610612741.0,Chicago,Bulls,CHI,1
16,0021500463,18,4,0,1,8:14 PM,10:14,Rose REBOUND (Off:0 Def:1),,,,,4.0,201565,Derrick Rose,1610612741.0,Chicago,Bulls,CHI,0,0,,,,,,0,0,,,,,,1
17,0021500463,19,1,41,1,8:14 PM,10:10,Rose 2' Running Layup (2 PTS),,,2 - 3,1,4.0,201565,Derrick Rose,1610612741.0,Chicago,Bulls,CHI,0,0,,,,,,0,0,,,,,,1
18,0021500463,20,6,1,1,8:14 PM,9:55,Rose P.FOUL (P1.T1) (T.Washington),,,,,4.0,201565,Derrick Rose,1610612741.0,Chicago,Bulls,CHI,5,200768,Kyle Lowry,1610612761.0,Toronto,Raptors,TOR,1,0,,,,,,1
19,0021500463,21,2,1,1,8:14 PM,9:41,,,MISS Carroll 7' Jump Shot,,,5.0,201960,DeMarre Carroll,1610612761.0,Toronto,Raptors,TOR,0,0,,,,,,0,0,,,,,,1
20,0021500463,22,4,0,1,8:14 PM,9:40,,,Biyombo REBOUND (Off:1 Def:1),,,5.0,202687,Bismack Biyombo,1610612761.0,Toronto,Raptors,TOR,0,0,,,,,,0,0,,,,,,1
21,0021500463,23,2,5,1,8:14 PM,9:38,Gasol BLOCK (1 BLK),,MISS Biyombo 2' Layup,,,5.0,202687,Bismack Biyombo,1610612761.0,Toronto,Raptors,TOR,0,0,,,,,,4,2200,Pau Gasol,1610612741.0,Chicago,Bulls,CHI,1
22,0021500463,24,4,0,1,8:15 PM,9:36,,,Scola REBOUND (Off:1 Def:1),,,5.0,2449,Luis Scola,1610612761.0,Toronto,Raptors,TOR,0,0,,,,,,0,0,,,,,,1
23,0021500463,25,1,72,1,8:15 PM,9:35,,,Scola 1' Putback Layup (2 PTS),4 - 3,-1,5.0,2449,Luis Scola,1610612761.0,Toronto,Raptors,TOR,0,0,,,,,,0,0,,,,,,1
24,0021500463,26,5,1,1,8:15 PM,9:18,Gasol Bad Pass Turnover (P1.T2),,Lowry STEAL (1 STL),,,4.0,2200,Pau Gasol,1610612741.0,Chicago,Bulls,CHI,5,200768,Kyle Lowry,1610612761.0,Toronto,Raptors,TOR,0,0,,,,,,1
25,0021500463,27,6,2,1,8:15 PM,9:12,Mirotic S.FOUL (P1.T2) (B.Barnaky),,,,,4.0,202703,Nikola Mirotic,1610612741.0,Chicago,Bulls,CHI,5,201942,DeMar DeRozan,1610612761.0,Toronto,Raptors,TOR,1,0,,,,,,1
26,0021500463,28,3,11,1,8:15 PM,9:12,,,DeRozan Free Throw 1 of 2 (3 PTS),5 - 3,-2,5.0,201942,DeMar DeRozan,1610612761.0,Toronto,Raptors,TOR,0,0,,,,,,0,0,,,,,,0
27,0021500463,30,3,12,1,8:15 PM,9:12,,,MISS DeRozan Free Throw 2 of 2,,,5.0,201942,DeMar DeRozan,1610612761.0,Toronto,Raptors,TOR,0,0,,,,,,0,0,,,,,,0
28,0021500463,32,4,0,1,8:16 PM,9:11,Mirotic REBOUND (Off:0 Def:2),,,,,4.0,202703,Nikola Mirotic,1610612741.0,Chicago,Bulls,CHI,0,0,,,,,,0,0,,,,,,1
29,0021500463,33,1,1,1,8:16 PM,8:58,Rose 25' 3PT Jump Shot (5 PTS) (Butler 1 AST),,,5 - 6,1,4.0,201565,Derrick Rose,1610612741.0,Chicago,Bulls,CHI,4,202710,Jimmy Butler,1610612741.0,Chicago,Bulls,CHI,0,0,,,,,,1
30,0021500463,34,1,1,1,8:16 PM,8:37,,,Scola 6' Jump Shot (4 PTS) (Lowry 1 AST),7 - 6,-1,5.0,2449,Luis Scola,1610612761.0,Toronto,Raptors,TOR,5,200768,Kyle Lowry,1610612761.0,Toronto,Raptors,TOR,0,0,,,,,,1
31,0021500463,35,1,1,1,8:16 PM,8:23,Gasol 13' Jump Shot (3 PTS) (Rose 1 AST),,,7 - 8,1,4.0,2200,Pau Gasol,1610612741.0,Chicago,Bulls,CHI,4,201565,Derrick Rose,1610612741.0,Chicago,Bulls,CHI,0,0,,,,,,1
32,0021500463,36,1,108,1,8:17 PM,8:11,,,Carroll  Cutting Dunk Shot (2 PTS) (DeRozan 1 AST),9 - 8,-1,5.0,201960,DeMarre Carroll,1610612761.0,Toronto,Raptors,TOR,5,201942,DeMar DeRozan,1610612761.0,Toronto,Raptors,TOR,0,0,,,,,,1
33,0021500463,37,5,2,1,8:17 PM,8:03,Butler Lost Ball Turnover (P1.T3),,Lowry STEAL (2 STL),,,4.0,202710,Jimmy Butler,1610612741.0,Chicago,Bulls,CHI,5,200768,Kyle Lowry,1610612761.0,Toronto,Raptors,TOR,0,0,,,,,,1
34,0021500463,38,1,1,1,8:17 PM,7:57,,,Scola 15' Jump Shot (6 PTS) (DeRozan 2 AST),11 - 8,-3,5.0,2449,Luis Scola,1610612761.0,Toronto,Raptors,TOR,5,201942,DeMar DeRozan,1610612761.0,Toronto,Raptors,TOR,0,0,,,,,,1
35,0021500463,39,2,1,1,8:17 PM,7:43,MISS Gibson 17' Jump Shot,,,,,4.0,201959,Taj Gibson,1610612741.0,Chicago,Bulls,CHI,0,0,,,,,,0,0,,,,,,1
36,0021500463,40,4,0,1,8:17 PM,7:42,,,Biyombo REBOUND (Off:1 Def:2),,,5.0,202687,Bismack Biyombo,1610612761.0,Toronto,Raptors,TOR,0,0,,,,,,0,0,,,,,,1
37,0021500463,41,2,1,1,8:17 PM,7:25,,,MISS Biyombo 15' Jump Shot,,,5.0,202687,Bismack Biyombo,1610612761.0,Toronto,Raptors,TOR,0,0,,,,,,0,0,,,,,,1
38,0021500463,42,4,0,1,8:17 PM,7:24,Mirotic REBOUND (Off:0 Def:3),,,,,4.0,202703,Nikola Mirotic,1610612741.0,Chicago,Bulls,CHI,0,0,,,,,,0,0,,,,,,1
39,0021500463,43,2,98,1,8:18 PM,7:18,MISS Gasol 2' Cutting Layup Shot,,,,,4.0,2200,Pau Gasol,1610612741.0,Chicago,Bulls,CHI,0,0,,,,,,0,0,,,,,,1
40,0021500463,45,4,0,1,8:18 PM,7:15,Gibson REBOUND (Off:1 Def:0),,,,,4.0,201959,Taj Gibson,1610612741.0,Chicago,Bulls,CHI,0,0,,,,,,0,0,,,,,,1
41,0021500463,44,1,72,1,8:18 PM,7:15,Gibson 1' Putback Layup (2 PTS),,,11 - 10,-1,4.0,201959,Taj Gibson,1610612741.0,Chicago,Bulls,CHI,0,0,,,,,,0,0,,,,,,1
42,0021500463,46,1,63,1,8:18 PM,6:52,,,DeRozan 15' Fadeaway Jumper (5 PTS),13 - 10,-3,5.0,201942,DeMar DeRozan,1610612761.0,Toronto,Raptors,TOR,0,0,,,,,,0,0,,,,,,1
43,0021500463,47,1,78,1,8:18 PM,6:42,Rose 16' Floating Jump Shot (7 PTS),,,13 - 12,-1,4.0,201565,Derrick Rose,1610612741.0,Chicago,Bulls,CHI,0,0,,,,,,0,0,,,,,,1
44,0021500463,48,2,5,1,8:18 PM,6:30,Gasol BLOCK (2 BLK),,MISS DeRozan 3' Layup,,,5.0,201942,DeMar DeRozan,1610612761.0,Toronto,Raptors,TOR,0,0,,,,,,4,2200,Pau Gasol,1610612741.0,Chicago,Bulls,CHI,1
45,0021500463,49,4,0,1,8:18 PM,6:28,Mirotic REBOUND (Off:0 Def:4),,,,,4.0,202703,Nikola Mirotic,1610612741.0,Chicago,Bulls,CHI,0,0,,,,,,0,0,,,,,,1
46,0021500463,50,2,99,1,8:18 PM,6:23,MISS Butler 1' Cutting Finger Roll Layup Shot,,,,,4.0,202710,Jimmy Butler,1610612741.0,Chicago,Bulls,CHI,0,0,,,,,,0,0,,,,,,1
47,0021500463,51,4,0,1,8:18 PM,6:21,,,Biyombo REBOUND (Off:1 Def:3),,,5.0,202687,Bismack Biyombo,1610612761.0,Toronto,Raptors,TOR,0,0,,,,,,0,0,,,,,,1
48,0021500463,53,9,1,1,8:19 PM,6:17,,,Raptors Timeout: Regular (Reg.1 Short 0),,,3.0,1610612761,,,,,,0,0,,,,,,0,0,,,,,,0
49,0021500463,54,8,0,1,8:21 PM,6:17,,,SUB: Valanciunas FOR Biyombo,,,5.0,202687,Bismack Biyombo,1610612761.0,Toronto,Raptors,TOR,5,202685,Jonas Valanciunas,1610612761.0,Toronto,Raptors,TOR,0,0,,,,,,0
50,0021500463,55,2,1,1,8:21 PM,6:07,,,MISS Lowry 4' Jump Shot,,,5.0,200768,Kyle Lowry,1610612761.0,Toronto,Raptors,TOR,0,0,,,,,,0,0,,,,,,1
51,0021500463,56,4,0,1,8:21 PM,6:05,Gibson REBOUND (Off:1 Def:1),,,,,4.0,201959,Taj Gibson,1610612741.0,Chicago,Bulls,CHI,0,0,,,,,,0,0,,,,,,1
52,0021500463,58,2,1,1,8:22 PM,5:52,MISS Butler 20' Jump Shot,,,,,4.0,202710,Jimmy Butler,1610612741.0,Chicago,Bulls,CHI,0,0,,,,,,0,0,,,,,,1
53,0021500463,59,4,0,1,8:22 PM,5:51,,,Lowry REBOUND (Off:0 Def:1),,,5.0,200768,Kyle Lowry,1610612761.0,Toronto,Raptors,TOR,0,0,,,,,,0,0,,,,,,1
54,0021500463,60,1,5,1,8:22 PM,5:44,,,Scola 3' Layup (8 PTS) (Lowry 2 AST),15 - 12,-3,5.0,2449,Luis Scola,1610612761.0,Toronto,Raptors,TOR,5,200768,Kyle Lowry,1610612761.0,Toronto,Raptors,TOR,0,0,,,,,,1
55,0021500463,61,1,1,1,8:22 PM,5:27,Gasol 16' Jump Shot (5 PTS) (Rose 2 AST),,,15 - 14,-1,4.0,2200,Pau Gasol,1610612741.0,Chicago,Bulls,CHI,4,201565,Derrick Rose,1610612741.0,Chicago,Bulls,CHI,0,0,,,,,,1
56,0021500463,62,5,1,1,8:22 PM,5:16,Gasol STEAL (1 STL),,Scola Bad Pass Turnover (P1.T1),,,5.0,2449,Luis Scola,1610612761.0,Toronto,Raptors,TOR,4,2200,Pau Gasol,1610612741.0,Chicago,Bulls,CHI,0,0,,,,,,1
57,0021500463,64,1,5,1,8:22 PM,5:10,Mirotic 2' Layup (2 PTS) (Butler 2 AST),,,15 - 16,1,4.0,202703,Nikola Mirotic,1610612741.0,Chicago,Bulls,CHI,4,202710,Jimmy Butler,1610612741.0,Chicago,Bulls,CHI,0,0,,,,,,1
58,0021500463,65,2,1,1,8:23 PM,4:42,,,MISS Carroll 25' 3PT Jump Shot,,,5.0,201960,DeMarre Carroll,1610612761.0,Toronto,Raptors,TOR,0,0,,,,,,0,0,,,,,,1
59,0021500463,66,4,0,1,8:23 PM,4:37,Mirotic REBOUND (Off:0 Def:5),,,,,4.0,202703,Nikola Mirotic,1610612741.0,Chicago,Bulls,CHI,0,0,,,,,,0,0,,,,,,1
60,0021500463,67,2,1,1,8:23 PM,4:28,MISS Mirotic 24' 3PT Jump Shot,,Scola BLOCK (1 BLK),,,4.0,202703,Nikola Mirotic,1610612741.0,Chicago,Bulls,CHI,0,0,,,,,,5,2449,Luis Scola,1610612761.0,Toronto,Raptors,TOR,1
61,0021500463,68,4,0,1,8:23 PM,4:26,Gibson REBOUND (Off:2 Def:1),,,,,4.0,201959,Taj Gibson,1610612741.0,Chicago,Bulls,CHI,0,0,,,,,,0,0,,,,,,1
62,0021500463,69,2,1,1,8:23 PM,4:24,MISS Mirotic 25' 3PT Jump Shot,,,,,4.0,202703,Nikola Mirotic,1610612741.0,Chicago,Bulls,CHI,0,0,,,,,,0,0,,,,,,1
63,0021500463,70,4,0,1,8:23 PM,4:21,,,Valanciunas REBOUND (Off:0 Def:1),,,5.0,202685,Jonas Valanciunas,1610612761.0,Toronto,Raptors,TOR,0,0,,,,,,0,0,,,,,,1
64,0021500463,71,1,1,1,8:23 PM,4:13,,,Scola 16' Jump Shot (10 PTS),17 - 16,-1,5.0,2449,Luis Scola,1610612761.0,Toronto,Raptors,TOR,0,0,,,,,,0,0,,,,,,1
65,0021500463,72,2,5,1,8:24 PM,4:01,MISS Rose 3' Layup,,,,,4.0,201565,Derrick Rose,1610612741.0,Chicago,Bulls,CHI,0,0,,,,,,0,0,,,,,,1
66,0021500463,73,4,0,1,8:24 PM,4:00,,,Scola REBOUND (Off:1 Def:2),,,5.0,2449,Luis Scola,1610612761.0,Toronto,Raptors,TOR,0,0,,,,,,0,0,,,,,,1
67,0021500463,74,1,1,1,8:24 PM,3:54,,,Scola 11' Jump Shot (12 PTS) (DeRozan 3 AST),19 - 16,-3,5.0,2449,Luis Scola,1610612761.0,Toronto,Raptors,TOR,5,201942,DeMar DeRozan,1610612761.0,Toronto,Raptors,TOR,0,0,,,,,,1
68,0021500463,75,9,1,1,8:24 PM,3:51,BULLS Timeout: Regular (Full 1 Short 0),,,,,2.0,1610612741,,,,,,0,0,,,,,,0,0,,,,,,0
69,0021500463,76,8,0,1,8:26 PM,3:51,SUB: Portis FOR Gibson,,,,,4.0,201959,Taj Gibson,1610612741.0,Chicago,Bulls,CHI,4,1626171,Bobby Portis,1610612741.0,Chicago,Bulls,CHI,0,0,,,,,,0
70,0021500463,77,8,0,1,8:26 PM,3:51,SUB: Brooks FOR Rose,,,,,4.0,201565,Derrick Rose,1610612741.0,Chicago,Bulls,CHI,4,201166,Aaron Brooks,1610612741.0,Chicago,Bulls,CHI,0,0,,,,,,0
71,0021500463,78,8,0,1,8:26 PM,3:51,,,SUB: Ross FOR Carroll,,,5.0,201960,DeMarre Carroll,1610612761.0,Toronto,Raptors,TOR,5,203082,Terrence Ross,1610612761.0,Toronto,Raptors,TOR,0,0,,,,,,0
72,0021500463,79,2,58,1,8:26 PM,3:34,MISS Gasol 8' Turnaround Hook Shot,,,,,4.0,2200,Pau Gasol,1610612741.0,Chicago,Bulls,CHI,0,0,,,,,,0,0,,,,,,1
73,0021500463,80,4,0,1,8:26 PM,3:33,,,Lowry REBOUND (Off:0 Def:2),,,5.0,200768,Kyle Lowry,1610612761.0,Toronto,Raptors,TOR,0,0,,,,,,0,0,,,,,,1
74,0021500463,81,6,2,1,8:27 PM,3:29,Brooks S.FOUL (P1.T3) (E.Roe),,,,,4.0,201166,Aaron Brooks,1610612741.0,Chicago,Bulls,CHI,5,200768,Kyle Lowry,1610612761.0,Toronto,Raptors,TOR,1,0,,,,,,1
75,0021500463,82,3,11,1,8:27 PM,3:29,,,Lowry Free Throw 1 of 2 (1 PTS),20 - 16,-4,5.0,200768,Kyle Lowry,1610612761.0,Toronto,Raptors,TOR,0,0,,,,,,0,0,,,,,,0
76,0021500463,83,8,0,1,8:27 PM,3:29,SUB: Snell FOR Mirotic,,,,,4.0,202703,Nikola Mirotic,1610612741.0,Chicago,Bulls,CHI,4,203503,Tony Snell,1610612741.0,Chicago,Bulls,CHI,0,0,,,,,,0
77,0021500463,84,3,12,1,8:27 PM,3:29,,,Lowry Free Throw 2 of 2 (2 PTS),21 - 16,-5,5.0,200768,Kyle Lowry,1610612761.0,Toronto,Raptors,TOR,0,0,,,,,,0,0,,,,,,0
78,0021500463,86,5,40,1,8:28 PM,3:12,Gasol Out of Bounds Lost Ball Turnover (P2.T4),,,,,4.0,2200,Pau Gasol,1610612741.0,Chicago,Bulls,CHI,0,0,,,,,,0,0,,,,,,1
79,0021500463,87,5,45,1,8:28 PM,3:03,,,Lowry Out of Bounds - Bad Pass Turnover Turnover (P1.T2),,,5.0,200768,Kyle Lowry,1610612761.0,Toronto,Raptors,TOR,0,0,,,,,,0,0,,,,,,1
80,0021500463,88,1,108,1,8:28 PM,2:53,Butler  Cutting Dunk Shot (2 PTS) (Gasol 1 AST),,,21 - 18,-3,4.0,202710,Jimmy Butler,1610612741.0,Chicago,Bulls,CHI,4,2200,Pau Gasol,1610612741.0,Chicago,Bulls,CHI,0,0,,,,,,1
81,0021500463,90,1,5,1,8:29 PM,2:30,,,Valanciunas 2' Layup (2 PTS) (Lowry 3 AST),23 - 18,-5,5.0,202685,Jonas Valanciunas,1610612761.0,Toronto,Raptors,TOR,5,200768,Kyle Lowry,1610612761.0,Toronto,Raptors,TOR,0,0,,,,,,1
82,0021500463,91,2,47,1,8:29 PM,2:09,MISS Gasol 6' Turnaround Jump Shot,,,,,4.0,2200,Pau Gasol,1610612741.0,Chicago,Bulls,CHI,0,0,,,,,,0,0,,,,,,1
83,0021500463,92,4,0,1,8:29 PM,2:06,,,Lowry REBOUND (Off:0 Def:3),,,5.0,200768,Kyle Lowry,1610612761.0,Toronto,Raptors,TOR,0,0,,,,,,0,0,,,,,,1
84,0021500463,93,1,1,1,8:29 PM,1:53,,,Valanciunas 16' Jump Shot (4 PTS) (Lowry 4 AST),25 - 18,-7,5.0,202685,Jonas Valanciunas,1610612761.0,Toronto,Raptors,TOR,5,200768,Kyle Lowry,1610612761.0,Toronto,Raptors,TOR,0,0,,,,,,1
85,0021500463,94,2,1,1,8:29 PM,1:41,MISS Portis 25' 3PT Jump Shot,,,,,4.0,1626171,Bobby Portis,1610612741.0,Chicago,Bulls,CHI,0,0,,,,,,0,0,,,,,,1
86,0021500463,95,4,0,1,8:29 PM,1:40,,,DeRozan REBOUND (Off:0 Def:1),,,5.0,201942,DeMar DeRozan,1610612761.0,Toronto,Raptors,TOR,0,0,,,,,,0,0,,,,,,1
87,0021500463,96,1,5,1,8:30 PM,1:32,,,Valanciunas 3' Layup (6 PTS) (DeRozan 4 AST),27 - 18,-9,5.0,202685,Jonas Valanciunas,1610612761.0,Toronto,Raptors,TOR,5,201942,DeMar DeRozan,1610612761.0,Toronto,Raptors,TOR,0,0,,,,,,1
88,0021500463,97,1,42,1,8:30 PM,1:21,Brooks 3' Driving Layup (2 PTS),,,27 - 20,-7,4.0,201166,Aaron Brooks,1610612741.0,Chicago,Bulls,CHI,0,0,,,,,,0,0,,,,,,1
89,0021500463,98,2,1,1,8:30 PM,1:03,,,MISS Ross 24' 3PT Jump Shot,,,5.0,203082,Terrence Ross,1610612761.0,Toronto,Raptors,TOR,0,0,,,,,,0,0,,,,,,1
90,0021500463,99,4,0,1,8:30 PM,1:02,,,DeRozan REBOUND (Off:1 Def:1),,,5.0,201942,DeMar DeRozan,1610612761.0,Toronto,Raptors,TOR,0,0,,,,,,0,0,,,,,,1
91,0021500463,100,2,1,1,8:30 PM,0:52,Gasol BLOCK (3 BLK),,MISS Valanciunas 4' Jump Shot,,,5.0,202685,Jonas Valanciunas,1610612761.0,Toronto,Raptors,TOR,0,0,,,,,,4,2200,Pau Gasol,1610612741.0,Chicago,Bulls,CHI,1
92,0021500463,101,4,0,1,8:30 PM,0:50,Snell REBOUND (Off:0 Def:1),,,,,4.0,203503,Tony Snell,1610612741.0,Chicago,Bulls,CHI,0,0,,,,,,0,0,,,,,,1
93,0021500463,102,1,1,1,8:31 PM,0:35,Snell 25' 3PT Jump Shot (3 PTS) (Gasol 2 AST),,,27 - 23,-4,4.0,203503,Tony Snell,1610612741.0,Chicago,Bulls,CHI,4,2200,Pau Gasol,1610612741.0,Chicago,Bulls,CHI,0,0,,,,,,1
94,0021500463,103,1,1,1,8:31 PM,0:31,,,Lowry 26' 3PT Jump Shot (5 PTS),30 - 23,-7,5.0,200768,Kyle Lowry,1610612761.0,Toronto,Raptors,TOR,0,0,,,,,,0,0,,,,,,1
95,0021500463,104,2,5,1,8:31 PM,0:16,MISS Brooks 3' Layup,,,,,4.0,201166,Aaron Brooks,1610612741.0,Chicago,Bulls,CHI,0,0,,,,,,0,0,,,,,,1
96,0021500463,105,4,0,1,8:31 PM,0:14,,,Scola REBOUND (Off:1 Def:3),,,5.0,2449,Luis Scola,1610612761.0,Toronto,Raptors,TOR,0,0,,,,,,0,0,,,,,,1
97,0021500463,107,6,2,1,8:32 PM,0:00,Brooks S.FOUL (P2.T4) (T.Washington),,,,,4.0,201166,Aaron Brooks,1610612741.0,Chicago,Bulls,CHI,5,200768,Kyle Lowry,1610612761.0,Toronto,Raptors,TOR,1,0,,,,,,1
98,0021500463,108,18,0,1,8:32 PM,0:00,,,,,,,107,Dale Ellis,,,,,0,0,,,,,,1,0,,,,,,0
99,0021500463,109,3,11,1,8:34 PM,0:00,,,Lowry Free Throw 1 of 2 (6 PTS),31 - 23,-8,5.0,200768,Kyle Lowry,1610612761.0,Toronto,Raptors,TOR,0,0,,,,,,0,0,,,,,,0
100,0021500463,111,8,0,1,8:34 PM,0:00,SUB: Gibson FOR Gasol,,,,,4.0,2200,Pau Gasol,1610612741.0,Chicago,Bulls,CHI,4,201959,Taj Gibson,1610612741.0,Chicago,Bulls,CHI,0,0,,,,,,0
101,0021500463,112,8,0,1,8:34 PM,0:00,SUB: Hinrich FOR Butler,,,,,4.0,202710,Jimmy Butler,1610612741.0,Chicago,Bulls,CHI,4,2550,Kirk Hinrich,1610612741.0,Chicago,Bulls,CHI,0,0,,,,,,0
102,0021500463,113,3,12,1,8:34 PM,0:00,,,Lowry Free Throw 2 of 2 (7 PTS),32 - 23,-9,5.0,200768,Kyle Lowry,1610612761.0,Toronto,Raptors,TOR,0,0,,,,,,0,0,,,,,,0
103,0021500463,115,13,0,1,8:34 PM,0:00,,,,32 - 23,-9,0.0,0,,,,,,0,0,,,,,,0,0,,,,,,0
104,0021500463,117,12,0,2,8:37 PM,12:00,,,,32 - 23,-9,0.0,0,,,,,,0,0,,,,,,0,0,,,,,,0
105,0021500463,118,1,1,2,8:37 PM,11:47,Portis 13' Jump Shot (2 PTS) (Brooks 1 AST),,,32 - 25,-7,4.0,1626171,Bobby Portis,1610612741.0,Chicago,Bulls,CHI,4,201166,Aaron Brooks,1610612741.0,Chicago,Bulls,CHI,0,0,,,,,,1
106,0021500463,119,2,5,2,8:37 PM,11:23,Gibson BLOCK (1 BLK),,MISS Johnson 1' Layup,,,5.0,201949,James Johnson,1610612761.0,Toronto,Raptors,TOR,0,0,,,,,,4,201959,Taj Gibson,1610612741.0,Chicago,Bulls,CHI,1
107,0021500463,120,4,0,2,8:37 PM,11:21,Snell REBOUND (Off:0 Def:2),,,,,4.0,203503,Tony Snell,1610612741.0,Chicago,Bulls,CHI,0,0,,,,,,0,0,,,,,,1
108,0021500463,121,2,5,2,8:37 PM,11:19,MISS Snell 1' Layup,,Ross BLOCK (1 BLK),,,4.0,203503,Tony Snell,1610612741.0,Chicago,Bulls,CHI,0,0,,,,,,5,203082,Terrence Ross,1610612761.0,Toronto,Raptors,TOR,1
109,0021500463,122,4,0,2,8:37 PM,11:16,,,Biyombo REBOUND (Off:1 Def:4),,,5.0,202687,Bismack Biyombo,1610612761.0,Toronto,Raptors,TOR,0,0,,,,,,0,0,,,,,,1
110,0021500463,123,2,47,2,8:38 PM,10:57,,,MISS Joseph 6' Turnaround Jump Shot,,,5.0,202709,Cory Joseph,1610612761.0,Toronto,Raptors,TOR,0,0,,,,,,0,0,,,,,,1
111,0021500463,124,4,0,2,8:38 PM,10:56,Portis REBOUND (Off:0 Def:1),,,,,4.0,1626171,Bobby Portis,1610612741.0,Chicago,Bulls,CHI,0,0,,,,,,0,0,,,,,,1
112,0021500463,125,2,1,2,8:38 PM,10:47,MISS Portis 10' Jump Shot,,,,,4.0,1626171,Bobby Portis,1610612741.0,Chicago,Bulls,CHI,0,0,,,,,,0,0,,,,,,1
113,0021500463,126,4,0,2,8:38 PM,10:46,Portis REBOUND (Off:1 Def:1),,,,,4.0,1626171,Bobby Portis,1610612741.0,Chicago,Bulls,CHI,0,0,,,,,,0,0,,,,,,1
114,0021500463,127,2,1,2,8:38 PM,10:38,MISS Brooks 8' Jump Shot,,,,,4.0,201166,Aaron Brooks,1610612741.0,Chicago,Bulls,CHI,0,0,,,,,,0,0,,,,,,1
115,0021500463,128,4,0,2,8:38 PM,10:37,,,Joseph REBOUND (Off:0 Def:1),,,5.0,202709,Cory Joseph,1610612761.0,Toronto,Raptors,TOR,0,0,,,,,,0,0,,,,,,1
116,0021500463,130,1,1,2,8:38 PM,10:13,,,Joseph 19' Jump Shot (2 PTS),34 - 25,-9,5.0,202709,Cory Joseph,1610612761.0,Toronto,Raptors,TOR,0,0,,,,,,0,0,,,,,,1
117,0021500463,131,1,73,2,8:38 PM,10:07,Brooks 1' Driving Reverse Layup (4 PTS),,,34 - 27,-7,4.0,201166,Aaron Brooks,1610612741.0,Chicago,Bulls,CHI,0,0,,,,,,0,0,,,,,,1
118,0021500463,132,6,2,2,8:38 PM,10:07,,,Biyombo S.FOUL (P1.T1) (E.Roe),,,5.0,202687,Bismack Biyombo,1610612761.0,Toronto,Raptors,TOR,4,201166,Aaron Brooks,1610612741.0,Chicago,Bulls,CHI,1,0,,,,,,1
119,0021500463,133,3,10,2,8:39 PM,10:07,Brooks Free Throw 1 of 1 (5 PTS),,,34 - 28,-6,4.0,201166,Aaron Brooks,1610612741.0,Chicago,Bulls,CHI,0,0,,,,,,0,0,,,,,,0
120,0021500463,135,2,1,2,8:39 PM,9:50,,,MISS Patterson 24' 3PT Jump Shot,,,5.0,202335,Patrick Patterson,1610612761.0,Toronto,Raptors,TOR,0,0,,,,,,0,0,,,,,,1
121,0021500463,136,4,0,2,8:39 PM,9:49,Snell REBOUND (Off:0 Def:3),,,,,4.0,203503,Tony Snell,1610612741.0,Chicago,Bulls,CHI,0,0,,,,,,0,0,,,,,,1
122,0021500463,137,2,1,2,8:39 PM,9:41,MISS Snell 25' 3PT Jump Shot,,,,,4.0,203503,Tony Snell,1610612741.0,Chicago,Bulls,CHI,0,0,,,,,,0,0,,,,,,1
123,0021500463,138,4,0,2,8:39 PM,9:40,,,Biyombo REBOUND (Off:1 Def:5),,,5.0,202687,Bismack Biyombo,1610612761.0,Toronto,Raptors,TOR,0,0,,,,,,0,0,,,,,,1
124,0021500463,139,1,42,2,8:40 PM,9:33,,,Johnson 1' Driving Layup (2 PTS),36 - 28,-8,5.0,201949,James Johnson,1610612761.0,Toronto,Raptors,TOR,0,0,,,,,,0,0,,,,,,1
125,0021500463,140,1,102,2,8:40 PM,9:25,Brooks 7' Driving Floating Bank Jump Shot (7 PTS),,,36 - 30,-6,4.0,201166,Aaron Brooks,1610612741.0,Chicago,Bulls,CHI,0,0,,,,,,0,0,,,,,,1
126,0021500463,141,6,2,2,8:40 PM,9:25,,,Joseph S.FOUL (P1.T2) (T.Washington),,,5.0,202709,Cory Joseph,1610612761.0,Toronto,Raptors,TOR,4,201166,Aaron Brooks,1610612741.0,Chicago,Bulls,CHI,1,0,,,,,,1
127,0021500463,142,3,10,2,8:40 PM,9:25,Brooks Free Throw 1 of 1 (8 PTS),,,36 - 31,-5,4.0,201166,Aaron Brooks,1610612741.0,Chicago,Bulls,CHI,0,0,,,,,,0,0,,,,,,0
128,0021500463,144,2,1,2,8:40 PM,9:05,,,MISS Ross 15' Jump Shot,,,5.0,203082,Terrence Ross,1610612761.0,Toronto,Raptors,TOR,0,0,,,,,,0,0,,,,,,1
129,0021500463,145,4,0,2,8:41 PM,9:04,Snell REBOUND (Off:0 Def:4),,,,,4.0,203503,Tony Snell,1610612741.0,Chicago,Bulls,CHI,0,0,,,,,,0,0,,,,,,1
130,0021500463,146,1,3,2,8:41 PM,8:56,Portis 4' Hook Shot (4 PTS),,,36 - 33,-3,4.0,1626171,Bobby Portis,1610612741.0,Chicago,Bulls,CHI,0,0,,,,,,0,0,,,,,,1
131,0021500463,147,1,1,2,8:41 PM,8:39,,,Ross 6' Jump Shot (2 PTS) (Patterson 1 AST),38 - 33,-5,5.0,203082,Terrence Ross,1610612761.0,Toronto,Raptors,TOR,5,202335,Patrick Patterson,1610612761.0,Toronto,Raptors,TOR,0,0,,,,,,1
132,0021500463,148,1,1,2,8:41 PM,8:20,Portis 7' Jump Shot (6 PTS),,,38 - 35,-3,4.0,1626171,Bobby Portis,1610612741.0,Chicago,Bulls,CHI,0,0,,,,,,0,0,,,,,,1
133,0021500463,149,2,1,2,8:42 PM,8:01,,,MISS Johnson 25' 3PT Jump Shot,,,5.0,201949,James Johnson,1610612761.0,Toronto,Raptors,TOR,0,0,,,,,,0,0,,,,,,1
134,0021500463,150,4,0,2,8:42 PM,8:00,Gibson REBOUND (Off:2 Def:2),,,,,4.0,201959,Taj Gibson,1610612741.0,Chicago,Bulls,CHI,0,0,,,,,,0,0,,,,,,1
135,0021500463,151,1,42,2,8:42 PM,7:45,Brooks 1' Driving Layup (10 PTS),,,38 - 37,-1,4.0,201166,Aaron Brooks,1610612741.0,Chicago,Bulls,CHI,0,0,,,,,,0,0,,,,,,1
136,0021500463,153,9,1,2,8:42 PM,7:36,,,Raptors Timeout: Regular (Reg.2 Short 0),,,3.0,1610612761,,,,,,0,0,,,,,,0,0,,,,,,0
137,0021500463,154,8,0,2,8:44 PM,7:36,SUB: Rose FOR Hinrich,,,,,4.0,2550,Kirk Hinrich,1610612741.0,Chicago,Bulls,CHI,4,201565,Derrick Rose,1610612741.0,Chicago,Bulls,CHI,0,0,,,,,,0
138,0021500463,156,2,5,2,8:45 PM,7:25,Snell BLOCK (1 BLK),,MISS Johnson 3' Layup,,,5.0,201949,James Johnson,1610612761.0,Toronto,Raptors,TOR,0,0,,,,,,4,203503,Tony Snell,1610612741.0,Chicago,Bulls,CHI,1
139,0021500463,157,4,0,2,8:45 PM,7:22,Snell REBOUND (Off:0 Def:5),,,,,4.0,203503,Tony Snell,1610612741.0,Chicago,Bulls,CHI,0,0,,,,,,0,0,,,,,,1
140,0021500463,158,2,1,2,8:45 PM,7:00,MISS Rose 26' 3PT Jump Shot,,,,,4.0,201565,Derrick Rose,1610612741.0,Chicago,Bulls,CHI,0,0,,,,,,0,0,,,,,,1
141,0021500463,159,4,0,2,8:45 PM,7:00,,,Raptors Rebound,,,3.0,1610612761,,,,,,0,0,,,,,,0,0,,,,,,0
142,0021500463,160,2,1,2,8:45 PM,6:47,,,MISS Patterson 24' 3PT Jump Shot,,,5.0,202335,Patrick Patterson,1610612761.0,Toronto,Raptors,TOR,0,0,,,,,,0,0,,,,,,1
143,0021500463,161,4,0,2,8:45 PM,6:47,BULLS Rebound,,,,,2.0,1610612741,,,,,,0,0,,,,,,0,0,,,,,,0
144,0021500463,162,1,63,2,8:46 PM,6:37,Brooks 10' Fadeaway Jumper (12 PTS),,,38 - 39,1,4.0,201166,Aaron Brooks,1610612741.0,Chicago,Bulls,CHI,0,0,,,,,,0,0,,,,,,1
145,0021500463,163,6,2,2,8:46 PM,6:37,,,Joseph S.FOUL (P2.T3) (B.Barnaky),,,5.0,202709,Cory Joseph,1610612761.0,Toronto,Raptors,TOR,4,201166,Aaron Brooks,1610612741.0,Chicago,Bulls,CHI,1,0,,,,,,1
146,0021500463,164,8,0,2,8:46 PM,6:37,,,SUB: Lowry FOR Joseph,,,5.0,202709,Cory Joseph,1610612761.0,Toronto,Raptors,TOR,5,200768,Kyle Lowry,1610612761.0,Toronto,Raptors,TOR,0,0,,,,,,0
147,0021500463,165,3,10,2,8:46 PM,6:37,Brooks Free Throw 1 of 1 (13 PTS),,,38 - 40,2,4.0,201166,Aaron Brooks,1610612741.0,Chicago,Bulls,CHI,0,0,,,,,,0,0,,,,,,0
148,0021500463,168,1,1,2,8:47 PM,6:20,,,Patterson 10' Jump Shot (2 PTS) (Johnson 1 AST),40 - 40,TIE,5.0,202335,Patrick Patterson,1610612761.0,Toronto,Raptors,TOR,5,201949,James Johnson,1610612761.0,Toronto,Raptors,TOR,0,0,,,,,,1
149,0021500463,169,1,1,2,8:47 PM,6:02,Portis 20' Jump Shot (8 PTS) (Rose 3 AST),,,40 - 42,2,4.0,1626171,Bobby Portis,1610612741.0,Chicago,Bulls,CHI,4,201565,Derrick Rose,1610612741.0,Chicago,Bulls,CHI,0,0,,,,,,1
150,0021500463,170,2,1,2,8:47 PM,5:47,,,MISS Patterson 6' Jump Shot,,,5.0,202335,Patrick Patterson,1610612761.0,Toronto,Raptors,TOR,0,0,,,,,,0,0,,,,,,1
151,0021500463,172,4,0,2,8:47 PM,5:46,,,Patterson REBOUND (Off:1 Def:0),,,5.0,202335,Patrick Patterson,1610612761.0,Toronto,Raptors,TOR,0,0,,,,,,0,0,,,,,,1
152,0021500463,171,2,42,2,8:47 PM,5:46,,,MISS Patterson 2' Driving Layup,,,5.0,202335,Patrick Patterson,1610612761.0,Toronto,Raptors,TOR,0,0,,,,,,0,0,,,,,,1
153,0021500463,174,4,0,2,8:47 PM,5:43,,,Patterson REBOUND (Off:2 Def:0),,,5.0,202335,Patrick Patterson,1610612761.0,Toronto,Raptors,TOR,0,0,,,,,,0,0,,,,,,1
154,0021500463,173,2,97,2,8:47 PM,5:43,,,MISS Patterson 2' Tip Layup Shot,,,5.0,202335,Patrick Patterson,1610612761.0,Toronto,Raptors,TOR,0,0,,,,,,0,0,,,,,,1
155,0021500463,175,4,0,2,8:47 PM,5:42,Gibson REBOUND (Off:2 Def:3),,,,,4.0,201959,Taj Gibson,1610612741.0,Chicago,Bulls,CHI,0,0,,,,,,0,0,,,,,,1
156,0021500463,176,2,1,2,8:47 PM,5:34,MISS Brooks 24' 3PT Jump Shot,,,,,4.0,201166,Aaron Brooks,1610612741.0,Chicago,Bulls,CHI,0,0,,,,,,0,0,,,,,,1
157,0021500463,177,4,0,2,8:47 PM,5:33,,,Biyombo REBOUND (Off:1 Def:6),,,5.0,202687,Bismack Biyombo,1610612761.0,Toronto,Raptors,TOR,0,0,,,,,,0,0,,,,,,1
158,0021500463,178,2,1,2,8:48 PM,5:23,,,MISS Lowry 18' Jump Shot,,,5.0,200768,Kyle Lowry,1610612761.0,Toronto,Raptors,TOR,0,0,,,,,,0,0,,,,,,1
159,0021500463,179,4,0,2,8:48 PM,5:22,Brooks REBOUND (Off:0 Def:1),,,,,4.0,201166,Aaron Brooks,1610612741.0,Chicago,Bulls,CHI,0,0,,,,,,0,0,,,,,,1
160,0021500463,181,2,1,2,8:48 PM,5:04,MISS Snell 20' Jump Shot,,,,,4.0,203503,Tony Snell,1610612741.0,Chicago,Bulls,CHI,0,0,,,,,,0,0,,,,,,1
161,0021500463,182,4,0,2,8:48 PM,5:03,,,Patterson REBOUND (Off:2 Def:1),,,5.0,202335,Patrick Patterson,1610612761.0,Toronto,Raptors,TOR,0,0,,,,,,0,0,,,,,,1
162,0021500463,183,1,41,2,8:48 PM,4:57,,,Lowry 2' Running Layup (9 PTS),42 - 42,TIE,5.0,200768,Kyle Lowry,1610612761.0,Toronto,Raptors,TOR,0,0,,,,,,0,0,,,,,,1
163,0021500463,184,9,1,2,8:48 PM,4:50,BULLS Timeout: Regular (Full 2 Short 0),,,,,2.0,1610612741,,,,,,0,0,,,,,,0,0,,,,,,0
164,0021500463,186,8,0,2,8:50 PM,4:50,,,SUB: Scola FOR Biyombo,,,5.0,202687,Bismack Biyombo,1610612761.0,Toronto,Raptors,TOR,5,2449,Luis Scola,1610612761.0,Toronto,Raptors,TOR,0,0,,,,,,0
165,0021500463,187,8,0,2,8:50 PM,4:50,,,SUB: DeRozan FOR Johnson,,,5.0,201949,James Johnson,1610612761.0,Toronto,Raptors,TOR,5,201942,DeMar DeRozan,1610612761.0,Toronto,Raptors,TOR,0,0,,,,,,0
166,0021500463,188,8,0,2,8:50 PM,4:50,,,SUB: Valanciunas FOR Patterson,,,5.0,202335,Patrick Patterson,1610612761.0,Toronto,Raptors,TOR,5,202685,Jonas Valanciunas,1610612761.0,Toronto,Raptors,TOR,0,0,,,,,,0
167,0021500463,189,8,0,2,8:50 PM,4:50,SUB: Gasol FOR Portis,,,,,4.0,1626171,Bobby Portis,1610612741.0,Chicago,Bulls,CHI,4,2200,Pau Gasol,1610612741.0,Chicago,Bulls,CHI,0,0,,,,,,0
168,0021500463,190,8,0,2,8:50 PM,4:50,SUB: Butler FOR Snell,,,,,4.0,203503,Tony Snell,1610612741.0,Chicago,Bulls,CHI,4,202710,Jimmy Butler,1610612741.0,Chicago,Bulls,CHI,0,0,,,,,,0
169,0021500463,191,6,1,2,8:51 PM,4:43,,,Valanciunas P.FOUL (P1.T4) (B.Barnaky),,,5.0,202685,Jonas Valanciunas,1610612761.0,Toronto,Raptors,TOR,4,2200,Pau Gasol,1610612741.0,Chicago,Bulls,CHI,1,0,,,,,,1
170,0021500463,192,2,1,2,8:51 PM,4:35,MISS Rose 9' Jump Shot,,,,,4.0,201565,Derrick Rose,1610612741.0,Chicago,Bulls,CHI,0,0,,,,,,0,0,,,,,,1
171,0021500463,194,4,0,2,8:51 PM,4:34,Gibson REBOUND (Off:3 Def:3),,,,,4.0,201959,Taj Gibson,1610612741.0,Chicago,Bulls,CHI,0,0,,,,,,0,0,,,,,,1
172,0021500463,193,2,97,2,8:51 PM,4:34,MISS Gibson 2' Tip Layup Shot,,,,,4.0,201959,Taj Gibson,1610612741.0,Chicago,Bulls,CHI,0,0,,,,,,0,0,,,,,,1
173,0021500463,196,4,0,2,8:51 PM,4:34,Gasol REBOUND (Off:1 Def:1),,,,,4.0,2200,Pau Gasol,1610612741.0,Chicago,Bulls,CHI,0,0,,,,,,0,0,,,,,,1
174,0021500463,195,1,72,2,8:51 PM,4:34,Gasol 2' Putback Layup (7 PTS),,,42 - 44,2,4.0,2200,Pau Gasol,1610612741.0,Chicago,Bulls,CHI,0,0,,,,,,0,0,,,,,,1
175,0021500463,197,6,2,2,8:51 PM,4:34,,,Valanciunas S.FOUL (P2.PN) (T.Washington),,,5.0,202685,Jonas Valanciunas,1610612761.0,Toronto,Raptors,TOR,4,2200,Pau Gasol,1610612741.0,Chicago,Bulls,CHI,1,0,,,,,,1
176,0021500463,198,3,10,2,8:52 PM,4:34,MISS Gasol Free Throw 1 of 1,,,,,4.0,2200,Pau Gasol,1610612741.0,Chicago,Bulls,CHI,0,0,,,,,,0,0,,,,,,0
177,0021500463,200,4,0,2,8:52 PM,4:34,,,Ross REBOUND (Off:0 Def:1),,,5.0,203082,Terrence Ross,1610612761.0,Toronto,Raptors,TOR,0,0,,,,,,0,0,,,,,,1
178,0021500463,201,5,40,2,8:52 PM,4:19,,,Valanciunas Out of Bounds Lost Ball Turnover (P1.T3),,,5.0,202685,Jonas Valanciunas,1610612761.0,Toronto,Raptors,TOR,0,0,,,,,,0,0,,,,,,1
179,0021500463,202,2,42,2,8:52 PM,3:57,MISS Rose 3' Driving Layup,,Scola BLOCK (2 BLK),,,4.0,201565,Derrick Rose,1610612741.0,Chicago,Bulls,CHI,0,0,,,,,,5,2449,Luis Scola,1610612761.0,Toronto,Raptors,TOR,1
180,0021500463,203,4,0,2,8:52 PM,3:56,,,Lowry REBOUND (Off:0 Def:4),,,5.0,200768,Kyle Lowry,1610612761.0,Toronto,Raptors,TOR,0,0,,,,,,0,0,,,,,,1
181,0021500463,204,2,1,2,8:52 PM,3:50,,,MISS Ross 27' 3PT Jump Shot,,,5.0,203082,Terrence Ross,1610612761.0,Toronto,Raptors,TOR,0,0,,,,,,0,0,,,,,,1
182,0021500463,205,4,0,2,8:52 PM,3:49,Gasol REBOUND (Off:1 Def:2),,,,,4.0,2200,Pau Gasol,1610612741.0,Chicago,Bulls,CHI,0,0,,,,,,0,0,,,,,,1
183,0021500463,206,2,1,2,8:53 PM,3:35,MISS Butler 25' 3PT Jump Shot,,,,,4.0,202710,Jimmy Butler,1610612741.0,Chicago,Bulls,CHI,0,0,,,,,,0,0,,,,,,1
184,0021500463,207,4,0,2,8:53 PM,3:34,,,Lowry REBOUND (Off:0 Def:5),,,5.0,200768,Kyle Lowry,1610612761.0,Toronto,Raptors,TOR,0,0,,,,,,0,0,,,,,,1
185,0021500463,208,1,79,2,8:53 PM,3:22,,,Lowry 19' Pullup Jump Shot (11 PTS) (DeRozan 5 AST),44 - 44,TIE,5.0,200768,Kyle Lowry,1610612761.0,Toronto,Raptors,TOR,5,201942,DeMar DeRozan,1610612761.0,Toronto,Raptors,TOR,0,0,,,,,,1
186,0021500463,209,6,2,2,8:53 PM,3:15,,,Ross S.FOUL (P1.PN) (E.Roe),,,5.0,203082,Terrence Ross,1610612761.0,Toronto,Raptors,TOR,4,201565,Derrick Rose,1610612741.0,Chicago,Bulls,CHI,1,0,,,,,,1
187,0021500463,210,3,11,2,8:53 PM,3:15,MISS Rose Free Throw 1 of 2,,,,,4.0,201565,Derrick Rose,1610612741.0,Chicago,Bulls,CHI,0,0,,,,,,0,0,,,,,,0
188,0021500463,211,4,1,2,8:53 PM,3:15,BULLS Rebound,,,,,2.0,1610612741,,,,,,0,0,,,,,,0,0,,,,,,0
189,0021500463,212,8,0,2,8:54 PM,3:15,,,SUB: Carroll FOR Ross,,,5.0,203082,Terrence Ross,1610612761.0,Toronto,Raptors,TOR,5,201960,DeMarre Carroll,1610612761.0,Toronto,Raptors,TOR,0,0,,,,,,0
190,0021500463,213,3,12,2,8:54 PM,3:15,Rose Free Throw 2 of 2 (8 PTS),,,44 - 45,1,4.0,201565,Derrick Rose,1610612741.0,Chicago,Bulls,CHI,0,0,,,,,,0,0,,,,,,0
191,0021500463,215,5,1,2,8:54 PM,2:59,Butler STEAL (1 STL),,DeRozan Bad Pass Turnover (P1.T4),,,5.0,201942,DeMar DeRozan,1610612761.0,Toronto,Raptors,TOR,4,202710,Jimmy Butler,1610612741.0,Chicago,Bulls,CHI,0,0,,,,,,1
192,0021500463,216,2,1,2,8:54 PM,2:46,MISS Brooks 26' 3PT Jump Shot,,,,,4.0,201166,Aaron Brooks,1610612741.0,Chicago,Bulls,CHI,0,0,,,,,,0,0,,,,,,1
193,0021500463,217,4,0,2,8:54 PM,2:45,Gibson REBOUND (Off:4 Def:3),,,,,4.0,201959,Taj Gibson,1610612741.0,Chicago,Bulls,CHI,0,0,,,,,,0,0,,,,,,1
194,0021500463,218,1,66,2,8:55 PM,2:40,Rose 14' Jump Bank Shot (10 PTS) (Gasol 3 AST),,,44 - 47,3,4.0,201565,Derrick Rose,1610612741.0,Chicago,Bulls,CHI,4,2200,Pau Gasol,1610612741.0,Chicago,Bulls,CHI,0,0,,,,,,1
195,0021500463,219,1,42,2,8:55 PM,2:24,,,Lowry 3' Driving Layup (13 PTS),46 - 47,1,5.0,200768,Kyle Lowry,1610612761.0,Toronto,Raptors,TOR,0,0,,,,,,0,0,,,,,,1
196,0021500463,220,1,1,2,8:55 PM,2:11,Gasol 17' Jump Shot (9 PTS) (Butler 3 AST),,,46 - 49,3,4.0,2200,Pau Gasol,1610612741.0,Chicago,Bulls,CHI,4,202710,Jimmy Butler,1610612741.0,Chicago,Bulls,CHI,0,0,,,,,,1
197,0021500463,222,2,1,2,8:55 PM,1:51,,,MISS Valanciunas 6' Jump Shot,,,5.0,202685,Jonas Valanciunas,1610612761.0,Toronto,Raptors,TOR,0,0,,,,,,0,0,,,,,,1
198,0021500463,224,4,0,2,8:55 PM,1:50,,,Valanciunas REBOUND (Off:1 Def:1),,,5.0,202685,Jonas Valanciunas,1610612761.0,Toronto,Raptors,TOR,0,0,,,,,,0,0,,,,,,1
199,0021500463,223,1,97,2,8:55 PM,1:50,,,Valanciunas 2' Tip Layup Shot (8 PTS),48 - 49,1,5.0,202685,Jonas Valanciunas,1610612761.0,Toronto,Raptors,TOR,0,0,,,,,,0,0,,,,,,1
200,0021500463,225,2,1,2,8:56 PM,1:37,MISS Brooks 6' Jump Shot,,Valanciunas BLOCK (1 BLK),,,4.0,201166,Aaron Brooks,1610612741.0,Chicago,Bulls,CHI,0,0,,,,,,5,202685,Jonas Valanciunas,1610612761.0,Toronto,Raptors,TOR,1
201,0021500463,226,4,0,2,8:56 PM,1:37,BULLS Rebound,,,,,2.0,1610612741,,,,,,0,0,,,,,,0,0,,,,,,0
202,0021500463,227,9,1,2,8:56 PM,1:37,,,,,,1.0,0,,,,,,0,0,,,,,,0,0,,,,,,0
203,0021500463,230,8,0,2,8:58 PM,1:37,SUB: Mirotic FOR Brooks,,,,,4.0,201166,Aaron Brooks,1610612741.0,Chicago,Bulls,CHI,4,202703,Nikola Mirotic,1610612741.0,Chicago,Bulls,CHI,0,0,,,,,,0
204,0021500463,231,5,1,2,8:58 PM,1:27,Butler Bad Pass Turnover (P2.T5),,Lowry STEAL (3 STL),,,4.0,202710,Jimmy Butler,1610612741.0,Chicago,Bulls,CHI,5,200768,Kyle Lowry,1610612761.0,Toronto,Raptors,TOR,0,0,,,,,,1
205,0021500463,232,1,108,2,8:58 PM,1:23,,,DeRozan  Cutting Dunk Shot (7 PTS) (Lowry 5 AST),50 - 49,-1,5.0,201942,DeMar DeRozan,1610612761.0,Toronto,Raptors,TOR,5,200768,Kyle Lowry,1610612761.0,Toronto,Raptors,TOR,0,0,,,,,,1
206,0021500463,233,2,1,2,8:59 PM,1:10,MISS Gasol 18' Jump Shot,,,,,4.0,2200,Pau Gasol,1610612741.0,Chicago,Bulls,CHI,0,0,,,,,,0,0,,,,,,1
207,0021500463,234,4,0,2,8:59 PM,1:09,BULLS Rebound,,,,,2.0,1610612741,,,,,,0,0,,,,,,0,0,,,,,,0
208,0021500463,236,2,78,2,8:59 PM,0:58,MISS Rose 18' Floating Jump Shot,,,,,4.0,201565,Derrick Rose,1610612741.0,Chicago,Bulls,CHI,0,0,,,,,,0,0,,,,,,1
209,0021500463,237,4,0,2,8:59 PM,0:57,,,DeRozan REBOUND (Off:1 Def:2),,,5.0,201942,DeMar DeRozan,1610612761.0,Toronto,Raptors,TOR,0,0,,,,,,0,0,,,,,,1
210,0021500463,238,10,0,2,9:00 PM,0:51,Jump Ball Gibson vs. DeRozan: Tip to Carroll,,,,,4.0,201959,Taj Gibson,1610612741.0,Chicago,Bulls,CHI,5,201942,DeMar DeRozan,1610612761.0,Toronto,Raptors,TOR,5,201960,DeMarre Carroll,1610612761.0,Toronto,Raptors,TOR,1
211,0021500463,239,6,2,2,9:00 PM,0:40,Gibson S.FOUL (P1.T1) (E.Roe),,,,,4.0,201959,Taj Gibson,1610612741.0,Chicago,Bulls,CHI,5,202685,Jonas Valanciunas,1610612761.0,Toronto,Raptors,TOR,1,0,,,,,,1
212,0021500463,240,3,11,2,9:01 PM,0:40,,,Valanciunas Free Throw 1 of 2 (9 PTS),51 - 49,-2,5.0,202685,Jonas Valanciunas,1610612761.0,Toronto,Raptors,TOR,0,0,,,,,,0,0,,,,,,0
213,0021500463,242,3,12,2,9:01 PM,0:40,,,MISS Valanciunas Free Throw 2 of 2,,,5.0,202685,Jonas Valanciunas,1610612761.0,Toronto,Raptors,TOR,0,0,,,,,,0,0,,,,,,0
214,0021500463,244,4,0,2,9:01 PM,0:38,Gasol REBOUND (Off:1 Def:3),,,,,4.0,2200,Pau Gasol,1610612741.0,Chicago,Bulls,CHI,0,0,,,,,,0,0,,,,,,1
215,0021500463,246,6,2,2,9:01 PM,0:20,,,Scola S.FOUL (P2.PN) (E.Roe),,,5.0,2449,Luis Scola,1610612761.0,Toronto,Raptors,TOR,4,201959,Taj Gibson,1610612741.0,Chicago,Bulls,CHI,1,0,,,,,,1
216,0021500463,247,3,11,2,9:02 PM,0:20,MISS Gibson Free Throw 1 of 2,,,,,4.0,201959,Taj Gibson,1610612741.0,Chicago,Bulls,CHI,0,0,,,,,,0,0,,,,,,0
217,0021500463,248,4,1,2,9:02 PM,0:20,BULLS Rebound,,,,,2.0,1610612741,,,,,,0,0,,,,,,0,0,,,,,,0
218,0021500463,249,3,12,2,9:02 PM,0:20,MISS Gibson Free Throw 2 of 2,,,,,4.0,201959,Taj Gibson,1610612741.0,Chicago,Bulls,CHI,0,0,,,,,,0,0,,,,,,0
219,0021500463,251,4,0,2,9:02 PM,0:19,,,Carroll REBOUND (Off:0 Def:1),,,5.0,201960,DeMarre Carroll,1610612761.0,Toronto,Raptors,TOR,0,0,,,,,,0,0,,,,,,1
220,0021500463,253,6,2,2,9:03 PM,0:03,Gibson S.FOUL (P2.PN) (B.Barnaky),,,,,4.0,201959,Taj Gibson,1610612741.0,Chicago,Bulls,CHI,5,2449,Luis Scola,1610612761.0,Toronto,Raptors,TOR,1,0,,,,,,1
221,0021500463,254,18,0,2,9:03 PM,0:03,,,,,,,253,,,,,,0,0,,,,,,1,0,,,,,,0
222,0021500463,255,3,11,2,9:04 PM,0:03,,,Scola Free Throw 1 of 2 (13 PTS),52 - 49,-3,5.0,2449,Luis Scola,1610612761.0,Toronto,Raptors,TOR,0,0,,,,,,0,0,,,,,,0
223,0021500463,257,8,0,2,9:04 PM,0:03,,,SUB: Biyombo FOR Valanciunas,,,5.0,202685,Jonas Valanciunas,1610612761.0,Toronto,Raptors,TOR,5,202687,Bismack Biyombo,1610612761.0,Toronto,Raptors,TOR,0,0,,,,,,0
224,0021500463,258,8,0,2,9:04 PM,0:03,SUB: Brooks FOR Gibson,,,,,4.0,201959,Taj Gibson,1610612741.0,Chicago,Bulls,CHI,4,201166,Aaron Brooks,1610612741.0,Chicago,Bulls,CHI,0,0,,,,,,0
225,0021500463,260,8,0,2,9:04 PM,0:03,,,SUB: Joseph FOR Biyombo,,,5.0,202687,Bismack Biyombo,1610612761.0,Toronto,Raptors,TOR,5,202709,Cory Joseph,1610612761.0,Toronto,Raptors,TOR,0,0,,,,,,0
226,0021500463,261,3,12,2,9:05 PM,0:03,,,MISS Scola Free Throw 2 of 2,,,5.0,2449,Luis Scola,1610612761.0,Toronto,Raptors,TOR,0,0,,,,,,0,0,,,,,,0
227,0021500463,263,4,0,2,9:05 PM,0:02,Gasol REBOUND (Off:1 Def:4),,,,,4.0,2200,Pau Gasol,1610612741.0,Chicago,Bulls,CHI,0,0,,,,,,0,0,,,,,,1
228,0021500463,264,13,0,2,9:05 PM,0:00,,,,52 - 49,-3,0.0,0,,,,,,0,0,,,,,,0,0,,,,,,0
229,0021500463,266,12,0,3,9:21 PM,12:00,,,,52 - 49,-3,0.0,0,,,,,,0,0,,,,,,0,0,,,,,,0
230,0021500463,267,2,1,3,9:21 PM,11:44,MISS Mirotic 26' 3PT Jump Shot,,,,,4.0,202703,Nikola Mirotic,1610612741.0,Chicago,Bulls,CHI,0,0,,,,,,0,0,,,,,,1
231,0021500463,268,4,0,3,9:21 PM,11:43,Butler REBOUND (Off:1 Def:0),,,,,4.0,202710,Jimmy Butler,1610612741.0,Chicago,Bulls,CHI,0,0,,,,,,0,0,,,,,,1
232,0021500463,269,2,46,3,9:21 PM,11:28,MISS Rose 17' Running Jump Shot,,,,,4.0,201565,Derrick Rose,1610612741.0,Chicago,Bulls,CHI,0,0,,,,,,0,0,,,,,,1
233,0021500463,270,4,0,3,9:21 PM,11:27,,,Biyombo REBOUND (Off:1 Def:7),,,5.0,202687,Bismack Biyombo,1610612761.0,Toronto,Raptors,TOR,0,0,,,,,,0,0,,,,,,1
234,0021500463,271,6,1,3,9:22 PM,11:13,Gibson P.FOUL (P3.T1) (B.Barnaky),,,,,4.0,201959,Taj Gibson,1610612741.0,Chicago,Bulls,CHI,5,202687,Bismack Biyombo,1610612761.0,Toronto,Raptors,TOR,1,0,,,,,,1
235,0021500463,272,2,5,3,9:22 PM,11:03,Mirotic BLOCK (1 BLK),,MISS Carroll 1' Layup,,,5.0,201960,DeMarre Carroll,1610612761.0,Toronto,Raptors,TOR,0,0,,,,,,4,202703,Nikola Mirotic,1610612741.0,Chicago,Bulls,CHI,1
236,0021500463,273,4,0,3,9:22 PM,11:01,Mirotic REBOUND (Off:0 Def:6),,,,,4.0,202703,Nikola Mirotic,1610612741.0,Chicago,Bulls,CHI,0,0,,,,,,0,0,,,,,,1
237,0021500463,274,6,2,3,9:22 PM,10:56,,,Biyombo S.FOUL (P2.T1) (B.Barnaky),,,5.0,202687,Bismack Biyombo,1610612761.0,Toronto,Raptors,TOR,4,201565,Derrick Rose,1610612741.0,Chicago,Bulls,CHI,1,0,,,,,,1
238,0021500463,275,3,11,3,9:22 PM,10:56,Rose Free Throw 1 of 2 (11 PTS),,,52 - 50,-2,4.0,201565,Derrick Rose,1610612741.0,Chicago,Bulls,CHI,0,0,,,,,,0,0,,,,,,0
239,0021500463,277,3,12,3,9:22 PM,10:56,Rose Free Throw 2 of 2 (12 PTS),,,52 - 51,-1,4.0,201565,Derrick Rose,1610612741.0,Chicago,Bulls,CHI,0,0,,,,,,0,0,,,,,,0
240,0021500463,279,2,5,3,9:23 PM,10:39,,,MISS DeRozan 3' Layup,,,5.0,201942,DeMar DeRozan,1610612761.0,Toronto,Raptors,TOR,0,0,,,,,,0,0,,,,,,1
241,0021500463,280,4,0,3,9:23 PM,10:38,Gasol REBOUND (Off:1 Def:5),,,,,4.0,2200,Pau Gasol,1610612741.0,Chicago,Bulls,CHI,0,0,,,,,,0,0,,,,,,1
242,0021500463,281,2,98,3,9:23 PM,10:19,MISS Mirotic 1' Cutting Layup Shot,,,,,4.0,202703,Nikola Mirotic,1610612741.0,Chicago,Bulls,CHI,0,0,,,,,,0,0,,,,,,1
243,0021500463,282,4,0,3,9:23 PM,10:18,,,Scola REBOUND (Off:1 Def:4),,,5.0,2449,Luis Scola,1610612761.0,Toronto,Raptors,TOR,0,0,,,,,,0,0,,,,,,1
244,0021500463,283,2,1,3,9:23 PM,10:11,,,MISS Scola 13' Jump Shot,,,5.0,2449,Luis Scola,1610612761.0,Toronto,Raptors,TOR,0,0,,,,,,0,0,,,,,,1
245,0021500463,284,4,0,3,9:24 PM,10:11,Butler REBOUND (Off:1 Def:1),,,,,4.0,202710,Jimmy Butler,1610612741.0,Chicago,Bulls,CHI,0,0,,,,,,0,0,,,,,,1
246,0021500463,285,6,1,3,9:24 PM,10:11,,,Scola P.FOUL (P3.T2) (T.Washington),,,5.0,2449,Luis Scola,1610612761.0,Toronto,Raptors,TOR,4,202710,Jimmy Butler,1610612741.0,Chicago,Bulls,CHI,1,0,,,,,,1
247,0021500463,286,2,1,3,9:24 PM,9:54,MISS Mirotic 26' 3PT Jump Shot,,,,,4.0,202703,Nikola Mirotic,1610612741.0,Chicago,Bulls,CHI,0,0,,,,,,0,0,,,,,,1
248,0021500463,287,4,0,3,9:24 PM,9:53,,,DeRozan REBOUND (Off:1 Def:3),,,5.0,201942,DeMar DeRozan,1610612761.0,Toronto,Raptors,TOR,0,0,,,,,,0,0,,,,,,1
249,0021500463,288,5,1,3,9:24 PM,9:40,Butler STEAL (2 STL),,Lowry Bad Pass Turnover (P2.T5),,,5.0,200768,Kyle Lowry,1610612761.0,Toronto,Raptors,TOR,4,202710,Jimmy Butler,1610612741.0,Chicago,Bulls,CHI,0,0,,,,,,1
250,0021500463,289,2,1,3,9:25 PM,9:27,MISS Butler 24' 3PT Jump Shot,,,,,4.0,202710,Jimmy Butler,1610612741.0,Chicago,Bulls,CHI,0,0,,,,,,0,0,,,,,,1
251,0021500463,290,4,0,3,9:25 PM,9:26,,,Raptors Rebound,,,3.0,1610612761,,,,,,0,0,,,,,,0,0,,,,,,0
252,0021500463,291,6,2,3,9:25 PM,9:14,Mirotic S.FOUL (P2.T2) (T.Washington),,,,,4.0,202703,Nikola Mirotic,1610612741.0,Chicago,Bulls,CHI,5,201960,DeMarre Carroll,1610612761.0,Toronto,Raptors,TOR,1,0,,,,,,1
253,0021500463,292,3,11,3,9:25 PM,9:14,,,MISS Carroll Free Throw 1 of 2,,,5.0,201960,DeMarre Carroll,1610612761.0,Toronto,Raptors,TOR,0,0,,,,,,0,0,,,,,,0
254,0021500463,293,4,1,3,9:25 PM,9:14,,,Raptors Rebound,,,3.0,1610612761,,,,,,0,0,,,,,,0,0,,,,,,0
255,0021500463,294,3,12,3,9:25 PM,9:14,,,MISS Carroll Free Throw 2 of 2,,,5.0,201960,DeMarre Carroll,1610612761.0,Toronto,Raptors,TOR,0,0,,,,,,0,0,,,,,,0
256,0021500463,296,4,0,3,9:26 PM,9:13,Mirotic REBOUND (Off:0 Def:7),,,,,4.0,202703,Nikola Mirotic,1610612741.0,Chicago,Bulls,CHI,0,0,,,,,,0,0,,,,,,1
257,0021500463,297,2,79,3,9:26 PM,8:50,MISS Rose 15' Pullup Jump Shot,,,,,4.0,201565,Derrick Rose,1610612741.0,Chicago,Bulls,CHI,0,0,,,,,,0,0,,,,,,1
258,0021500463,298,4,0,3,9:26 PM,8:49,,,Biyombo REBOUND (Off:1 Def:8),,,5.0,202687,Bismack Biyombo,1610612761.0,Toronto,Raptors,TOR,0,0,,,,,,0,0,,,,,,1
259,0021500463,299,1,1,3,9:26 PM,8:40,,,Lowry  3PT Jump Shot (16 PTS) (Scola 1 AST),55 - 51,-4,5.0,200768,Kyle Lowry,1610612761.0,Toronto,Raptors,TOR,5,2449,Luis Scola,1610612761.0,Toronto,Raptors,TOR,0,0,,,,,,1
260,0021500463,300,6,2,3,9:26 PM,8:29,,,Scola S.FOUL (P4.T3) (T.Washington),,,5.0,2449,Luis Scola,1610612761.0,Toronto,Raptors,TOR,4,202710,Jimmy Butler,1610612741.0,Chicago,Bulls,CHI,1,0,,,,,,1
261,0021500463,301,3,11,3,9:27 PM,8:29,MISS Butler Free Throw 1 of 2,,,,,4.0,202710,Jimmy Butler,1610612741.0,Chicago,Bulls,CHI,0,0,,,,,,0,0,,,,,,0
262,0021500463,302,4,1,3,9:27 PM,8:29,BULLS Rebound,,,,,2.0,1610612741,,,,,,0,0,,,,,,0,0,,,,,,0
263,0021500463,303,8,0,3,9:27 PM,8:29,,,SUB: Patterson FOR Scola,,,5.0,2449,Luis Scola,1610612761.0,Toronto,Raptors,TOR,5,202335,Patrick Patterson,1610612761.0,Toronto,Raptors,TOR,0,0,,,,,,0
264,0021500463,304,3,12,3,9:27 PM,8:29,Butler Free Throw 2 of 2 (3 PTS),,,55 - 52,-3,4.0,202710,Jimmy Butler,1610612741.0,Chicago,Bulls,CHI,0,0,,,,,,0,0,,,,,,0
265,0021500463,306,2,1,3,9:28 PM,8:07,,,MISS DeRozan 26' 3PT Jump Shot,,,5.0,201942,DeMar DeRozan,1610612761.0,Toronto,Raptors,TOR,0,0,,,,,,0,0,,,,,,1
266,0021500463,307,4,0,3,9:28 PM,8:07,BULLS Rebound,,,,,2.0,1610612741,,,,,,0,0,,,,,,0,0,,,,,,0
267,0021500463,308,1,86,3,9:28 PM,7:49,Gasol 10' Turnaround Fadeaway (11 PTS),,,55 - 54,-1,4.0,2200,Pau Gasol,1610612741.0,Chicago,Bulls,CHI,0,0,,,,,,0,0,,,,,,1
268,0021500463,309,6,2,3,9:28 PM,7:49,,,Biyombo S.FOUL (P3.T4) (E.Roe),,,5.0,202687,Bismack Biyombo,1610612761.0,Toronto,Raptors,TOR,4,2200,Pau Gasol,1610612741.0,Chicago,Bulls,CHI,1,0,,,,,,1
269,0021500463,310,3,10,3,9:28 PM,7:49,Gasol Free Throw 1 of 1 (12 PTS),,,55 - 55,TIE,4.0,2200,Pau Gasol,1610612741.0,Chicago,Bulls,CHI,0,0,,,,,,0,0,,,,,,0
270,0021500463,312,1,1,3,9:29 PM,7:25,,,Carroll 25' 3PT Jump Shot (5 PTS) (Lowry 6 AST),58 - 55,-3,5.0,201960,DeMarre Carroll,1610612761.0,Toronto,Raptors,TOR,5,200768,Kyle Lowry,1610612761.0,Toronto,Raptors,TOR,0,0,,,,,,1
271,0021500463,313,5,1,3,9:29 PM,7:20,Rose Bad Pass Turnover (P1.T6),,DeRozan STEAL (1 STL),,,4.0,201565,Derrick Rose,1610612741.0,Chicago,Bulls,CHI,5,201942,DeMar DeRozan,1610612761.0,Toronto,Raptors,TOR,0,0,,,,,,1
272,0021500463,314,2,1,3,9:29 PM,7:15,,,MISS Carroll 26' 3PT Jump Shot,,,5.0,201960,DeMarre Carroll,1610612761.0,Toronto,Raptors,TOR,0,0,,,,,,0,0,,,,,,1
273,0021500463,316,4,0,3,9:29 PM,7:14,,,DeRozan REBOUND (Off:2 Def:3),,,5.0,201942,DeMar DeRozan,1610612761.0,Toronto,Raptors,TOR,0,0,,,,,,0,0,,,,,,1
274,0021500463,315,1,72,3,9:29 PM,7:14,,,DeRozan 3' Putback Layup (9 PTS),60 - 55,-5,5.0,201942,DeMar DeRozan,1610612761.0,Toronto,Raptors,TOR,0,0,,,,,,0,0,,,,,,1
275,0021500463,317,9,1,3,9:29 PM,7:14,BULLS Timeout: Regular (Full 3 Short 0),,,,,2.0,1610612741,,,,,,0,0,,,,,,0,0,,,,,,0
276,0021500463,321,6,1,3,9:32 PM,6:59,,,Carroll P.FOUL (P2.PN) (E.Roe),,,5.0,201960,DeMarre Carroll,1610612761.0,Toronto,Raptors,TOR,4,2200,Pau Gasol,1610612741.0,Chicago,Bulls,CHI,1,0,,,,,,1
277,0021500463,322,3,11,3,9:32 PM,6:59,Gasol Free Throw 1 of 2 (13 PTS),,,60 - 56,-4,4.0,2200,Pau Gasol,1610612741.0,Chicago,Bulls,CHI,0,0,,,,,,0,0,,,,,,0
278,0021500463,324,3,12,3,9:32 PM,6:59,Gasol Free Throw 2 of 2 (14 PTS),,,60 - 57,-3,4.0,2200,Pau Gasol,1610612741.0,Chicago,Bulls,CHI,0,0,,,,,,0,0,,,,,,0
279,0021500463,326,6,2,3,9:33 PM,6:49,Gasol S.FOUL (P1.T3) (E.Roe),,,,,4.0,2200,Pau Gasol,1610612741.0,Chicago,Bulls,CHI,5,201942,DeMar DeRozan,1610612761.0,Toronto,Raptors,TOR,1,0,,,,,,1
280,0021500463,327,3,11,3,9:33 PM,6:49,,,MISS DeRozan Free Throw 1 of 2,,,5.0,201942,DeMar DeRozan,1610612761.0,Toronto,Raptors,TOR,0,0,,,,,,0,0,,,,,,0
281,0021500463,328,4,1,3,9:33 PM,6:49,,,Raptors Rebound,,,3.0,1610612761,,,,,,0,0,,,,,,0,0,,,,,,0
282,0021500463,329,3,12,3,9:33 PM,6:49,,,DeRozan Free Throw 2 of 2 (10 PTS),61 - 57,-4,5.0,201942,DeMar DeRozan,1610612761.0,Toronto,Raptors,TOR,0,0,,,,,,0,0,,,,,,0
283,0021500463,331,5,1,3,9:34 PM,6:38,Gibson Bad Pass Turnover (P1.T7),,Carroll STEAL (1 STL),,,4.0,201959,Taj Gibson,1610612741.0,Chicago,Bulls,CHI,5,201960,DeMarre Carroll,1610612761.0,Toronto,Raptors,TOR,0,0,,,,,,1
284,0021500463,333,2,1,3,9:34 PM,6:26,,,MISS Patterson 25' 3PT Jump Shot,,,5.0,202335,Patrick Patterson,1610612761.0,Toronto,Raptors,TOR,0,0,,,,,,0,0,,,,,,1
285,0021500463,334,4,0,3,9:34 PM,6:26,BULLS Rebound,,,,,2.0,1610612741,,,,,,0,0,,,,,,0,0,,,,,,1
286,0021500463,335,6,3,3,9:34 PM,6:26,,,Biyombo L.B.FOUL (P4.PN) (B.Barnaky),,,5.0,202687,Bismack Biyombo,1610612761.0,Toronto,Raptors,TOR,4,2200,Pau Gasol,1610612741.0,Chicago,Bulls,CHI,1,0,,,,,,1
287,0021500463,336,3,11,3,9:35 PM,6:26,Gasol Free Throw 1 of 2 (15 PTS),,,61 - 58,-3,4.0,2200,Pau Gasol,1610612741.0,Chicago,Bulls,CHI,0,0,,,,,,0,0,,,,,,0
288,0021500463,338,8,0,3,9:35 PM,6:26,,,SUB: Valanciunas FOR Biyombo,,,5.0,202687,Bismack Biyombo,1610612761.0,Toronto,Raptors,TOR,5,202685,Jonas Valanciunas,1610612761.0,Toronto,Raptors,TOR,0,0,,,,,,0
289,0021500463,339,3,12,3,9:35 PM,6:26,Gasol Free Throw 2 of 2 (16 PTS),,,61 - 59,-2,4.0,2200,Pau Gasol,1610612741.0,Chicago,Bulls,CHI,0,0,,,,,,0,0,,,,,,0
290,0021500463,341,1,1,3,9:35 PM,6:10,,,Patterson 24' 3PT Jump Shot (5 PTS) (DeRozan 6 AST),64 - 59,-5,5.0,202335,Patrick Patterson,1610612761.0,Toronto,Raptors,TOR,5,201942,DeMar DeRozan,1610612761.0,Toronto,Raptors,TOR,0,0,,,,,,1
291,0021500463,342,1,1,3,9:36 PM,5:44,Rose 26' 3PT Jump Shot (15 PTS) (Butler 4 AST),,,64 - 62,-2,4.0,201565,Derrick Rose,1610612741.0,Chicago,Bulls,CHI,4,202710,Jimmy Butler,1610612741.0,Chicago,Bulls,CHI,0,0,,,,,,1
292,0021500463,343,6,2,3,9:36 PM,5:25,Gibson S.FOUL (P4.T4) (T.Washington),,,,,4.0,201959,Taj Gibson,1610612741.0,Chicago,Bulls,CHI,5,200768,Kyle Lowry,1610612761.0,Toronto,Raptors,TOR,1,0,,,,,,1
293,0021500463,344,3,11,3,9:36 PM,5:25,,,Lowry Free Throw 1 of 2 (17 PTS),65 - 62,-3,5.0,200768,Kyle Lowry,1610612761.0,Toronto,Raptors,TOR,0,0,,,,,,0,0,,,,,,0
294,0021500463,346,8,0,3,9:36 PM,5:25,,,SUB: Ross FOR Carroll,,,5.0,201960,DeMarre Carroll,1610612761.0,Toronto,Raptors,TOR,5,203082,Terrence Ross,1610612761.0,Toronto,Raptors,TOR,0,0,,,,,,0
295,0021500463,347,8,0,3,9:36 PM,5:25,SUB: Portis FOR Mirotic,,,,,4.0,202703,Nikola Mirotic,1610612741.0,Chicago,Bulls,CHI,4,1626171,Bobby Portis,1610612741.0,Chicago,Bulls,CHI,0,0,,,,,,0
296,0021500463,348,8,0,3,9:36 PM,5:25,SUB: Snell FOR Gibson,,,,,4.0,201959,Taj Gibson,1610612741.0,Chicago,Bulls,CHI,4,203503,Tony Snell,1610612741.0,Chicago,Bulls,CHI,0,0,,,,,,0
297,0021500463,349,3,12,3,9:37 PM,5:25,,,Lowry Free Throw 2 of 2 (18 PTS),66 - 62,-4,5.0,200768,Kyle Lowry,1610612761.0,Toronto,Raptors,TOR,0,0,,,,,,0,0,,,,,,0
298,0021500463,351,2,1,3,9:37 PM,5:08,MISS Gasol 20' Jump Shot,,,,,4.0,2200,Pau Gasol,1610612741.0,Chicago,Bulls,CHI,0,0,,,,,,0,0,,,,,,1
299,0021500463,352,4,0,3,9:37 PM,5:07,,,Valanciunas REBOUND (Off:1 Def:2),,,5.0,202685,Jonas Valanciunas,1610612761.0,Toronto,Raptors,TOR,0,0,,,,,,0,0,,,,,,1
300,0021500463,353,1,42,3,9:37 PM,4:53,,,Lowry 2' Driving Layup (20 PTS),68 - 62,-6,5.0,200768,Kyle Lowry,1610612761.0,Toronto,Raptors,TOR,0,0,,,,,,0,0,,,,,,1
301,0021500463,354,1,1,3,9:38 PM,4:33,Gasol 18' Jump Shot (18 PTS) (Rose 4 AST),,,68 - 64,-4,4.0,2200,Pau Gasol,1610612741.0,Chicago,Bulls,CHI,4,201565,Derrick Rose,1610612741.0,Chicago,Bulls,CHI,0,0,,,,,,1
302,0021500463,355,2,47,3,9:38 PM,4:11,,,MISS Valanciunas 10' Turnaround Jump Shot,,,5.0,202685,Jonas Valanciunas,1610612761.0,Toronto,Raptors,TOR,0,0,,,,,,0,0,,,,,,1
303,0021500463,356,4,0,3,9:38 PM,4:10,Butler REBOUND (Off:1 Def:2),,,,,4.0,202710,Jimmy Butler,1610612741.0,Chicago,Bulls,CHI,0,0,,,,,,0,0,,,,,,1
304,0021500463,357,1,42,3,9:38 PM,4:00,Rose 2' Driving Layup (17 PTS),,,68 - 66,-2,4.0,201565,Derrick Rose,1610612741.0,Chicago,Bulls,CHI,0,0,,,,,,0,0,,,,,,1
305,0021500463,358,1,78,3,9:38 PM,3:43,,,Patterson 7' Floating Jump Shot (7 PTS) (Lowry 7 AST),70 - 66,-4,5.0,202335,Patrick Patterson,1610612761.0,Toronto,Raptors,TOR,5,200768,Kyle Lowry,1610612761.0,Toronto,Raptors,TOR,0,0,,,,,,1
306,0021500463,359,2,1,3,9:39 PM,3:27,MISS Portis 15' Jump Shot,,,,,4.0,1626171,Bobby Portis,1610612741.0,Chicago,Bulls,CHI,0,0,,,,,,0,0,,,,,,1
307,0021500463,361,4,0,3,9:39 PM,3:26,Gasol REBOUND (Off:2 Def:5),,,,,4.0,2200,Pau Gasol,1610612741.0,Chicago,Bulls,CHI,0,0,,,,,,0,0,,,,,,1
308,0021500463,360,1,72,3,9:39 PM,3:26,Gasol 2' Putback Layup (20 PTS),,,70 - 68,-2,4.0,2200,Pau Gasol,1610612741.0,Chicago,Bulls,CHI,0,0,,,,,,0,0,,,,,,1
309,0021500463,362,9,1,3,9:39 PM,3:26,,,Raptors Timeout: Regular (Reg.3 Short 0),,,3.0,1610612761,,,,,,0,0,,,,,,0,0,,,,,,0
310,0021500463,366,2,1,3,9:41 PM,3:09,,,MISS Lowry 25' 3PT Jump Shot,,,5.0,200768,Kyle Lowry,1610612761.0,Toronto,Raptors,TOR,0,0,,,,,,0,0,,,,,,1
311,0021500463,367,4,0,3,9:41 PM,3:09,,,Raptors Rebound,,,3.0,1610612761,,,,,,0,0,,,,,,0,0,,,,,,0
312,0021500463,368,1,1,3,9:42 PM,3:02,,,Ross 18' Jump Shot (4 PTS) (Patterson 2 AST),72 - 68,-4,5.0,203082,Terrence Ross,1610612761.0,Toronto,Raptors,TOR,5,202335,Patrick Patterson,1610612761.0,Toronto,Raptors,TOR,0,0,,,,,,1
313,0021500463,370,1,1,3,9:42 PM,2:46,Gasol 19' Jump Shot (22 PTS) (Butler 5 AST),,,72 - 70,-2,4.0,2200,Pau Gasol,1610612741.0,Chicago,Bulls,CHI,4,202710,Jimmy Butler,1610612741.0,Chicago,Bulls,CHI,0,0,,,,,,1
314,0021500463,371,6,2,3,9:42 PM,2:31,Butler S.FOUL (P1.PN) (B.Barnaky),,,,,4.0,202710,Jimmy Butler,1610612741.0,Chicago,Bulls,CHI,5,201942,DeMar DeRozan,1610612761.0,Toronto,Raptors,TOR,1,0,,,,,,1
315,0021500463,372,3,11,3,9:43 PM,2:31,,,DeRozan Free Throw 1 of 2 (11 PTS),73 - 70,-3,5.0,201942,DeMar DeRozan,1610612761.0,Toronto,Raptors,TOR,0,0,,,,,,0,0,,,,,,0
316,0021500463,375,8,0,3,9:43 PM,2:31,,,SUB: Joseph FOR Lowry,,,5.0,200768,Kyle Lowry,1610612761.0,Toronto,Raptors,TOR,5,202709,Cory Joseph,1610612761.0,Toronto,Raptors,TOR,0,0,,,,,,0
317,0021500463,376,3,12,3,9:43 PM,2:31,,,MISS DeRozan Free Throw 2 of 2,,,5.0,201942,DeMar DeRozan,1610612761.0,Toronto,Raptors,TOR,0,0,,,,,,0,0,,,,,,0
318,0021500463,378,4,0,3,9:43 PM,2:29,Portis REBOUND (Off:1 Def:2),,,,,4.0,1626171,Bobby Portis,1610612741.0,Chicago,Bulls,CHI,0,0,,,,,,0,0,,,,,,1
319,0021500463,379,1,1,3,9:43 PM,2:08,Butler 17' Jump Shot (5 PTS),,,73 - 72,-1,4.0,202710,Jimmy Butler,1610612741.0,Chicago,Bulls,CHI,0,0,,,,,,0,0,,,,,,1
320,0021500463,380,2,1,3,9:44 PM,1:49,,,MISS Ross 19' Jump Shot,,,5.0,203082,Terrence Ross,1610612761.0,Toronto,Raptors,TOR,0,0,,,,,,0,0,,,,,,1
321,0021500463,381,4,0,3,9:44 PM,1:48,Snell REBOUND (Off:0 Def:6),,,,,4.0,203503,Tony Snell,1610612741.0,Chicago,Bulls,CHI,0,0,,,,,,0,0,,,,,,1
322,0021500463,382,2,1,3,9:44 PM,1:35,MISS Rose 18' Jump Shot,,,,,4.0,201565,Derrick Rose,1610612741.0,Chicago,Bulls,CHI,0,0,,,,,,0,0,,,,,,1
323,0021500463,383,4,0,3,9:44 PM,1:34,,,Patterson REBOUND (Off:2 Def:2),,,5.0,202335,Patrick Patterson,1610612761.0,Toronto,Raptors,TOR,0,0,,,,,,0,0,,,,,,1
324,0021500463,384,2,1,3,9:44 PM,1:16,,,MISS Ross 25' 3PT Jump Shot,,,5.0,203082,Terrence Ross,1610612761.0,Toronto,Raptors,TOR,0,0,,,,,,0,0,,,,,,1
325,0021500463,385,4,0,3,9:44 PM,1:14,Butler REBOUND (Off:1 Def:3),,,,,4.0,202710,Jimmy Butler,1610612741.0,Chicago,Bulls,CHI,0,0,,,,,,0,0,,,,,,1
326,0021500463,386,2,1,3,9:45 PM,1:00,MISS Gasol 17' Jump Shot,,,,,4.0,2200,Pau Gasol,1610612741.0,Chicago,Bulls,CHI,0,0,,,,,,0,0,,,,,,1
327,0021500463,387,4,0,3,9:45 PM,0:59,Portis REBOUND (Off:2 Def:2),,,,,4.0,1626171,Bobby Portis,1610612741.0,Chicago,Bulls,CHI,0,0,,,,,,0,0,,,,,,1
328,0021500463,388,1,1,3,9:45 PM,0:56,Snell 24' 3PT Jump Shot (6 PTS) (Portis 1 AST),,,73 - 75,2,4.0,203503,Tony Snell,1610612741.0,Chicago,Bulls,CHI,4,1626171,Bobby Portis,1610612741.0,Chicago,Bulls,CHI,0,0,,,,,,1
329,0021500463,389,5,8,3,9:45 PM,0:38,,,Valanciunas 3 Second Violation Turnover (P2.T6),,,5.0,202685,Jonas Valanciunas,1610612761.0,Toronto,Raptors,TOR,0,0,,,,,,1,0,,,,,,1
330,0021500463,390,8,0,3,9:45 PM,0:38,SUB: Brooks FOR Snell,,,,,4.0,203503,Tony Snell,1610612741.0,Chicago,Bulls,CHI,4,201166,Aaron Brooks,1610612741.0,Chicago,Bulls,CHI,0,0,,,,,,0
331,0021500463,392,1,1,3,9:46 PM,0:20,Rose 24' 3PT Jump Shot (20 PTS) (Brooks 2 AST),,,73 - 78,5,4.0,201565,Derrick Rose,1610612741.0,Chicago,Bulls,CHI,4,201166,Aaron Brooks,1610612741.0,Chicago,Bulls,CHI,0,0,,,,,,1
332,0021500463,393,2,5,3,9:46 PM,0:00,,,MISS DeRozan 1' Layup,,,5.0,201942,DeMar DeRozan,1610612761.0,Toronto,Raptors,TOR,0,0,,,,,,0,0,,,,,,1
333,0021500463,395,4,0,3,9:46 PM,0:00,,,Raptors Rebound,,,3.0,1610612761,,,,,,0,0,,,,,,0,0,,,,,,0
334,0021500463,394,13,0,3,9:46 PM,0:00,,,,73 - 78,5,0.0,0,,,,,,0,0,,,,,,0,0,,,,,,0
335,0021500463,397,12,0,4,9:49 PM,12:00,,,,73 - 78,5,0.0,0,,,,,,0,0,,,,,,0,0,,,,,,0
336,0021500463,398,5,1,4,9:49 PM,11:37,Gibson STEAL (1 STL),,Lowry Bad Pass Turnover (P3.T7),,,5.0,200768,Kyle Lowry,1610612761.0,Toronto,Raptors,TOR,4,201959,Taj Gibson,1610612741.0,Chicago,Bulls,CHI,0,0,,,,,,1
337,0021500463,399,2,50,4,9:49 PM,11:34,MISS Snell 2' Running Dunk,,,,,4.0,203503,Tony Snell,1610612741.0,Chicago,Bulls,CHI,0,0,,,,,,0,0,,,,,,1
338,0021500463,400,4,0,4,9:50 PM,11:33,,,Scola REBOUND (Off:1 Def:5),,,5.0,2449,Luis Scola,1610612761.0,Toronto,Raptors,TOR,0,0,,,,,,0,0,,,,,,1
339,0021500463,401,2,1,4,9:50 PM,11:14,,,MISS Patterson 7' Jump Shot,,,5.0,202335,Patrick Patterson,1610612761.0,Toronto,Raptors,TOR,0,0,,,,,,0,0,,,,,,1
340,0021500463,402,4,0,4,9:50 PM,11:12,,,Ross REBOUND (Off:1 Def:1),,,5.0,203082,Terrence Ross,1610612761.0,Toronto,Raptors,TOR,0,0,,,,,,0,0,,,,,,1
341,0021500463,403,2,1,4,9:50 PM,11:04,Gibson BLOCK (2 BLK),,MISS Patterson 6' Jump Shot,,,5.0,202335,Patrick Patterson,1610612761.0,Toronto,Raptors,TOR,0,0,,,,,,4,201959,Taj Gibson,1610612741.0,Chicago,Bulls,CHI,1
342,0021500463,404,4,0,4,9:50 PM,11:02,Gibson REBOUND (Off:4 Def:4),,,,,4.0,201959,Taj Gibson,1610612741.0,Chicago,Bulls,CHI,0,0,,,,,,0,0,,,,,,1
343,0021500463,405,5,45,4,9:50 PM,10:52,Brooks Out of Bounds - Bad Pass Turnover Turnover (P1.T8),,,,,4.0,201166,Aaron Brooks,1610612741.0,Chicago,Bulls,CHI,0,0,,,,,,0,0,,,,,,1
344,0021500463,407,6,2,4,9:51 PM,10:40,Brooks S.FOUL (P3.T1) (T.Washington),,,,,4.0,201166,Aaron Brooks,1610612741.0,Chicago,Bulls,CHI,5,202709,Cory Joseph,1610612761.0,Toronto,Raptors,TOR,1,0,,,,,,1
345,0021500463,408,3,11,4,9:51 PM,10:40,,,MISS Joseph Free Throw 1 of 2,,,5.0,202709,Cory Joseph,1610612761.0,Toronto,Raptors,TOR,0,0,,,,,,0,0,,,,,,0
346,0021500463,409,4,1,4,9:51 PM,10:40,,,Raptors Rebound,,,3.0,1610612761,,,,,,0,0,,,,,,0,0,,,,,,0
347,0021500463,410,3,12,4,9:51 PM,10:40,,,Joseph Free Throw 2 of 2 (3 PTS),74 - 78,4,5.0,202709,Cory Joseph,1610612761.0,Toronto,Raptors,TOR,0,0,,,,,,0,0,,,,,,0
348,0021500463,412,1,1,4,9:51 PM,10:26,Portis 17' Jump Shot (10 PTS) (Brooks 3 AST),,,74 - 80,6,4.0,1626171,Bobby Portis,1610612741.0,Chicago,Bulls,CHI,4,201166,Aaron Brooks,1610612741.0,Chicago,Bulls,CHI,0,0,,,,,,1
349,0021500463,413,2,1,4,9:52 PM,10:04,,,MISS Scola 22' Jump Shot,,,5.0,2449,Luis Scola,1610612761.0,Toronto,Raptors,TOR,0,0,,,,,,0,0,,,,,,1
350,0021500463,414,4,0,4,9:52 PM,10:03,Portis REBOUND (Off:2 Def:3),,,,,4.0,1626171,Bobby Portis,1610612741.0,Chicago,Bulls,CHI,0,0,,,,,,0,0,,,,,,1
351,0021500463,415,1,108,4,9:52 PM,9:53,Gibson  Cutting Dunk Shot (4 PTS) (Snell 1 AST),,,74 - 82,8,4.0,201959,Taj Gibson,1610612741.0,Chicago,Bulls,CHI,4,203503,Tony Snell,1610612741.0,Chicago,Bulls,CHI,0,0,,,,,,1
352,0021500463,416,9,1,4,9:52 PM,9:49,,,Raptors Timeout: Regular (Reg.4 Short 0),,,3.0,1610612761,,,,,,0,0,,,,,,0,0,,,,,,0
353,0021500463,420,2,1,4,9:55 PM,9:34,,,MISS Patterson 12' Jump Shot,,,5.0,202335,Patrick Patterson,1610612761.0,Toronto,Raptors,TOR,0,0,,,,,,0,0,,,,,,1
354,0021500463,421,4,0,4,9:55 PM,9:33,Brooks REBOUND (Off:0 Def:2),,,,,4.0,201166,Aaron Brooks,1610612741.0,Chicago,Bulls,CHI,0,0,,,,,,0,0,,,,,,1
355,0021500463,423,1,42,4,9:55 PM,9:22,Snell 3' Driving Layup (8 PTS) (Portis 2 AST),,,74 - 84,10,4.0,203503,Tony Snell,1610612741.0,Chicago,Bulls,CHI,4,1626171,Bobby Portis,1610612741.0,Chicago,Bulls,CHI,0,0,,,,,,1
356,0021500463,424,1,5,4,9:55 PM,9:05,,,Lowry 2' Layup (22 PTS),76 - 84,8,5.0,200768,Kyle Lowry,1610612761.0,Toronto,Raptors,TOR,0,0,,,,,,0,0,,,,,,1
357,0021500463,425,2,5,4,9:55 PM,8:56,MISS Snell 2' Layup,,,,,4.0,203503,Tony Snell,1610612741.0,Chicago,Bulls,CHI,0,0,,,,,,0,0,,,,,,1
358,0021500463,426,4,0,4,9:55 PM,8:55,,,Scola REBOUND (Off:1 Def:6),,,5.0,2449,Luis Scola,1610612761.0,Toronto,Raptors,TOR,0,0,,,,,,0,0,,,,,,1
359,0021500463,427,2,1,4,9:56 PM,8:44,,,MISS Ross 25' 3PT Jump Shot,,,5.0,203082,Terrence Ross,1610612761.0,Toronto,Raptors,TOR,0,0,,,,,,0,0,,,,,,1
360,0021500463,428,4,0,4,9:56 PM,8:43,Portis REBOUND (Off:2 Def:4),,,,,4.0,1626171,Bobby Portis,1610612741.0,Chicago,Bulls,CHI,0,0,,,,,,0,0,,,,,,1
361,0021500463,429,2,79,4,9:56 PM,8:31,MISS Portis 22' Pullup Jump Shot,,,,,4.0,1626171,Bobby Portis,1610612741.0,Chicago,Bulls,CHI,0,0,,,,,,0,0,,,,,,1
362,0021500463,430,4,0,4,9:56 PM,8:30,,,Lowry REBOUND (Off:0 Def:6),,,5.0,200768,Kyle Lowry,1610612761.0,Toronto,Raptors,TOR,0,0,,,,,,0,0,,,,,,1
363,0021500463,431,2,1,4,9:56 PM,8:13,,,MISS Scola 8' Jump Shot,,,5.0,2449,Luis Scola,1610612761.0,Toronto,Raptors,TOR,0,0,,,,,,0,0,,,,,,1
364,0021500463,432,4,0,4,9:56 PM,8:12,Gibson REBOUND (Off:4 Def:5),,,,,4.0,201959,Taj Gibson,1610612741.0,Chicago,Bulls,CHI,0,0,,,,,,0,0,,,,,,1
365,0021500463,433,1,1,4,9:56 PM,8:06,Snell 24' 3PT Jump Shot (11 PTS) (Hinrich 1 AST),,,76 - 87,11,4.0,203503,Tony Snell,1610612741.0,Chicago,Bulls,CHI,4,2550,Kirk Hinrich,1610612741.0,Chicago,Bulls,CHI,0,0,,,,,,1
366,0021500463,434,2,1,4,9:57 PM,7:43,,,MISS Patterson 25' 3PT Jump Shot,,,5.0,202335,Patrick Patterson,1610612761.0,Toronto,Raptors,TOR,0,0,,,,,,0,0,,,,,,1
367,0021500463,435,4,0,4,9:57 PM,7:42,Brooks REBOUND (Off:0 Def:3),,,,,4.0,201166,Aaron Brooks,1610612741.0,Chicago,Bulls,CHI,0,0,,,,,,0,0,,,,,,1
368,0021500463,436,5,4,4,9:57 PM,7:26,Portis Traveling Turnover (P1.T9),,,,,4.0,1626171,Bobby Portis,1610612741.0,Chicago,Bulls,CHI,0,0,,,,,,1,0,,,,,,1
369,0021500463,437,2,5,4,9:57 PM,7:01,,,MISS Joseph 2' Layup,,,5.0,202709,Cory Joseph,1610612761.0,Toronto,Raptors,TOR,0,0,,,,,,0,0,,,,,,1
370,0021500463,438,4,0,4,9:58 PM,7:00,Portis REBOUND (Off:2 Def:5),,,,,4.0,1626171,Bobby Portis,1610612741.0,Chicago,Bulls,CHI,0,0,,,,,,0,0,,,,,,1
371,0021500463,439,6,4,4,9:58 PM,6:56,Portis OFF.Foul (P1) (T.Washington),,,,,4.0,1626171,Bobby Portis,1610612741.0,Chicago,Bulls,CHI,5,200768,Kyle Lowry,1610612761.0,Toronto,Raptors,TOR,1,0,,,,,,1
372,0021500463,440,5,5,4,9:58 PM,6:56,Portis Foul Turnover (P2.T10),,,,,4.0,1626171,Bobby Portis,1610612741.0,Chicago,Bulls,CHI,0,0,,,,,,1,0,,,,,,1
373,0021500463,441,8,0,4,9:58 PM,6:56,,,SUB: Carroll FOR Patterson,,,5.0,202335,Patrick Patterson,1610612761.0,Toronto,Raptors,TOR,5,201960,DeMarre Carroll,1610612761.0,Toronto,Raptors,TOR,0,0,,,,,,0
374,0021500463,442,8,0,4,9:58 PM,6:56,,,SUB: DeRozan FOR Joseph,,,5.0,202709,Cory Joseph,1610612761.0,Toronto,Raptors,TOR,5,201942,DeMar DeRozan,1610612761.0,Toronto,Raptors,TOR,0,0,,,,,,0
375,0021500463,443,8,0,4,9:58 PM,6:56,SUB: Butler FOR Hinrich,,,,,4.0,2550,Kirk Hinrich,1610612741.0,Chicago,Bulls,CHI,4,202710,Jimmy Butler,1610612741.0,Chicago,Bulls,CHI,0,0,,,,,,0
376,0021500463,444,1,1,4,9:58 PM,6:51,,,Ross 17' Jump Shot (6 PTS) (Scola 2 AST),78 - 87,9,5.0,203082,Terrence Ross,1610612761.0,Toronto,Raptors,TOR,5,2449,Luis Scola,1610612761.0,Toronto,Raptors,TOR,0,0,,,,,,1
377,0021500463,445,1,5,4,9:59 PM,6:31,Portis 2' Layup (12 PTS) (Gibson 1 AST),,,78 - 89,11,4.0,1626171,Bobby Portis,1610612741.0,Chicago,Bulls,CHI,4,201959,Taj Gibson,1610612741.0,Chicago,Bulls,CHI,0,0,,,,,,1
378,0021500463,446,6,2,4,9:59 PM,6:31,,,Carroll S.FOUL (P3.T1) (T.Washington),,,5.0,201960,DeMarre Carroll,1610612761.0,Toronto,Raptors,TOR,4,1626171,Bobby Portis,1610612741.0,Chicago,Bulls,CHI,1,0,,,,,,1
379,0021500463,447,3,10,4,9:59 PM,6:31,MISS Portis Free Throw 1 of 1,,,,,4.0,1626171,Bobby Portis,1610612741.0,Chicago,Bulls,CHI,0,0,,,,,,0,0,,,,,,0
380,0021500463,449,4,0,4,9:59 PM,6:29,,,Carroll REBOUND (Off:0 Def:2),,,5.0,201960,DeMarre Carroll,1610612761.0,Toronto,Raptors,TOR,0,0,,,,,,0,0,,,,,,1
381,0021500463,450,2,5,4,9:59 PM,6:14,,,MISS DeRozan 1' Layup,,,5.0,201942,DeMar DeRozan,1610612761.0,Toronto,Raptors,TOR,0,0,,,,,,0,0,,,,,,1
382,0021500463,451,4,0,4,9:59 PM,6:13,,,DeRozan REBOUND (Off:3 Def:3),,,5.0,201942,DeMar DeRozan,1610612761.0,Toronto,Raptors,TOR,0,0,,,,,,0,0,,,,,,1
383,0021500463,452,2,5,4,10:00 PM,6:05,Butler BLOCK (1 BLK),,MISS Lowry 1' Layup,,,5.0,200768,Kyle Lowry,1610612761.0,Toronto,Raptors,TOR,0,0,,,,,,4,202710,Jimmy Butler,1610612741.0,Chicago,Bulls,CHI,1
384,0021500463,453,4,0,4,10:00 PM,6:05,BULLS Rebound,,,,,2.0,1610612741,,,,,,0,0,,,,,,0,0,,,,,,0
385,0021500463,454,1,1,4,10:00 PM,5:50,Snell 16' Jump Shot (13 PTS) (Gibson 2 AST),,,78 - 91,13,4.0,203503,Tony Snell,1610612741.0,Chicago,Bulls,CHI,4,201959,Taj Gibson,1610612741.0,Chicago,Bulls,CHI,0,0,,,,,,1
386,0021500463,455,2,1,4,10:00 PM,5:33,,,MISS DeRozan 21' Jump Shot,,,5.0,201942,DeMar DeRozan,1610612761.0,Toronto,Raptors,TOR,0,0,,,,,,0,0,,,,,,1
387,0021500463,456,4,0,4,10:00 PM,5:32,Portis REBOUND (Off:2 Def:6),,,,,4.0,1626171,Bobby Portis,1610612741.0,Chicago,Bulls,CHI,0,0,,,,,,0,0,,,,,,1
388,0021500463,457,2,1,4,10:01 PM,5:09,MISS Gibson 9' Jump Shot,,,,,4.0,201959,Taj Gibson,1610612741.0,Chicago,Bulls,CHI,0,0,,,,,,0,0,,,,,,1
389,0021500463,458,4,0,4,10:01 PM,5:08,,,Carroll REBOUND (Off:0 Def:3),,,5.0,201960,DeMarre Carroll,1610612761.0,Toronto,Raptors,TOR,0,0,,,,,,0,0,,,,,,1
390,0021500463,459,2,5,4,10:01 PM,4:59,,,MISS Lowry 2' Layup,,,5.0,200768,Kyle Lowry,1610612761.0,Toronto,Raptors,TOR,0,0,,,,,,0,0,,,,,,1
391,0021500463,461,4,0,4,10:01 PM,4:58,,,Scola REBOUND (Off:2 Def:6),,,5.0,2449,Luis Scola,1610612761.0,Toronto,Raptors,TOR,0,0,,,,,,0,0,,,,,,1
392,0021500463,460,2,97,4,10:01 PM,4:58,,,MISS Scola 1' Tip Layup Shot,,,5.0,2449,Luis Scola,1610612761.0,Toronto,Raptors,TOR,0,0,,,,,,0,0,,,,,,1
393,0021500463,462,4,0,4,10:01 PM,4:56,Portis REBOUND (Off:2 Def:7),,,,,4.0,1626171,Bobby Portis,1610612741.0,Chicago,Bulls,CHI,0,0,,,,,,0,0,,,,,,1
394,0021500463,463,2,5,4,10:01 PM,4:37,MISS Snell 1' Layup,,,,,4.0,203503,Tony Snell,1610612741.0,Chicago,Bulls,CHI,0,0,,,,,,0,0,,,,,,1
395,0021500463,465,4,0,4,10:01 PM,4:34,Gibson REBOUND (Off:5 Def:5),,,,,4.0,201959,Taj Gibson,1610612741.0,Chicago,Bulls,CHI,0,0,,,,,,0,0,,,,,,1
396,0021500463,464,2,72,4,10:01 PM,4:34,MISS Gibson 2' Putback Layup,,,,,4.0,201959,Taj Gibson,1610612741.0,Chicago,Bulls,CHI,0,0,,,,,,0,0,,,,,,1
397,0021500463,466,4,0,4,10:01 PM,4:33,,,DeRozan REBOUND (Off:3 Def:4),,,5.0,201942,DeMar DeRozan,1610612761.0,Toronto,Raptors,TOR,0,0,,,,,,0,0,,,,,,1
398,0021500463,468,6,2,4,10:02 PM,4:29,Butler S.FOUL (P2.T2) (T.Washington),,,,,4.0,202710,Jimmy Butler,1610612741.0,Chicago,Bulls,CHI,5,201942,DeMar DeRozan,1610612761.0,Toronto,Raptors,TOR,1,0,,,,,,1
399,0021500463,469,9,1,4,10:02 PM,4:29,,,,,,1.0,0,,,,,,0,0,,,,,,0,0,,,,,,0
400,0021500463,471,8,0,4,10:04 PM,4:29,,,SUB: Valanciunas FOR Scola,,,5.0,2449,Luis Scola,1610612761.0,Toronto,Raptors,TOR,5,202685,Jonas Valanciunas,1610612761.0,Toronto,Raptors,TOR,0,0,,,,,,0
401,0021500463,472,3,11,4,10:04 PM,4:29,,,DeRozan Free Throw 1 of 2 (12 PTS),79 - 91,12,5.0,201942,DeMar DeRozan,1610612761.0,Toronto,Raptors,TOR,0,0,,,,,,0,0,,,,,,0
402,0021500463,474,3,12,4,10:04 PM,4:29,,,DeRozan Free Throw 2 of 2 (13 PTS),80 - 91,11,5.0,201942,DeMar DeRozan,1610612761.0,Toronto,Raptors,TOR,0,0,,,,,,0,0,,,,,,0
403,0021500463,476,1,99,4,10:05 PM,4:07,Snell 2' Cutting Finger Roll Layup Shot (15 PTS) (Brooks 4 AST),,,80 - 93,13,4.0,203503,Tony Snell,1610612741.0,Chicago,Bulls,CHI,4,201166,Aaron Brooks,1610612741.0,Chicago,Bulls,CHI,0,0,,,,,,1
404,0021500463,477,1,5,4,10:05 PM,3:50,,,DeRozan 2' Layup (15 PTS) (Valanciunas 1 AST),82 - 93,11,5.0,201942,DeMar DeRozan,1610612761.0,Toronto,Raptors,TOR,5,202685,Jonas Valanciunas,1610612761.0,Toronto,Raptors,TOR,0,0,,,,,,1
405,0021500463,478,1,1,4,10:06 PM,3:32,Brooks 27' 3PT Jump Shot (16 PTS),,,82 - 96,14,4.0,201166,Aaron Brooks,1610612741.0,Chicago,Bulls,CHI,0,0,,,,,,0,0,,,,,,1
406,0021500463,479,1,5,4,10:06 PM,3:15,,,DeRozan 2' Layup (17 PTS),84 - 96,12,5.0,201942,DeMar DeRozan,1610612761.0,Toronto,Raptors,TOR,0,0,,,,,,0,0,,,,,,1
407,0021500463,480,2,1,4,10:06 PM,2:56,MISS Brooks 7' Jump Shot,,,,,4.0,201166,Aaron Brooks,1610612741.0,Chicago,Bulls,CHI,0,0,,,,,,0,0,,,,,,1
408,0021500463,481,4,0,4,10:06 PM,2:55,,,Valanciunas REBOUND (Off:1 Def:3),,,5.0,202685,Jonas Valanciunas,1610612761.0,Toronto,Raptors,TOR,0,0,,,,,,0,0,,,,,,1
409,0021500463,482,1,1,4,10:06 PM,2:46,,,Carroll 24' 3PT Jump Shot (8 PTS) (Lowry 8 AST),87 - 96,9,5.0,201960,DeMarre Carroll,1610612761.0,Toronto,Raptors,TOR,5,200768,Kyle Lowry,1610612761.0,Toronto,Raptors,TOR,0,0,,,,,,1
410,0021500463,483,1,1,4,10:07 PM,2:24,Snell 26' 3PT Jump Shot (18 PTS) (Brooks 5 AST),,,87 - 99,12,4.0,203503,Tony Snell,1610612741.0,Chicago,Bulls,CHI,4,201166,Aaron Brooks,1610612741.0,Chicago,Bulls,CHI,0,0,,,,,,1
411,0021500463,484,2,1,4,10:07 PM,2:03,,,MISS Carroll 26' 3PT Jump Shot,,,5.0,201960,DeMarre Carroll,1610612761.0,Toronto,Raptors,TOR,0,0,,,,,,0,0,,,,,,1
412,0021500463,485,4,0,4,10:07 PM,2:02,Snell REBOUND (Off:0 Def:7),,,,,4.0,203503,Tony Snell,1610612741.0,Chicago,Bulls,CHI,0,0,,,,,,0,0,,,,,,1
413,0021500463,486,2,1,4,10:07 PM,1:44,MISS Brooks 9' Jump Shot,,Valanciunas BLOCK (2 BLK),,,4.0,201166,Aaron Brooks,1610612741.0,Chicago,Bulls,CHI,0,0,,,,,,5,202685,Jonas Valanciunas,1610612761.0,Toronto,Raptors,TOR,1
414,0021500463,487,4,0,4,10:07 PM,1:42,Gibson REBOUND (Off:6 Def:5),,,,,4.0,201959,Taj Gibson,1610612741.0,Chicago,Bulls,CHI,0,0,,,,,,0,0,,,,,,1
415,0021500463,488,2,1,4,10:07 PM,1:38,MISS Gibson 20' Jump Shot,,,,,4.0,201959,Taj Gibson,1610612741.0,Chicago,Bulls,CHI,0,0,,,,,,0,0,,,,,,1
416,0021500463,489,4,0,4,10:07 PM,1:37,,,DeRozan REBOUND (Off:3 Def:5),,,5.0,201942,DeMar DeRozan,1610612761.0,Toronto,Raptors,TOR,0,0,,,,,,0,0,,,,,,1
417,0021500463,490,1,1,4,10:08 PM,1:32,,,Lowry 25' 3PT Jump Shot (25 PTS) (DeRozan 7 AST),90 - 99,9,5.0,200768,Kyle Lowry,1610612761.0,Toronto,Raptors,TOR,5,201942,DeMar DeRozan,1610612761.0,Toronto,Raptors,TOR,0,0,,,,,,1
418,0021500463,491,9,1,4,10:08 PM,1:25,BULLS Timeout: Regular (Full 4 Short 0),,,,,2.0,1610612741,,,,,,0,0,,,,,,0,0,,,,,,0
419,0021500463,495,8,0,4,10:10 PM,1:25,SUB: Gasol FOR Portis,,,,,4.0,1626171,Bobby Portis,1610612741.0,Chicago,Bulls,CHI,4,2200,Pau Gasol,1610612741.0,Chicago,Bulls,CHI,0,0,,,,,,0
420,0021500463,496,1,1,4,10:10 PM,1:12,Snell 18' Jump Shot (20 PTS),,,90 - 101,11,4.0,203503,Tony Snell,1610612741.0,Chicago,Bulls,CHI,0,0,,,,,,0,0,,,,,,1
421,0021500463,497,9,1,4,10:11 PM,1:12,,,Raptors Timeout: Regular (Reg.5 Short 0),,,3.0,1610612761,,,,,,0,0,,,,,,0,0,,,,,,0
422,0021500463,500,2,5,4,10:13 PM,1:08,Butler BLOCK (2 BLK),,MISS Carroll 2' Layup,,,5.0,201960,DeMarre Carroll,1610612761.0,Toronto,Raptors,TOR,0,0,,,,,,4,202710,Jimmy Butler,1610612741.0,Chicago,Bulls,CHI,1
423,0021500463,501,4,0,4,10:13 PM,1:07,,,Carroll REBOUND (Off:1 Def:3),,,5.0,201960,DeMarre Carroll,1610612761.0,Toronto,Raptors,TOR,0,0,,,,,,0,0,,,,,,1
424,0021500463,502,6,2,4,10:13 PM,1:03,Gasol S.FOUL (P2.T3) (B.Barnaky),,,,,4.0,2200,Pau Gasol,1610612741.0,Chicago,Bulls,CHI,5,200768,Kyle Lowry,1610612761.0,Toronto,Raptors,TOR,1,0,,,,,,1
425,0021500463,503,3,11,4,10:13 PM,1:03,,,MISS Lowry Free Throw 1 of 2,,,5.0,200768,Kyle Lowry,1610612761.0,Toronto,Raptors,TOR,0,0,,,,,,0,0,,,,,,0
426,0021500463,504,4,1,4,10:13 PM,1:03,,,Raptors Rebound,,,3.0,1610612761,,,,,,0,0,,,,,,0,0,,,,,,0
427,0021500463,505,8,0,4,10:13 PM,1:03,,,SUB: Patterson FOR Valanciunas,,,5.0,202685,Jonas Valanciunas,1610612761.0,Toronto,Raptors,TOR,5,202335,Patrick Patterson,1610612761.0,Toronto,Raptors,TOR,0,0,,,,,,0
428,0021500463,506,8,0,4,10:13 PM,1:03,SUB: Rose FOR Gibson,,,,,4.0,201959,Taj Gibson,1610612741.0,Chicago,Bulls,CHI,4,201565,Derrick Rose,1610612741.0,Chicago,Bulls,CHI,0,0,,,,,,0
429,0021500463,507,3,12,4,10:13 PM,1:03,,,Lowry Free Throw 2 of 2 (26 PTS),91 - 101,10,5.0,200768,Kyle Lowry,1610612761.0,Toronto,Raptors,TOR,0,0,,,,,,0,0,,,,,,0
430,0021500463,509,2,1,4,10:14 PM,0:39,MISS Rose 26' 3PT Jump Shot,,,,,4.0,201565,Derrick Rose,1610612741.0,Chicago,Bulls,CHI,0,0,,,,,,0,0,,,,,,1
431,0021500463,510,4,0,4,10:14 PM,0:39,BULLS Rebound,,,,,2.0,1610612741,,,,,,0,0,,,,,,0,0,,,,,,0
432,0021500463,511,5,11,4,10:14 PM,0:39,BULLS Turnover: Shot Clock (T#11),,,,,2.0,1610612741,,,,,,0,0,,,,,,1,0,,,,,,0
433,0021500463,513,9,2,4,10:14 PM,0:39,,,Raptors Timeout: Short (Reg.5 Short 1),,,3.0,1610612761,,,,,,0,0,,,,,,0,0,,,,,,0
434,0021500463,515,1,42,4,10:16 PM,0:33,,,DeRozan 2' Driving Layup (19 PTS) (Lowry 9 AST),93 - 101,8,5.0,201942,DeMar DeRozan,1610612761.0,Toronto,Raptors,TOR,5,200768,Kyle Lowry,1610612761.0,Toronto,Raptors,TOR,0,0,,,,,,1
435,0021500463,516,9,2,4,10:16 PM,0:33,BULLS Timeout: Short (Full 4 Short 1),,,,,2.0,1610612741,,,,,,0,0,,,,,,0,0,,,,,,0
436,0021500463,518,6,1,4,10:17 PM,0:27,,,DeRozan P.FOUL (P1.T2) (T.Washington),,,5.0,201942,DeMar DeRozan,1610612761.0,Toronto,Raptors,TOR,4,201166,Aaron Brooks,1610612741.0,Chicago,Bulls,CHI,1,0,,,,,,1
437,0021500463,519,6,1,4,10:18 PM,0:26,,,Carroll P.FOUL (P4.PN) (B.Barnaky),,,5.0,201960,DeMarre Carroll,1610612761.0,Toronto,Raptors,TOR,4,201166,Aaron Brooks,1610612741.0,Chicago,Bulls,CHI,1,0,,,,,,1
438,0021500463,520,3,11,4,10:18 PM,0:26,MISS Brooks Free Throw 1 of 2,,,,,4.0,201166,Aaron Brooks,1610612741.0,Chicago,Bulls,CHI,0,0,,,,,,0,0,,,,,,1
439,0021500463,521,4,1,4,10:18 PM,0:26,BULLS Rebound,,,,,2.0,1610612741,,,,,,0,0,,,,,,0,0,,,,,,0
440,0021500463,522,3,12,4,10:18 PM,0:26,Brooks Free Throw 2 of 2 (17 PTS),,,93 - 102,9,4.0,201166,Aaron Brooks,1610612741.0,Chicago,Bulls,CHI,0,0,,,,,,0,0,,,,,,1
441,0021500463,524,1,5,4,10:18 PM,0:16,,,Lowry 2' Layup (28 PTS),95 - 102,7,5.0,200768,Kyle Lowry,1610612761.0,Toronto,Raptors,TOR,0,0,,,,,,0,0,,,,,,1
442,0021500463,525,6,1,4,10:19 PM,0:12,,,Ross P.FOUL (P2.PN) (B.Barnaky),,,5.0,203082,Terrence Ross,1610612761.0,Toronto,Raptors,TOR,4,203503,Tony Snell,1610612741.0,Chicago,Bulls,CHI,1,0,,,,,,1
443,0021500463,526,3,11,4,10:19 PM,0:12,Snell Free Throw 1 of 2 (21 PTS),,,95 - 103,8,4.0,203503,Tony Snell,1610612741.0,Chicago,Bulls,CHI,0,0,,,,,,0,0,,,,,,1
444,0021500463,528,8,0,4,10:19 PM,0:12,SUB: Gibson FOR Gasol,,,,,4.0,2200,Pau Gasol,1610612741.0,Chicago,Bulls,CHI,4,201959,Taj Gibson,1610612741.0,Chicago,Bulls,CHI,0,0,,,,,,0
445,0021500463,529,3,12,4,10:19 PM,0:12,Snell Free Throw 2 of 2 (22 PTS),,,95 - 104,9,4.0,203503,Tony Snell,1610612741.0,Chicago,Bulls,CHI,0,0,,,,,,0,0,,,,,,1
446,0021500463,531,9,2,4,10:20 PM,0:12,,,Raptors Timeout: Short (Reg.5 Short 2),,,3.0,1610612761,,,,,,0,0,,,,,,0,0,,,,,,0
447,0021500463,535,1,5,4,10:21 PM,0:05,,,Carroll 2' Layup (10 PTS) (DeRozan 8 AST),97 - 104,7,5.0,201960,DeMarre Carroll,1610612761.0,Toronto,Raptors,TOR,5,201942,DeMar DeRozan,1610612761.0,Toronto,Raptors,TOR,0,0,,,,,,1
448,0021500463,537,13,0,4,10:22 PM,0:00,,,,97 - 104,7,0.0,0,,,,,,0,0,,,,,,0,0,,,,,,0
