,GAME_ID,EVENTNUM,EVENTMSGTYPE,EVENTMSGACTIONTYPE,PERIOD,WCTIMESTRING,PCTIMESTRING,HOMEDESCRIPTION,NEUTRALDESCRIPTION,VISITORDESCRIPTION,SCORE,SCOREMARGIN,PERSON1TYPE,PLAYER1_ID,PLAYER1_NAME,PLAYER1_TEAM_ID,PLAYER1_TEAM_CITY,PLAYER1_TEAM_NICKNAME,PLAYER1_TEAM_ABBREVIATION,PERSON2TYPE,PLAYER2_ID,PLAYER2_NAME,PLAYER2_TEAM_ID,PLAYER2_TEAM_CITY,PLAYER2_TEAM_NICKNAME,PLAYER2_TEAM_ABBREVIATION,PERSON3TYPE,PLAYER3_ID,PLAYER3_NAME,PLAYER3_TEAM_ID,PLAYER3_TEAM_CITY,PLAYER3_TEAM_NICKNAME,PLAYER3_TEAM_ABBREVIATION,VIDEO_AVAILABLE_FLAG
0,0021601139,0,12,0,1,6:12 PM,12:00,,,,,,0.0,0,,,,,,0,0,,,,,,0,0,,,,,,0
1,0021601139,1,10,0,1,6:12 PM,12:00,Jump Ball Lopez vs. Vucevic: Tip to LeVert,,,,,4.0,201572,Brook Lopez,1610612751.0,Brooklyn,Nets,BKN,5,202696,Nikola Vucevic,1610612753.0,Orlando,Magic,ORL,4,1627747,Caris LeVert,1610612751.0,Brooklyn,Nets,BKN,1
2,0021601139,2,1,7,1,6:12 PM,11:47,Lopez  Dunk (2 PTS) (Lin 1 AST),,,0 - 2,2,4.0,201572,Brook Lopez,1610612751.0,Brooklyn,Nets,BKN,4,202391,Jeremy Lin,1610612751.0,Brooklyn,Nets,BKN,0,0,,,,,,1
3,0021601139,3,2,1,1,6:12 PM,11:30,,,MISS Gordon 15' Jump Shot,,,5.0,203932,Aaron Gordon,1610612753.0,Orlando,Magic,ORL,0,0,,,,,,0,0,,,,,,1
4,0021601139,4,4,0,1,6:12 PM,11:29,LeVert REBOUND (Off:0 Def:1),,,,,4.0,1627747,Caris LeVert,1610612751.0,Brooklyn,Nets,BKN,0,0,,,,,,0,0,,,,,,1
5,0021601139,5,2,1,1,6:12 PM,11:16,MISS Foye 24' 3PT Jump Shot,,,,,4.0,200751,Randy Foye,1610612751.0,Brooklyn,Nets,BKN,0,0,,,,,,0,0,,,,,,1
6,0021601139,6,4,0,1,6:12 PM,11:15,,,Payton REBOUND (Off:0 Def:1),,,5.0,203901,Elfrid Payton,1610612753.0,Orlando,Magic,ORL,0,0,,,,,,0,0,,,,,,1
7,0021601139,7,1,1,1,6:13 PM,11:05,,,Vucevic 17' Jump Shot (2 PTS) (Payton 1 AST),2 - 2,TIE,5.0,202696,Nikola Vucevic,1610612753.0,Orlando,Magic,ORL,5,203901,Elfrid Payton,1610612753.0,Orlando,Magic,ORL,0,0,,,,,,1
8,0021601139,8,2,58,1,6:13 PM,10:54,MISS Lopez 13' Turnaround Hook Shot,,,,,4.0,201572,Brook Lopez,1610612751.0,Brooklyn,Nets,BKN,0,0,,,,,,0,0,,,,,,1
9,0021601139,9,4,0,1,6:13 PM,10:53,,,Gordon REBOUND (Off:0 Def:1),,,5.0,203932,Aaron Gordon,1610612753.0,Orlando,Magic,ORL,0,0,,,,,,0,0,,,,,,1
10,0021601139,10,5,45,1,6:13 PM,10:46,,,Vucevic Out of Bounds - Bad Pass Turnover Turnover (P1.T1),,,5.0,202696,Nikola Vucevic,1610612753.0,Orlando,Magic,ORL,0,0,,,,,,1,0,,,,,,1
11,0021601139,11,2,1,1,6:13 PM,10:30,MISS LeVert 18' Jump Shot,,,,,4.0,1627747,Caris LeVert,1610612751.0,Brooklyn,Nets,BKN,0,0,,,,,,0,0,,,,,,1
12,0021601139,12,4,0,1,6:13 PM,10:29,,,Gordon REBOUND (Off:0 Def:2),,,5.0,203932,Aaron Gordon,1610612753.0,Orlando,Magic,ORL,0,0,,,,,,0,0,,,,,,1
13,0021601139,13,1,75,1,6:13 PM,10:24,,,Gordon 2' Driving Finger Roll Layup (2 PTS),4 - 2,-2,5.0,203932,Aaron Gordon,1610612753.0,Orlando,Magic,ORL,0,0,,,,,,0,0,,,,,,1
14,0021601139,14,2,1,1,6:14 PM,10:12,MISS Lopez 27' 3PT Jump Shot,,,,,4.0,201572,Brook Lopez,1610612751.0,Brooklyn,Nets,BKN,0,0,,,,,,0,0,,,,,,1
15,0021601139,15,4,0,1,6:14 PM,10:11,,,Gordon REBOUND (Off:0 Def:3),,,5.0,203932,Aaron Gordon,1610612753.0,Orlando,Magic,ORL,0,0,,,,,,0,0,,,,,,1
16,0021601139,16,2,73,1,6:14 PM,10:02,,,MISS Payton 2' Driving Reverse Layup,,,5.0,203901,Elfrid Payton,1610612753.0,Orlando,Magic,ORL,0,0,,,,,,0,0,,,,,,1
17,0021601139,17,4,0,1,6:14 PM,10:01,Lopez REBOUND (Off:0 Def:1),,,,,4.0,201572,Brook Lopez,1610612751.0,Brooklyn,Nets,BKN,0,0,,,,,,0,0,,,,,,1
18,0021601139,18,2,1,1,6:14 PM,9:56,MISS Lin 25' 3PT Jump Shot,,,,,4.0,202391,Jeremy Lin,1610612751.0,Brooklyn,Nets,BKN,0,0,,,,,,0,0,,,,,,1
19,0021601139,19,4,0,1,6:14 PM,9:53,,,Payton REBOUND (Off:0 Def:2),,,5.0,203901,Elfrid Payton,1610612753.0,Orlando,Magic,ORL,0,0,,,,,,0,0,,,,,,1
20,0021601139,20,1,1,1,6:14 PM,9:42,,,Gordon 25' 3PT Jump Shot (5 PTS) (Ross 1 AST),7 - 2,-5,5.0,203932,Aaron Gordon,1610612753.0,Orlando,Magic,ORL,5,203082,Terrence Ross,1610612753.0,Orlando,Magic,ORL,0,0,,,,,,1
21,0021601139,21,2,3,1,6:14 PM,9:32,MISS Lopez 8' Hook Shot,,,,,4.0,201572,Brook Lopez,1610612751.0,Brooklyn,Nets,BKN,0,0,,,,,,0,0,,,,,,1
22,0021601139,22,4,0,1,6:14 PM,9:31,,,Fournier REBOUND (Off:0 Def:1),,,5.0,203095,Evan Fournier,1610612753.0,Orlando,Magic,ORL,0,0,,,,,,0,0,,,,,,1
23,0021601139,23,6,17,1,6:15 PM,9:25,NETS T.Foul (Def. 3 Sec Lopez ) (E.Lewis),,,,,4.0,201572,Brook Lopez,1610612751.0,Brooklyn,Nets,BKN,0,0,,,,,,1,0,,,,,,1
24,0021601139,24,3,16,1,6:15 PM,9:25,,,MISS Fournier Free Throw Technical,,,5.0,203095,Evan Fournier,1610612753.0,Orlando,Magic,ORL,0,0,,,,,,0,0,,,,,,0
25,0021601139,25,4,1,1,6:15 PM,9:25,,,Magic Rebound,,,3.0,1610612753,,,,,,0,0,,,,,,0,0,,,,,,0
26,0021601139,26,2,1,1,6:15 PM,9:19,,,MISS Ross 5' Jump Shot,,,5.0,203082,Terrence Ross,1610612753.0,Orlando,Magic,ORL,0,0,,,,,,0,0,,,,,,1
27,0021601139,27,4,0,1,6:15 PM,9:18,,,Payton REBOUND (Off:1 Def:2),,,5.0,203901,Elfrid Payton,1610612753.0,Orlando,Magic,ORL,0,0,,,,,,0,0,,,,,,1
28,0021601139,29,6,2,1,6:16 PM,9:09,Hollis-Jefferson S.FOUL (P1.T1) (E.Lewis),,,,,4.0,1626178,Rondae Hollis-Jefferson,1610612751.0,Brooklyn,Nets,BKN,5,203901,Elfrid Payton,1610612753.0,Orlando,Magic,ORL,1,0,,,,,,1
29,0021601139,30,3,11,1,6:16 PM,9:09,,,Payton Free Throw 1 of 2 (1 PTS),8 - 2,-6,5.0,203901,Elfrid Payton,1610612753.0,Orlando,Magic,ORL,0,0,,,,,,0,0,,,,,,0
30,0021601139,32,3,12,1,6:16 PM,9:09,,,Payton Free Throw 2 of 2 (2 PTS),9 - 2,-7,5.0,203901,Elfrid Payton,1610612753.0,Orlando,Magic,ORL,0,0,,,,,,0,0,,,,,,0
31,0021601139,34,6,17,1,6:16 PM,9:03,,,Magic T.Foul (Def. 3 Sec Gordon ) (J.Williams),,,5.0,203932,Aaron Gordon,1610612753.0,Orlando,Magic,ORL,0,0,,,,,,1,0,,,,,,1
32,0021601139,35,3,16,1,6:16 PM,9:03,Lopez Free Throw Technical (3 PTS),,,9 - 3,-6,4.0,201572,Brook Lopez,1610612751.0,Brooklyn,Nets,BKN,0,0,,,,,,0,0,,,,,,0
33,0021601139,37,2,1,1,6:17 PM,8:57,MISS Lopez 8' Jump Shot,,,,,4.0,201572,Brook Lopez,1610612751.0,Brooklyn,Nets,BKN,0,0,,,,,,0,0,,,,,,1
34,0021601139,38,4,0,1,6:17 PM,8:56,,,Ross REBOUND (Off:0 Def:1),,,5.0,203082,Terrence Ross,1610612753.0,Orlando,Magic,ORL,0,0,,,,,,0,0,,,,,,1
35,0021601139,39,1,1,1,6:17 PM,8:46,,,Vucevic 21' Jump Shot (4 PTS),11 - 3,-8,5.0,202696,Nikola Vucevic,1610612753.0,Orlando,Magic,ORL,0,0,,,,,,0,0,,,,,,1
36,0021601139,40,6,2,1,6:17 PM,8:35,,,Vucevic S.FOUL (P1.T1) (J.Williams),,,5.0,202696,Nikola Vucevic,1610612753.0,Orlando,Magic,ORL,4,201572,Brook Lopez,1610612751.0,Brooklyn,Nets,BKN,1,0,,,,,,1
37,0021601139,41,3,11,1,6:18 PM,8:35,Lopez Free Throw 1 of 2 (4 PTS),,,11 - 4,-7,4.0,201572,Brook Lopez,1610612751.0,Brooklyn,Nets,BKN,0,0,,,,,,0,0,,,,,,0
38,0021601139,43,3,12,1,6:18 PM,8:35,Lopez Free Throw 2 of 2 (5 PTS),,,11 - 5,-6,4.0,201572,Brook Lopez,1610612751.0,Brooklyn,Nets,BKN,0,0,,,,,,0,0,,,,,,0
39,0021601139,45,1,63,1,6:18 PM,8:18,,,Vucevic 15' Fadeaway Jumper (6 PTS) (Payton 2 AST),13 - 5,-8,5.0,202696,Nikola Vucevic,1610612753.0,Orlando,Magic,ORL,5,203901,Elfrid Payton,1610612753.0,Orlando,Magic,ORL,0,0,,,,,,1
40,0021601139,46,5,1,1,6:19 PM,8:04,Lopez Bad Pass Turnover (P1.T1),,Payton STEAL (1 STL),,,4.0,201572,Brook Lopez,1610612751.0,Brooklyn,Nets,BKN,5,203901,Elfrid Payton,1610612753.0,Orlando,Magic,ORL,0,0,,,,,,1
41,0021601139,47,1,106,1,6:19 PM,7:59,,,Gordon  Running Alley Oop Dunk Shot (7 PTS) (Payton 3 AST),15 - 5,-10,5.0,203932,Aaron Gordon,1610612753.0,Orlando,Magic,ORL,5,203901,Elfrid Payton,1610612753.0,Orlando,Magic,ORL,0,0,,,,,,1
42,0021601139,48,9,1,1,6:19 PM,7:59,NETS Timeout: Regular (Full 1 Short 0),,,,,2.0,1610612751,,,,,,0,0,,,,,,0,0,,,,,,0
43,0021601139,49,18,1,1,6:19 PM,7:59,,,,,,,39,,,,,,0,0,,,,,,1,0,,,,,,0
44,0021601139,51,1,1,1,6:21 PM,7:46,LeVert 26' 3PT Jump Shot (3 PTS) (Lopez 1 AST),,,15 - 8,-7,4.0,1627747,Caris LeVert,1610612751.0,Brooklyn,Nets,BKN,4,201572,Brook Lopez,1610612751.0,Brooklyn,Nets,BKN,0,0,,,,,,1
45,0021601139,52,5,1,1,6:22 PM,7:34,Foye STEAL (1 STL),,Vucevic Bad Pass Turnover (P2.T2),,,5.0,202696,Nikola Vucevic,1610612753.0,Orlando,Magic,ORL,4,200751,Randy Foye,1610612751.0,Brooklyn,Nets,BKN,0,0,,,,,,1
46,0021601139,53,1,1,1,6:22 PM,7:28,Lopez 25' 3PT Jump Shot (8 PTS) (Lin 2 AST),,,15 - 11,-4,4.0,201572,Brook Lopez,1610612751.0,Brooklyn,Nets,BKN,4,202391,Jeremy Lin,1610612751.0,Brooklyn,Nets,BKN,0,0,,,,,,1
47,0021601139,54,1,1,1,6:22 PM,7:17,,,Payton 6' Jump Shot (4 PTS),17 - 11,-6,5.0,203901,Elfrid Payton,1610612753.0,Orlando,Magic,ORL,0,0,,,,,,0,0,,,,,,1
48,0021601139,55,1,108,1,6:22 PM,7:06,Hollis-Jefferson  Cutting Dunk Shot (2 PTS) (Lin 3 AST),,,17 - 13,-4,4.0,1626178,Rondae Hollis-Jefferson,1610612751.0,Brooklyn,Nets,BKN,4,202391,Jeremy Lin,1610612751.0,Brooklyn,Nets,BKN,0,0,,,,,,1
49,0021601139,56,9,1,1,6:22 PM,7:05,,,Magic Timeout: Regular (Reg.1 Short 0),,,3.0,1610612753,,,,,,0,0,,,,,,0,0,,,,,,0
50,0021601139,57,8,0,1,6:24 PM,7:05,SUB: Whitehead FOR LeVert,,,,,4.0,1627747,Caris LeVert,1610612751.0,Brooklyn,Nets,BKN,4,1627785,Isaiah Whitehead,1610612751.0,Brooklyn,Nets,BKN,0,0,,,,,,0
51,0021601139,58,2,42,1,6:25 PM,6:52,Lopez BLOCK (1 BLK),,MISS Fournier 3' Driving Layup,,,5.0,203095,Evan Fournier,1610612753.0,Orlando,Magic,ORL,0,0,,,,,,4,201572,Brook Lopez,1610612751.0,Brooklyn,Nets,BKN,1
52,0021601139,59,4,0,1,6:25 PM,6:51,Foye REBOUND (Off:0 Def:1),,,,,4.0,200751,Randy Foye,1610612751.0,Brooklyn,Nets,BKN,0,0,,,,,,0,0,,,,,,1
53,0021601139,60,2,78,1,6:25 PM,6:45,MISS Lin 9' Floating Jump Shot,,,,,4.0,202391,Jeremy Lin,1610612751.0,Brooklyn,Nets,BKN,0,0,,,,,,0,0,,,,,,1
54,0021601139,61,4,0,1,6:25 PM,6:43,,,Vucevic REBOUND (Off:0 Def:1),,,5.0,202696,Nikola Vucevic,1610612753.0,Orlando,Magic,ORL,0,0,,,,,,0,0,,,,,,1
55,0021601139,62,1,66,1,6:25 PM,6:32,,,Vucevic 8' Jump Bank Shot (8 PTS) (Fournier 1 AST),19 - 13,-6,5.0,202696,Nikola Vucevic,1610612753.0,Orlando,Magic,ORL,5,203095,Evan Fournier,1610612753.0,Orlando,Magic,ORL,0,0,,,,,,1
56,0021601139,63,2,42,1,6:25 PM,6:23,MISS Lin 1' Driving Layup,,,,,4.0,202391,Jeremy Lin,1610612751.0,Brooklyn,Nets,BKN,0,0,,,,,,0,0,,,,,,1
57,0021601139,64,4,0,1,6:25 PM,6:22,,,Vucevic REBOUND (Off:0 Def:2),,,5.0,202696,Nikola Vucevic,1610612753.0,Orlando,Magic,ORL,0,0,,,,,,0,0,,,,,,1
58,0021601139,65,2,1,1,6:25 PM,6:16,,,MISS Gordon 24' 3PT Jump Shot,,,5.0,203932,Aaron Gordon,1610612753.0,Orlando,Magic,ORL,0,0,,,,,,0,0,,,,,,1
59,0021601139,66,4,0,1,6:25 PM,6:14,NETS Rebound,,,,,2.0,1610612751,,,,,,0,0,,,,,,0,0,,,,,,0
60,0021601139,67,6,3,1,6:26 PM,6:14,,,Vucevic L.B.FOUL (P2.T2) (J.Williams),,,5.0,202696,Nikola Vucevic,1610612753.0,Orlando,Magic,ORL,4,1627785,Isaiah Whitehead,1610612751.0,Brooklyn,Nets,BKN,1,0,,,,,,1
61,0021601139,68,8,0,1,6:26 PM,6:14,SUB: Kilpatrick FOR Foye,,,,,4.0,200751,Randy Foye,1610612751.0,Brooklyn,Nets,BKN,4,203930,Sean Kilpatrick,1610612751.0,Brooklyn,Nets,BKN,0,0,,,,,,0
62,0021601139,69,7,1,1,6:26 PM,6:14,NETS Violation: Delay of game Violation,,,,,2.0,1610612751,,,,,,0,0,,,,,,1,0,,,,,,0
63,0021601139,70,1,86,1,6:26 PM,6:05,Lopez 7' Turnaround Fadeaway (10 PTS) (Lin 4 AST),,,19 - 15,-4,4.0,201572,Brook Lopez,1610612751.0,Brooklyn,Nets,BKN,4,202391,Jeremy Lin,1610612751.0,Brooklyn,Nets,BKN,0,0,,,,,,1
64,0021601139,71,6,2,1,6:26 PM,6:05,,,Fournier S.FOUL (P1.T3) (E.Lewis),,,5.0,203095,Evan Fournier,1610612753.0,Orlando,Magic,ORL,4,201572,Brook Lopez,1610612751.0,Brooklyn,Nets,BKN,1,0,,,,,,1
65,0021601139,72,3,10,1,6:26 PM,6:05,MISS Lopez Free Throw 1 of 1,,,,,4.0,201572,Brook Lopez,1610612751.0,Brooklyn,Nets,BKN,0,0,,,,,,0,0,,,,,,0
66,0021601139,74,4,0,1,6:27 PM,6:04,,,Payton REBOUND (Off:1 Def:3),,,5.0,203901,Elfrid Payton,1610612753.0,Orlando,Magic,ORL,0,0,,,,,,0,0,,,,,,1
67,0021601139,75,1,1,1,6:27 PM,5:48,,,Vucevic 25' 3PT Jump Shot (11 PTS) (Ross 2 AST),22 - 15,-7,5.0,202696,Nikola Vucevic,1610612753.0,Orlando,Magic,ORL,5,203082,Terrence Ross,1610612753.0,Orlando,Magic,ORL,0,0,,,,,,1
68,0021601139,76,1,1,1,6:27 PM,5:24,Lin 25' 3PT Jump Shot (3 PTS) (Hollis-Jefferson 1 AST),,,22 - 18,-4,4.0,202391,Jeremy Lin,1610612751.0,Brooklyn,Nets,BKN,4,1626178,Rondae Hollis-Jefferson,1610612751.0,Brooklyn,Nets,BKN,0,0,,,,,,1
69,0021601139,77,1,48,1,6:27 PM,5:12,,,Gordon  Dunk (9 PTS) (Payton 4 AST),24 - 18,-6,5.0,203932,Aaron Gordon,1610612753.0,Orlando,Magic,ORL,5,203901,Elfrid Payton,1610612753.0,Orlando,Magic,ORL,0,0,,,,,,1
70,0021601139,78,1,1,1,6:28 PM,4:59,Lopez 4' Jump Shot (12 PTS) (Lin 5 AST),,,24 - 20,-4,4.0,201572,Brook Lopez,1610612751.0,Brooklyn,Nets,BKN,4,202391,Jeremy Lin,1610612751.0,Brooklyn,Nets,BKN,0,0,,,,,,1
71,0021601139,79,2,79,1,6:28 PM,4:47,,,MISS Vucevic 14' Pullup Jump Shot,,,5.0,202696,Nikola Vucevic,1610612753.0,Orlando,Magic,ORL,0,0,,,,,,0,0,,,,,,1
72,0021601139,80,4,0,1,6:28 PM,4:46,Lopez REBOUND (Off:0 Def:2),,,,,4.0,201572,Brook Lopez,1610612751.0,Brooklyn,Nets,BKN,0,0,,,,,,0,0,,,,,,1
73,0021601139,81,2,1,1,6:28 PM,4:41,MISS Lin 25' 3PT Jump Shot,,,,,4.0,202391,Jeremy Lin,1610612751.0,Brooklyn,Nets,BKN,0,0,,,,,,0,0,,,,,,1
74,0021601139,82,4,0,1,6:28 PM,4:39,,,Gordon REBOUND (Off:0 Def:4),,,5.0,203932,Aaron Gordon,1610612753.0,Orlando,Magic,ORL,0,0,,,,,,0,0,,,,,,1
75,0021601139,83,6,1,1,6:28 PM,4:30,Whitehead P.FOUL (P1.T2) (B.Taylor),,,,,4.0,1627785,Isaiah Whitehead,1610612751.0,Brooklyn,Nets,BKN,5,203095,Evan Fournier,1610612753.0,Orlando,Magic,ORL,1,0,,,,,,1
76,0021601139,84,8,0,1,6:29 PM,4:30,,,SUB: Hezonja FOR Ross,,,5.0,203082,Terrence Ross,1610612753.0,Orlando,Magic,ORL,5,1626209,Mario Hezonja,1610612753.0,Orlando,Magic,ORL,0,0,,,,,,0
77,0021601139,85,8,0,1,6:29 PM,4:30,SUB: Booker FOR Hollis-Jefferson,,,,,4.0,1626178,Rondae Hollis-Jefferson,1610612751.0,Brooklyn,Nets,BKN,4,202344,Trevor Booker,1610612751.0,Brooklyn,Nets,BKN,0,0,,,,,,0
78,0021601139,86,1,1,1,6:29 PM,4:15,,,Vucevic 17' Jump Shot (13 PTS) (Hezonja 1 AST),26 - 20,-6,5.0,202696,Nikola Vucevic,1610612753.0,Orlando,Magic,ORL,5,1626209,Mario Hezonja,1610612753.0,Orlando,Magic,ORL,0,0,,,,,,1
79,0021601139,87,1,42,1,6:29 PM,4:00,Booker 2' Driving Layup (2 PTS),,,26 - 22,-4,4.0,202344,Trevor Booker,1610612751.0,Brooklyn,Nets,BKN,0,0,,,,,,0,0,,,,,,1
80,0021601139,88,2,45,1,6:29 PM,3:47,Lin BLOCK (1 BLK),,MISS Payton 11' Jump Shot,,,5.0,203901,Elfrid Payton,1610612753.0,Orlando,Magic,ORL,0,0,,,,,,4,202391,Jeremy Lin,1610612751.0,Brooklyn,Nets,BKN,1
81,0021601139,89,4,0,1,6:29 PM,3:46,,,Payton REBOUND (Off:2 Def:3),,,5.0,203901,Elfrid Payton,1610612753.0,Orlando,Magic,ORL,0,0,,,,,,0,0,,,,,,1
82,0021601139,90,2,1,1,6:29 PM,3:43,,,MISS Hezonja  3PT Jump Shot,,,5.0,1626209,Mario Hezonja,1610612753.0,Orlando,Magic,ORL,0,0,,,,,,0,0,,,,,,1
83,0021601139,91,4,0,1,6:29 PM,3:42,Lin REBOUND (Off:0 Def:1),,,,,4.0,202391,Jeremy Lin,1610612751.0,Brooklyn,Nets,BKN,0,0,,,,,,0,0,,,,,,1
84,0021601139,92,5,45,1,6:30 PM,3:41,Lin Out of Bounds - Bad Pass Turnover Turnover (P1.T2),,,,,4.0,202391,Jeremy Lin,1610612751.0,Brooklyn,Nets,BKN,0,0,,,,,,1,0,,,,,,1
85,0021601139,93,8,0,1,6:30 PM,3:41,SUB: Hamilton FOR Lopez,,,,,4.0,201572,Brook Lopez,1610612751.0,Brooklyn,Nets,BKN,4,203120,Justin Hamilton,1610612751.0,Brooklyn,Nets,BKN,0,0,,,,,,0
86,0021601139,94,8,0,1,6:30 PM,3:41,SUB: Dinwiddie FOR Lin,,,,,4.0,202391,Jeremy Lin,1610612751.0,Brooklyn,Nets,BKN,4,203915,Spencer Dinwiddie,1610612751.0,Brooklyn,Nets,BKN,0,0,,,,,,0
87,0021601139,100,8,0,1,6:30 PM,3:41,,,SUB: Ross FOR Fournier,,,5.0,203095,Evan Fournier,1610612753.0,Orlando,Magic,ORL,5,203082,Terrence Ross,1610612753.0,Orlando,Magic,ORL,0,0,,,,,,0
88,0021601139,95,2,1,1,6:30 PM,3:28,,,MISS Ross 19' Jump Shot,,,5.0,203082,Terrence Ross,1610612753.0,Orlando,Magic,ORL,0,0,,,,,,0,0,,,,,,1
89,0021601139,96,4,0,1,6:30 PM,3:26,,,Vucevic REBOUND (Off:1 Def:2),,,5.0,202696,Nikola Vucevic,1610612753.0,Orlando,Magic,ORL,0,0,,,,,,0,0,,,,,,1
90,0021601139,97,2,1,1,6:30 PM,3:19,,,MISS Gordon 20' Jump Shot,,,5.0,203932,Aaron Gordon,1610612753.0,Orlando,Magic,ORL,0,0,,,,,,0,0,,,,,,1
91,0021601139,98,4,0,1,6:30 PM,3:18,Kilpatrick REBOUND (Off:0 Def:1),,,,,4.0,203930,Sean Kilpatrick,1610612751.0,Brooklyn,Nets,BKN,0,0,,,,,,0,0,,,,,,1
92,0021601139,99,1,1,1,6:30 PM,3:09,Hamilton 25' 3PT Jump Shot (3 PTS) (Kilpatrick 1 AST),,,26 - 25,-1,4.0,203120,Justin Hamilton,1610612751.0,Brooklyn,Nets,BKN,4,203930,Sean Kilpatrick,1610612751.0,Brooklyn,Nets,BKN,0,0,,,,,,1
93,0021601139,101,5,1,1,6:30 PM,3:02,,,Hezonja Bad Pass Turnover (P1.T3),,,5.0,1626209,Mario Hezonja,1610612753.0,Orlando,Magic,ORL,0,0,,,,,,1,0,,,,,,1
94,0021601139,102,8,0,1,6:31 PM,3:02,,,SUB: Augustin FOR Payton,,,5.0,203901,Elfrid Payton,1610612753.0,Orlando,Magic,ORL,5,201571,D.J. Augustin,1610612753.0,Orlando,Magic,ORL,0,0,,,,,,0
95,0021601139,103,8,0,1,6:31 PM,3:02,,,SUB: Biyombo FOR Vucevic,,,5.0,202696,Nikola Vucevic,1610612753.0,Orlando,Magic,ORL,5,202687,Bismack Biyombo,1610612753.0,Orlando,Magic,ORL,0,0,,,,,,0
96,0021601139,104,1,1,1,6:31 PM,2:48,Booker 14' Jump Shot (4 PTS),,,26 - 27,1,4.0,202344,Trevor Booker,1610612751.0,Brooklyn,Nets,BKN,0,0,,,,,,0,0,,,,,,1
97,0021601139,105,1,1,1,6:31 PM,2:21,,,Augustin 24' 3PT Jump Shot (3 PTS) (Biyombo 1 AST),29 - 27,-2,5.0,201571,D.J. Augustin,1610612753.0,Orlando,Magic,ORL,5,202687,Bismack Biyombo,1610612753.0,Orlando,Magic,ORL,0,0,,,,,,1
98,0021601139,106,1,82,1,6:32 PM,2:10,Booker 4' Driving Bank Shot (6 PTS) (Whitehead 1 AST),,,29 - 29,TIE,4.0,202344,Trevor Booker,1610612751.0,Brooklyn,Nets,BKN,4,1627785,Isaiah Whitehead,1610612751.0,Brooklyn,Nets,BKN,0,0,,,,,,1
99,0021601139,107,2,1,1,6:32 PM,1:56,,,MISS Gordon 19' Jump Shot,,,5.0,203932,Aaron Gordon,1610612753.0,Orlando,Magic,ORL,0,0,,,,,,0,0,,,,,,1
100,0021601139,108,4,0,1,6:32 PM,1:54,Hamilton REBOUND (Off:0 Def:1),,,,,4.0,203120,Justin Hamilton,1610612751.0,Brooklyn,Nets,BKN,0,0,,,,,,0,0,,,,,,1
101,0021601139,109,5,2,1,6:32 PM,1:47,Kilpatrick Lost Ball Turnover (P1.T3),,Augustin STEAL (1 STL),,,4.0,203930,Sean Kilpatrick,1610612751.0,Brooklyn,Nets,BKN,5,201571,D.J. Augustin,1610612753.0,Orlando,Magic,ORL,0,0,,,,,,1
102,0021601139,110,5,1,1,6:32 PM,1:32,Dinwiddie STEAL (1 STL),,Augustin Bad Pass Turnover (P1.T4),,,5.0,201571,D.J. Augustin,1610612753.0,Orlando,Magic,ORL,4,203915,Spencer Dinwiddie,1610612751.0,Brooklyn,Nets,BKN,0,0,,,,,,1
103,0021601139,111,2,1,1,6:33 PM,1:19,MISS Kilpatrick 27' 3PT Jump Shot,,,,,4.0,203930,Sean Kilpatrick,1610612751.0,Brooklyn,Nets,BKN,0,0,,,,,,0,0,,,,,,1
104,0021601139,112,4,0,1,6:33 PM,1:18,,,Gordon REBOUND (Off:0 Def:5),,,5.0,203932,Aaron Gordon,1610612753.0,Orlando,Magic,ORL,0,0,,,,,,0,0,,,,,,1
105,0021601139,113,1,79,1,6:33 PM,1:08,,,Gordon 15' Pullup Jump Shot (11 PTS),31 - 29,-2,5.0,203932,Aaron Gordon,1610612753.0,Orlando,Magic,ORL,0,0,,,,,,0,0,,,,,,1
106,0021601139,114,2,1,1,6:33 PM,0:47,MISS Hamilton 18' Jump Shot,,,,,4.0,203120,Justin Hamilton,1610612751.0,Brooklyn,Nets,BKN,0,0,,,,,,0,0,,,,,,1
107,0021601139,115,4,0,1,6:33 PM,0:46,Booker REBOUND (Off:1 Def:0),,,,,4.0,202344,Trevor Booker,1610612751.0,Brooklyn,Nets,BKN,0,0,,,,,,0,0,,,,,,1
108,0021601139,116,1,5,1,6:33 PM,0:40,Booker 1' Layup (8 PTS),,,31 - 31,TIE,4.0,202344,Trevor Booker,1610612751.0,Brooklyn,Nets,BKN,0,0,,,,,,0,0,,,,,,1
109,0021601139,117,1,1,1,6:33 PM,0:28,,,Ross 20' Jump Shot (2 PTS),33 - 31,-2,5.0,203082,Terrence Ross,1610612753.0,Orlando,Magic,ORL,0,0,,,,,,0,0,,,,,,1
110,0021601139,118,1,42,1,6:34 PM,0:10,Kilpatrick 2' Driving Layup (2 PTS),,,33 - 33,TIE,4.0,203930,Sean Kilpatrick,1610612751.0,Brooklyn,Nets,BKN,0,0,,,,,,0,0,,,,,,1
111,0021601139,119,2,42,1,6:34 PM,0:03,,,MISS Gordon 2' Driving Layup,,,5.0,203932,Aaron Gordon,1610612753.0,Orlando,Magic,ORL,0,0,,,,,,0,0,,,,,,1
112,0021601139,120,4,0,1,6:34 PM,0:02,Booker REBOUND (Off:1 Def:1),,,,,4.0,202344,Trevor Booker,1610612751.0,Brooklyn,Nets,BKN,0,0,,,,,,0,0,,,,,,1
113,0021601139,121,2,1,1,6:34 PM,0:00,MISS Booker 40' 3PT Jump Shot,,,,,4.0,202344,Trevor Booker,1610612751.0,Brooklyn,Nets,BKN,0,0,,,,,,0,0,,,,,,1
114,0021601139,122,4,0,1,6:34 PM,0:00,NETS Rebound,,,,,2.0,1610612751,,,,,,0,0,,,,,,0,0,,,,,,0
115,0021601139,123,13,0,1,6:34 PM,0:00,,,,33 - 33,TIE,0.0,0,,,,,,0,0,,,,,,0,0,,,,,,0
116,0021601139,126,12,0,2,6:37 PM,12:00,,,,33 - 33,TIE,0.0,0,,,,,,0,0,,,,,,0,0,,,,,,0
117,0021601139,127,6,1,2,6:37 PM,11:44,Goodwin P.FOUL (P1.T1) (J.Williams),,,,,4.0,203462,Archie Goodwin,1610612751.0,Brooklyn,Nets,BKN,5,202687,Bismack Biyombo,1610612753.0,Orlando,Magic,ORL,1,0,,,,,,1
118,0021601139,128,2,3,2,6:37 PM,11:36,,,MISS Biyombo 5' Hook Shot,,,5.0,202687,Bismack Biyombo,1610612753.0,Orlando,Magic,ORL,0,0,,,,,,0,0,,,,,,1
119,0021601139,129,4,0,2,6:37 PM,11:35,,,Magic Rebound,,,3.0,1610612753,,,,,,0,0,,,,,,0,0,,,,,,0
120,0021601139,130,1,1,2,6:38 PM,11:26,,,Fournier 24' 3PT Jump Shot (3 PTS) (Augustin 1 AST),36 - 33,-3,5.0,203095,Evan Fournier,1610612753.0,Orlando,Magic,ORL,5,201571,D.J. Augustin,1610612753.0,Orlando,Magic,ORL,0,0,,,,,,1
121,0021601139,131,1,47,2,6:38 PM,11:14,Hamilton 16' Turnaround Jump Shot (5 PTS) (Whitehead 2 AST),,,36 - 35,-1,4.0,203120,Justin Hamilton,1610612751.0,Brooklyn,Nets,BKN,4,1627785,Isaiah Whitehead,1610612751.0,Brooklyn,Nets,BKN,0,0,,,,,,1
122,0021601139,132,5,2,2,6:38 PM,11:00,Goodwin STEAL (1 STL),,Augustin Lost Ball Turnover (P2.T5),,,5.0,201571,D.J. Augustin,1610612753.0,Orlando,Magic,ORL,4,203462,Archie Goodwin,1610612751.0,Brooklyn,Nets,BKN,0,0,,,,,,1
123,0021601139,133,1,50,2,6:38 PM,10:57,Hamilton  Running Dunk (7 PTS) (Goodwin 1 AST),,,36 - 37,1,4.0,203120,Justin Hamilton,1610612751.0,Brooklyn,Nets,BKN,4,203462,Archie Goodwin,1610612751.0,Brooklyn,Nets,BKN,0,0,,,,,,1
124,0021601139,134,1,1,2,6:39 PM,10:36,,,Meeks 21' Jump Shot (2 PTS) (Hezonja 2 AST),38 - 37,-1,5.0,201975,Jodie Meeks,1610612753.0,Orlando,Magic,ORL,5,1626209,Mario Hezonja,1610612753.0,Orlando,Magic,ORL,0,0,,,,,,1
125,0021601139,135,5,2,2,6:39 PM,10:18,Hamilton Lost Ball Turnover (P1.T4),,Hezonja STEAL (1 STL),,,4.0,203120,Justin Hamilton,1610612751.0,Brooklyn,Nets,BKN,5,1626209,Mario Hezonja,1610612753.0,Orlando,Magic,ORL,0,0,,,,,,1
126,0021601139,137,1,1,2,6:40 PM,9:56,,,Fournier 28' 3PT Jump Shot (6 PTS) (Hezonja 3 AST),41 - 37,-4,5.0,203095,Evan Fournier,1610612753.0,Orlando,Magic,ORL,5,1626209,Mario Hezonja,1610612753.0,Orlando,Magic,ORL,0,0,,,,,,1
127,0021601139,138,2,1,2,6:40 PM,9:41,MISS Hamilton 16' Jump Shot,,,,,4.0,203120,Justin Hamilton,1610612751.0,Brooklyn,Nets,BKN,0,0,,,,,,0,0,,,,,,1
128,0021601139,139,4,0,2,6:40 PM,9:40,Dinwiddie REBOUND (Off:1 Def:0),,,,,4.0,203915,Spencer Dinwiddie,1610612751.0,Brooklyn,Nets,BKN,0,0,,,,,,0,0,,,,,,1
129,0021601139,140,1,66,2,6:40 PM,9:39,Dinwiddie 5' Jump Bank Shot (2 PTS),,,41 - 39,-2,4.0,203915,Spencer Dinwiddie,1610612751.0,Brooklyn,Nets,BKN,0,0,,,,,,0,0,,,,,,1
130,0021601139,141,5,1,2,6:40 PM,9:27,Dinwiddie STEAL (2 STL),,Augustin Bad Pass Turnover (P3.T6),,,5.0,201571,D.J. Augustin,1610612753.0,Orlando,Magic,ORL,4,203915,Spencer Dinwiddie,1610612751.0,Brooklyn,Nets,BKN,0,0,,,,,,1
131,0021601139,142,2,1,2,6:40 PM,9:23,MISS Whitehead 25' 3PT Jump Shot,,,,,4.0,1627785,Isaiah Whitehead,1610612751.0,Brooklyn,Nets,BKN,0,0,,,,,,0,0,,,,,,1
132,0021601139,143,4,0,2,6:40 PM,9:21,Booker REBOUND (Off:2 Def:1),,,,,4.0,202344,Trevor Booker,1610612751.0,Brooklyn,Nets,BKN,0,0,,,,,,0,0,,,,,,1
133,0021601139,144,2,1,2,6:40 PM,9:11,MISS Hamilton 24' 3PT Jump Shot,,,,,4.0,203120,Justin Hamilton,1610612751.0,Brooklyn,Nets,BKN,0,0,,,,,,0,0,,,,,,1
134,0021601139,145,4,0,2,6:40 PM,9:09,Whitehead REBOUND (Off:1 Def:0),,,,,4.0,1627785,Isaiah Whitehead,1610612751.0,Brooklyn,Nets,BKN,0,0,,,,,,0,0,,,,,,1
135,0021601139,146,1,73,2,6:41 PM,8:58,Booker 2' Driving Reverse Layup (10 PTS),,,41 - 41,TIE,4.0,202344,Trevor Booker,1610612751.0,Brooklyn,Nets,BKN,0,0,,,,,,0,0,,,,,,1
136,0021601139,147,9,1,2,6:41 PM,8:58,,,Magic Timeout: Regular (Reg.2 Short 0),,,3.0,1610612753,,,,,,0,0,,,,,,0,0,,,,,,0
137,0021601139,149,2,1,2,6:44 PM,8:36,,,MISS Augustin 25' 3PT Jump Shot,,,5.0,201571,D.J. Augustin,1610612753.0,Orlando,Magic,ORL,0,0,,,,,,0,0,,,,,,1
138,0021601139,150,4,0,2,6:44 PM,8:34,Dinwiddie REBOUND (Off:1 Def:1),,,,,4.0,203915,Spencer Dinwiddie,1610612751.0,Brooklyn,Nets,BKN,0,0,,,,,,0,0,,,,,,1
139,0021601139,151,1,108,2,6:44 PM,8:31,Hamilton  Cutting Dunk Shot (9 PTS) (Whitehead 3 AST),,,41 - 43,2,4.0,203120,Justin Hamilton,1610612751.0,Brooklyn,Nets,BKN,4,1627785,Isaiah Whitehead,1610612751.0,Brooklyn,Nets,BKN,0,0,,,,,,1
140,0021601139,152,1,79,2,6:44 PM,8:14,,,Fournier 17' Pullup Jump Shot (8 PTS),43 - 43,TIE,5.0,203095,Evan Fournier,1610612753.0,Orlando,Magic,ORL,0,0,,,,,,0,0,,,,,,1
141,0021601139,153,1,1,2,6:44 PM,7:45,Booker 25' 3PT Jump Shot (13 PTS),,,43 - 46,3,4.0,202344,Trevor Booker,1610612751.0,Brooklyn,Nets,BKN,0,0,,,,,,0,0,,,,,,1
142,0021601139,154,2,1,2,6:45 PM,7:29,,,MISS Fournier 26' 3PT Jump Shot,,,5.0,203095,Evan Fournier,1610612753.0,Orlando,Magic,ORL,0,0,,,,,,0,0,,,,,,1
143,0021601139,155,4,0,2,6:45 PM,7:28,Booker REBOUND (Off:2 Def:2),,,,,4.0,202344,Trevor Booker,1610612751.0,Brooklyn,Nets,BKN,0,0,,,,,,0,0,,,,,,1
144,0021601139,156,1,42,2,6:45 PM,7:09,Goodwin 2' Driving Layup (2 PTS),,,43 - 48,5,4.0,203462,Archie Goodwin,1610612751.0,Brooklyn,Nets,BKN,0,0,,,,,,0,0,,,,,,1
145,0021601139,157,2,5,2,6:45 PM,6:54,,,MISS Fournier 3' Layup,,,5.0,203095,Evan Fournier,1610612753.0,Orlando,Magic,ORL,0,0,,,,,,0,0,,,,,,1
146,0021601139,158,4,0,2,6:45 PM,6:53,Dinwiddie REBOUND (Off:1 Def:2),,,,,4.0,203915,Spencer Dinwiddie,1610612751.0,Brooklyn,Nets,BKN,0,0,,,,,,0,0,,,,,,1
147,0021601139,159,2,1,2,6:45 PM,6:39,MISS Dinwiddie 25' 3PT Jump Shot,,,,,4.0,203915,Spencer Dinwiddie,1610612751.0,Brooklyn,Nets,BKN,0,0,,,,,,0,0,,,,,,1
148,0021601139,160,4,0,2,6:46 PM,6:37,,,Augustin REBOUND (Off:0 Def:1),,,5.0,201571,D.J. Augustin,1610612753.0,Orlando,Magic,ORL,0,0,,,,,,0,0,,,,,,1
149,0021601139,161,1,1,2,6:46 PM,6:23,,,Meeks 17' Jump Shot (4 PTS) (Augustin 2 AST),45 - 48,3,5.0,201975,Jodie Meeks,1610612753.0,Orlando,Magic,ORL,5,201571,D.J. Augustin,1610612753.0,Orlando,Magic,ORL,0,0,,,,,,1
150,0021601139,162,1,98,2,6:46 PM,6:10,Hamilton 3' Cutting Layup Shot (11 PTS) (Goodwin 2 AST),,,45 - 50,5,4.0,203120,Justin Hamilton,1610612751.0,Brooklyn,Nets,BKN,4,203462,Archie Goodwin,1610612751.0,Brooklyn,Nets,BKN,0,0,,,,,,1
151,0021601139,163,5,2,2,6:46 PM,5:56,Whitehead STEAL (1 STL),,Fournier Lost Ball Turnover (P1.T7),,,5.0,203095,Evan Fournier,1610612753.0,Orlando,Magic,ORL,4,1627785,Isaiah Whitehead,1610612751.0,Brooklyn,Nets,BKN,0,0,,,,,,1
152,0021601139,164,6,1,2,6:46 PM,5:56,,,Fournier P.FOUL (P2.T1) (B.Taylor),,,5.0,203095,Evan Fournier,1610612753.0,Orlando,Magic,ORL,4,1627785,Isaiah Whitehead,1610612751.0,Brooklyn,Nets,BKN,1,0,,,,,,1
153,0021601139,166,9,4,2,6:47 PM,5:56,,,,,,1.0,0,,,,,,0,0,,,,,,0,0,,,,,,0
154,0021601139,168,8,0,2,6:48 PM,5:56,,,SUB: Payton FOR Augustin,,,5.0,201571,D.J. Augustin,1610612753.0,Orlando,Magic,ORL,5,203901,Elfrid Payton,1610612753.0,Orlando,Magic,ORL,0,0,,,,,,0
155,0021601139,169,8,0,2,6:49 PM,5:56,SUB: Hollis-Jefferson FOR Whitehead,,,,,4.0,1627785,Isaiah Whitehead,1610612751.0,Brooklyn,Nets,BKN,4,1626178,Rondae Hollis-Jefferson,1610612751.0,Brooklyn,Nets,BKN,0,0,,,,,,0
156,0021601139,170,8,0,2,6:49 PM,5:56,SUB: Lin FOR Booker,,,,,4.0,202344,Trevor Booker,1610612751.0,Brooklyn,Nets,BKN,4,202391,Jeremy Lin,1610612751.0,Brooklyn,Nets,BKN,0,0,,,,,,0
157,0021601139,171,8,0,2,6:49 PM,5:56,SUB: Lopez FOR Hamilton,,,,,4.0,203120,Justin Hamilton,1610612751.0,Brooklyn,Nets,BKN,4,201572,Brook Lopez,1610612751.0,Brooklyn,Nets,BKN,0,0,,,,,,0
158,0021601139,172,8,0,2,6:49 PM,5:56,SUB: Kilpatrick FOR Dinwiddie,,,,,4.0,203915,Spencer Dinwiddie,1610612751.0,Brooklyn,Nets,BKN,4,203930,Sean Kilpatrick,1610612751.0,Brooklyn,Nets,BKN,0,0,,,,,,0
159,0021601139,173,2,1,2,6:49 PM,5:46,MISS Lin 4' Jump Shot,,,,,4.0,202391,Jeremy Lin,1610612751.0,Brooklyn,Nets,BKN,0,0,,,,,,0,0,,,,,,1
160,0021601139,174,4,0,2,6:49 PM,5:45,,,Payton REBOUND (Off:2 Def:4),,,5.0,203901,Elfrid Payton,1610612753.0,Orlando,Magic,ORL,0,0,,,,,,0,0,,,,,,1
161,0021601139,175,2,73,2,6:49 PM,5:33,,,MISS Hezonja 3' Driving Reverse Layup,,,5.0,1626209,Mario Hezonja,1610612753.0,Orlando,Magic,ORL,0,0,,,,,,0,0,,,,,,1
162,0021601139,176,4,0,2,6:49 PM,5:32,Lin REBOUND (Off:0 Def:2),,,,,4.0,202391,Jeremy Lin,1610612751.0,Brooklyn,Nets,BKN,0,0,,,,,,0,0,,,,,,1
163,0021601139,177,1,1,2,6:49 PM,5:24,Lopez 23' Jump Shot (14 PTS) (Hollis-Jefferson 2 AST),,,45 - 52,7,4.0,201572,Brook Lopez,1610612751.0,Brooklyn,Nets,BKN,4,1626178,Rondae Hollis-Jefferson,1610612751.0,Brooklyn,Nets,BKN,0,0,,,,,,1
164,0021601139,178,1,78,2,6:50 PM,5:08,,,Meeks 7' Floating Jump Shot (6 PTS) (Payton 5 AST),47 - 52,5,5.0,201975,Jodie Meeks,1610612753.0,Orlando,Magic,ORL,5,203901,Elfrid Payton,1610612753.0,Orlando,Magic,ORL,0,0,,,,,,1
165,0021601139,179,6,1,2,6:50 PM,4:59,,,Biyombo P.FOUL (P1.T2) (E.Lewis),,,5.0,202687,Bismack Biyombo,1610612753.0,Orlando,Magic,ORL,4,201572,Brook Lopez,1610612751.0,Brooklyn,Nets,BKN,1,0,,,,,,1
166,0021601139,197,8,0,2,6:50 PM,4:59,SUB: LeVert FOR Goodwin,,,,,4.0,203462,Archie Goodwin,1610612751.0,Brooklyn,Nets,BKN,4,1627747,Caris LeVert,1610612751.0,Brooklyn,Nets,BKN,0,0,,,,,,0
167,0021601139,180,8,0,2,6:50 PM,4:59,,,SUB: Gordon FOR Biyombo,,,5.0,202687,Bismack Biyombo,1610612753.0,Orlando,Magic,ORL,5,203932,Aaron Gordon,1610612753.0,Orlando,Magic,ORL,0,0,,,,,,0
168,0021601139,181,8,0,2,6:50 PM,4:59,,,SUB: Ross FOR Hezonja,,,5.0,1626209,Mario Hezonja,1610612753.0,Orlando,Magic,ORL,5,203082,Terrence Ross,1610612753.0,Orlando,Magic,ORL,0,0,,,,,,0
169,0021601139,182,8,0,2,6:50 PM,4:59,,,SUB: Vucevic FOR Fournier,,,5.0,203095,Evan Fournier,1610612753.0,Orlando,Magic,ORL,5,202696,Nikola Vucevic,1610612753.0,Orlando,Magic,ORL,0,0,,,,,,0
170,0021601139,183,2,1,2,6:51 PM,4:52,MISS Lin 16' Jump Shot,,,,,4.0,202391,Jeremy Lin,1610612751.0,Brooklyn,Nets,BKN,0,0,,,,,,0,0,,,,,,1
171,0021601139,184,4,0,2,6:51 PM,4:51,,,Vucevic REBOUND (Off:1 Def:3),,,5.0,202696,Nikola Vucevic,1610612753.0,Orlando,Magic,ORL,0,0,,,,,,0,0,,,,,,1
172,0021601139,185,2,1,2,6:51 PM,4:43,,,MISS Meeks 26' 3PT Jump Shot,,,5.0,201975,Jodie Meeks,1610612753.0,Orlando,Magic,ORL,0,0,,,,,,0,0,,,,,,1
173,0021601139,186,4,0,2,6:51 PM,4:42,Lin REBOUND (Off:0 Def:3),,,,,4.0,202391,Jeremy Lin,1610612751.0,Brooklyn,Nets,BKN,0,0,,,,,,0,0,,,,,,1
174,0021601139,187,2,1,2,6:51 PM,4:30,MISS Lin 24' 3PT Jump Shot,,,,,4.0,202391,Jeremy Lin,1610612751.0,Brooklyn,Nets,BKN,0,0,,,,,,0,0,,,,,,1
175,0021601139,188,4,0,2,6:51 PM,4:29,,,Gordon REBOUND (Off:0 Def:6),,,5.0,203932,Aaron Gordon,1610612753.0,Orlando,Magic,ORL,0,0,,,,,,0,0,,,,,,1
176,0021601139,189,5,1,2,6:51 PM,4:17,Lin STEAL (1 STL),,Payton Bad Pass Turnover (P1.T8),,,5.0,203901,Elfrid Payton,1610612753.0,Orlando,Magic,ORL,4,202391,Jeremy Lin,1610612751.0,Brooklyn,Nets,BKN,0,0,,,,,,1
177,0021601139,190,2,1,2,6:51 PM,4:10,MISS LeVert 25' 3PT Jump Shot,,,,,4.0,1627747,Caris LeVert,1610612751.0,Brooklyn,Nets,BKN,0,0,,,,,,0,0,,,,,,1
178,0021601139,191,4,0,2,6:51 PM,4:07,Kilpatrick REBOUND (Off:1 Def:1),,,,,4.0,203930,Sean Kilpatrick,1610612751.0,Brooklyn,Nets,BKN,0,0,,,,,,0,0,,,,,,1
179,0021601139,192,1,5,2,6:51 PM,4:06,Kilpatrick 2' Layup (4 PTS),,,47 - 54,7,4.0,203930,Sean Kilpatrick,1610612751.0,Brooklyn,Nets,BKN,0,0,,,,,,0,0,,,,,,1
180,0021601139,193,2,1,2,6:52 PM,3:52,,,MISS Ross 16' Jump Shot,,,5.0,203082,Terrence Ross,1610612753.0,Orlando,Magic,ORL,0,0,,,,,,0,0,,,,,,1
181,0021601139,194,4,0,2,6:52 PM,3:51,Hollis-Jefferson REBOUND (Off:0 Def:1),,,,,4.0,1626178,Rondae Hollis-Jefferson,1610612751.0,Brooklyn,Nets,BKN,0,0,,,,,,0,0,,,,,,1
182,0021601139,195,5,2,2,6:52 PM,3:45,Hollis-Jefferson Lost Ball Turnover (P1.T5),,Gordon STEAL (1 STL),,,4.0,1626178,Rondae Hollis-Jefferson,1610612751.0,Brooklyn,Nets,BKN,5,203932,Aaron Gordon,1610612753.0,Orlando,Magic,ORL,0,0,,,,,,1
183,0021601139,196,1,5,2,6:52 PM,3:40,,,Payton 3' Layup (6 PTS) (Gordon 1 AST),49 - 54,5,5.0,203901,Elfrid Payton,1610612753.0,Orlando,Magic,ORL,5,203932,Aaron Gordon,1610612753.0,Orlando,Magic,ORL,0,0,,,,,,1
184,0021601139,198,6,2,2,6:52 PM,3:25,,,Gordon S.FOUL (P1.T3) (J.Williams),,,5.0,203932,Aaron Gordon,1610612753.0,Orlando,Magic,ORL,4,1627747,Caris LeVert,1610612751.0,Brooklyn,Nets,BKN,1,0,,,,,,1
185,0021601139,199,3,11,2,6:53 PM,3:25,MISS Hollis-Jefferson Free Throw 1 of 2,,,,,4.0,1626178,Rondae Hollis-Jefferson,1610612751.0,Brooklyn,Nets,BKN,0,0,,,,,,0,0,,,,,,0
186,0021601139,200,4,1,2,6:53 PM,3:25,NETS Rebound,,,,,2.0,1610612751,,,,,,0,0,,,,,,0,0,,,,,,0
187,0021601139,201,3,12,2,6:53 PM,3:25,MISS Hollis-Jefferson Free Throw 2 of 2,,,,,4.0,1626178,Rondae Hollis-Jefferson,1610612751.0,Brooklyn,Nets,BKN,0,0,,,,,,0,0,,,,,,0
188,0021601139,203,4,0,2,6:53 PM,3:24,,,Gordon REBOUND (Off:0 Def:7),,,5.0,203932,Aaron Gordon,1610612753.0,Orlando,Magic,ORL,0,0,,,,,,0,0,,,,,,1
189,0021601139,204,6,1,2,6:53 PM,3:09,Kilpatrick P.FOUL (P1.T2) (J.Williams),,,,,4.0,203930,Sean Kilpatrick,1610612751.0,Brooklyn,Nets,BKN,5,203082,Terrence Ross,1610612753.0,Orlando,Magic,ORL,1,0,,,,,,1
190,0021601139,205,1,1,2,6:53 PM,3:03,,,Ross 20' Jump Shot (4 PTS) (Gordon 2 AST),51 - 54,3,5.0,203082,Terrence Ross,1610612753.0,Orlando,Magic,ORL,5,203932,Aaron Gordon,1610612753.0,Orlando,Magic,ORL,0,0,,,,,,1
191,0021601139,206,9,1,2,6:53 PM,3:03,NETS Timeout: Regular (Full 2 Short 0),,,,,2.0,1610612751,,,,,,0,0,,,,,,0,0,,,,,,0
192,0021601139,208,8,0,2,6:56 PM,3:03,,,SUB: Fournier FOR Meeks,,,5.0,201975,Jodie Meeks,1610612753.0,Orlando,Magic,ORL,5,203095,Evan Fournier,1610612753.0,Orlando,Magic,ORL,0,0,,,,,,0
193,0021601139,209,5,1,2,6:56 PM,2:55,Kilpatrick Bad Pass Turnover (P2.T6),,Gordon STEAL (2 STL),,,4.0,203930,Sean Kilpatrick,1610612751.0,Brooklyn,Nets,BKN,5,203932,Aaron Gordon,1610612753.0,Orlando,Magic,ORL,0,0,,,,,,1
194,0021601139,210,1,5,2,6:56 PM,2:45,,,Gordon 3' Layup (13 PTS) (Payton 6 AST),53 - 54,1,5.0,203932,Aaron Gordon,1610612753.0,Orlando,Magic,ORL,5,203901,Elfrid Payton,1610612753.0,Orlando,Magic,ORL,0,0,,,,,,1
195,0021601139,211,1,46,2,6:57 PM,2:31,Lopez 10' Running Jump Shot (16 PTS) (Kilpatrick 2 AST),,,53 - 56,3,4.0,201572,Brook Lopez,1610612751.0,Brooklyn,Nets,BKN,4,203930,Sean Kilpatrick,1610612751.0,Brooklyn,Nets,BKN,0,0,,,,,,1
196,0021601139,212,2,1,2,6:57 PM,2:13,,,MISS Payton 7' Jump Shot,,,5.0,203901,Elfrid Payton,1610612753.0,Orlando,Magic,ORL,0,0,,,,,,0,0,,,,,,1
197,0021601139,213,4,0,2,6:57 PM,2:12,Hollis-Jefferson REBOUND (Off:0 Def:2),,,,,4.0,1626178,Rondae Hollis-Jefferson,1610612751.0,Brooklyn,Nets,BKN,0,0,,,,,,0,0,,,,,,1
198,0021601139,214,6,1,2,6:57 PM,2:00,,,Ross P.FOUL (P1.T4) (J.Williams),,,5.0,203082,Terrence Ross,1610612753.0,Orlando,Magic,ORL,4,1626178,Rondae Hollis-Jefferson,1610612751.0,Brooklyn,Nets,BKN,1,0,,,,,,1
199,0021601139,215,2,1,2,6:58 PM,1:46,MISS LeVert 24' 3PT Jump Shot,,,,,4.0,1627747,Caris LeVert,1610612751.0,Brooklyn,Nets,BKN,0,0,,,,,,0,0,,,,,,1
200,0021601139,216,4,0,2,6:58 PM,1:45,,,Magic Rebound,,,3.0,1610612753,,,,,,0,0,,,,,,0,0,,,,,,0
201,0021601139,217,5,4,2,6:58 PM,1:37,,,Vucevic Traveling Turnover (P3.T9),,,5.0,202696,Nikola Vucevic,1610612753.0,Orlando,Magic,ORL,0,0,,,,,,1,0,,,,,,1
202,0021601139,218,2,3,2,6:58 PM,1:24,MISS Lopez 12' Hook Shot,,,,,4.0,201572,Brook Lopez,1610612751.0,Brooklyn,Nets,BKN,0,0,,,,,,0,0,,,,,,1
203,0021601139,219,4,0,2,6:58 PM,1:23,,,Vucevic REBOUND (Off:1 Def:4),,,5.0,202696,Nikola Vucevic,1610612753.0,Orlando,Magic,ORL,0,0,,,,,,0,0,,,,,,1
204,0021601139,220,6,1,2,6:59 PM,1:19,Lin P.FOUL (P1.T3) (J.Williams),,,,,4.0,202391,Jeremy Lin,1610612751.0,Brooklyn,Nets,BKN,5,203901,Elfrid Payton,1610612753.0,Orlando,Magic,ORL,1,0,,,,,,1
205,0021601139,221,2,78,2,6:59 PM,1:11,,,MISS Fournier 11' Floating Jump Shot,,,5.0,203095,Evan Fournier,1610612753.0,Orlando,Magic,ORL,0,0,,,,,,0,0,,,,,,1
206,0021601139,222,4,0,2,6:59 PM,1:10,Lopez REBOUND (Off:0 Def:3),,,,,4.0,201572,Brook Lopez,1610612751.0,Brooklyn,Nets,BKN,0,0,,,,,,0,0,,,,,,1
207,0021601139,223,1,41,2,6:59 PM,1:05,LeVert 3' Running Layup (5 PTS) (Hollis-Jefferson 3 AST),,,53 - 58,5,4.0,1627747,Caris LeVert,1610612751.0,Brooklyn,Nets,BKN,4,1626178,Rondae Hollis-Jefferson,1610612751.0,Brooklyn,Nets,BKN,0,0,,,,,,1
208,0021601139,224,2,1,2,6:59 PM,0:45,,,MISS Vucevic 21' Jump Shot,,,5.0,202696,Nikola Vucevic,1610612753.0,Orlando,Magic,ORL,0,0,,,,,,0,0,,,,,,1
209,0021601139,225,4,0,2,6:59 PM,0:44,LeVert REBOUND (Off:0 Def:2),,,,,4.0,1627747,Caris LeVert,1610612751.0,Brooklyn,Nets,BKN,0,0,,,,,,0,0,,,,,,1
210,0021601139,226,2,5,2,7:00 PM,0:29,MISS Lopez 2' Layup,,,,,4.0,201572,Brook Lopez,1610612751.0,Brooklyn,Nets,BKN,0,0,,,,,,0,0,,,,,,1
211,0021601139,227,4,0,2,7:00 PM,0:28,Lopez REBOUND (Off:1 Def:3),,,,,4.0,201572,Brook Lopez,1610612751.0,Brooklyn,Nets,BKN,0,0,,,,,,0,0,,,,,,1
212,0021601139,228,1,97,2,7:00 PM,0:27,Lopez 3' Tip Layup Shot (18 PTS),,,53 - 60,7,4.0,201572,Brook Lopez,1610612751.0,Brooklyn,Nets,BKN,0,0,,,,,,0,0,,,,,,1
213,0021601139,229,6,18,2,7:00 PM,0:27,NETS Delay,,,,,2.0,1610612751,,,,,,0,0,,,,,,1,0,,,,,,1
214,0021601139,230,3,16,2,7:00 PM,0:27,,,MISS Ross Free Throw Technical,,,5.0,203082,Terrence Ross,1610612753.0,Orlando,Magic,ORL,0,0,,,,,,0,0,,,,,,0
215,0021601139,231,4,1,2,7:00 PM,0:27,,,Magic Rebound,,,3.0,1610612753,,,,,,0,0,,,,,,0,0,,,,,,0
216,0021601139,232,9,2,2,7:00 PM,0:27,,,Magic Timeout: Short (Reg.2 Short 1),,,3.0,1610612753,,,,,,0,0,,,,,,0,0,,,,,,0
217,0021601139,234,2,1,2,7:02 PM,0:08,,,MISS Ross 27' 3PT Jump Shot,,,5.0,203082,Terrence Ross,1610612753.0,Orlando,Magic,ORL,0,0,,,,,,0,0,,,,,,1
218,0021601139,235,4,0,2,7:02 PM,0:08,LeVert REBOUND (Off:0 Def:3),,,,,4.0,1627747,Caris LeVert,1610612751.0,Brooklyn,Nets,BKN,0,0,,,,,,0,0,,,,,,1
219,0021601139,236,2,44,2,7:02 PM,0:00,MISS Kilpatrick 3' Reverse Layup,,,,,4.0,203930,Sean Kilpatrick,1610612751.0,Brooklyn,Nets,BKN,0,0,,,,,,0,0,,,,,,1
220,0021601139,237,4,0,2,7:02 PM,0:00,NETS Rebound,,,,,2.0,1610612751,,,,,,0,0,,,,,,0,0,,,,,,0
221,0021601139,238,13,0,2,7:02 PM,0:00,,,,53 - 60,7,0.0,0,,,,,,0,0,,,,,,0,0,,,,,,0
222,0021601139,240,12,0,3,7:18 PM,12:00,,,,53 - 60,7,0.0,0,,,,,,0,0,,,,,,0,0,,,,,,0
223,0021601139,241,1,1,3,7:19 PM,11:41,,,Vucevic 21' Jump Shot (15 PTS) (Payton 7 AST),55 - 60,5,5.0,202696,Nikola Vucevic,1610612753.0,Orlando,Magic,ORL,5,203901,Elfrid Payton,1610612753.0,Orlando,Magic,ORL,0,0,,,,,,1
224,0021601139,242,2,5,3,7:19 PM,11:30,MISS Lopez 3' Layup,,,,,4.0,201572,Brook Lopez,1610612751.0,Brooklyn,Nets,BKN,0,0,,,,,,0,0,,,,,,1
225,0021601139,243,4,0,3,7:19 PM,11:29,Lopez REBOUND (Off:2 Def:3),,,,,4.0,201572,Brook Lopez,1610612751.0,Brooklyn,Nets,BKN,0,0,,,,,,0,0,,,,,,1
226,0021601139,244,1,72,3,7:19 PM,11:28,Lopez 2' Putback Layup (20 PTS),,,55 - 62,7,4.0,201572,Brook Lopez,1610612751.0,Brooklyn,Nets,BKN,0,0,,,,,,0,0,,,,,,1
227,0021601139,245,1,1,3,7:19 PM,11:12,,,Vucevic 20' Jump Shot (17 PTS) (Payton 8 AST),57 - 62,5,5.0,202696,Nikola Vucevic,1610612753.0,Orlando,Magic,ORL,5,203901,Elfrid Payton,1610612753.0,Orlando,Magic,ORL,0,0,,,,,,1
228,0021601139,246,1,1,3,7:19 PM,10:54,Lopez 11' Jump Shot (22 PTS) (Foye 1 AST),,,57 - 64,7,4.0,201572,Brook Lopez,1610612751.0,Brooklyn,Nets,BKN,4,200751,Randy Foye,1610612751.0,Brooklyn,Nets,BKN,0,0,,,,,,1
229,0021601139,247,1,1,3,7:20 PM,10:38,,,Fournier 17' Jump Shot (10 PTS) (Payton 9 AST),59 - 64,5,5.0,203095,Evan Fournier,1610612753.0,Orlando,Magic,ORL,5,203901,Elfrid Payton,1610612753.0,Orlando,Magic,ORL,0,0,,,,,,1
230,0021601139,248,2,1,3,7:20 PM,10:25,MISS Lopez 25' 3PT Jump Shot,,,,,4.0,201572,Brook Lopez,1610612751.0,Brooklyn,Nets,BKN,0,0,,,,,,0,0,,,,,,1
231,0021601139,249,4,0,3,7:20 PM,10:24,,,Vucevic REBOUND (Off:1 Def:5),,,5.0,202696,Nikola Vucevic,1610612753.0,Orlando,Magic,ORL,0,0,,,,,,0,0,,,,,,1
232,0021601139,250,2,1,3,7:20 PM,10:15,,,MISS Vucevic 19' Jump Shot,,,5.0,202696,Nikola Vucevic,1610612753.0,Orlando,Magic,ORL,0,0,,,,,,0,0,,,,,,1
233,0021601139,251,4,0,3,7:20 PM,10:14,Hollis-Jefferson REBOUND (Off:0 Def:3),,,,,4.0,1626178,Rondae Hollis-Jefferson,1610612751.0,Brooklyn,Nets,BKN,0,0,,,,,,0,0,,,,,,1
234,0021601139,252,2,1,3,7:20 PM,10:08,MISS Hollis-Jefferson 8' Jump Shot,,Vucevic BLOCK (1 BLK),,,4.0,1626178,Rondae Hollis-Jefferson,1610612751.0,Brooklyn,Nets,BKN,0,0,,,,,,5,202696,Nikola Vucevic,1610612753.0,Orlando,Magic,ORL,1
235,0021601139,253,4,0,3,7:20 PM,10:06,,,Vucevic REBOUND (Off:1 Def:6),,,5.0,202696,Nikola Vucevic,1610612753.0,Orlando,Magic,ORL,0,0,,,,,,0,0,,,,,,1
236,0021601139,254,5,45,3,7:20 PM,10:00,,,Payton Out of Bounds - Bad Pass Turnover Turnover (P2.T10),,,5.0,203901,Elfrid Payton,1610612753.0,Orlando,Magic,ORL,0,0,,,,,,1,0,,,,,,1
237,0021601139,255,2,1,3,7:21 PM,9:41,MISS LeVert 24' 3PT Jump Shot,,,,,4.0,1627747,Caris LeVert,1610612751.0,Brooklyn,Nets,BKN,0,0,,,,,,0,0,,,,,,1
238,0021601139,256,4,0,3,7:21 PM,9:40,,,Payton REBOUND (Off:2 Def:5),,,5.0,203901,Elfrid Payton,1610612753.0,Orlando,Magic,ORL,0,0,,,,,,0,0,,,,,,1
239,0021601139,257,2,1,3,7:21 PM,9:28,,,MISS Gordon  3PT Jump Shot,,,5.0,203932,Aaron Gordon,1610612753.0,Orlando,Magic,ORL,0,0,,,,,,0,0,,,,,,1
240,0021601139,258,4,0,3,7:21 PM,9:27,Hollis-Jefferson REBOUND (Off:0 Def:4),,,,,4.0,1626178,Rondae Hollis-Jefferson,1610612751.0,Brooklyn,Nets,BKN,0,0,,,,,,0,0,,,,,,1
241,0021601139,259,2,1,3,7:21 PM,9:10,MISS Foye 25' 3PT Jump Shot,,,,,4.0,200751,Randy Foye,1610612751.0,Brooklyn,Nets,BKN,0,0,,,,,,0,0,,,,,,1
242,0021601139,260,4,0,3,7:21 PM,9:09,,,Vucevic REBOUND (Off:1 Def:7),,,5.0,202696,Nikola Vucevic,1610612753.0,Orlando,Magic,ORL,0,0,,,,,,0,0,,,,,,1
243,0021601139,261,1,1,3,7:21 PM,8:56,,,Vucevic 21' Jump Shot (19 PTS) (Gordon 3 AST),61 - 64,3,5.0,202696,Nikola Vucevic,1610612753.0,Orlando,Magic,ORL,5,203932,Aaron Gordon,1610612753.0,Orlando,Magic,ORL,0,0,,,,,,1
244,0021601139,262,1,79,3,7:22 PM,8:44,Lin 24' 3PT Pullup Jump Shot (6 PTS),,,61 - 67,6,4.0,202391,Jeremy Lin,1610612751.0,Brooklyn,Nets,BKN,0,0,,,,,,0,0,,,,,,1
245,0021601139,263,6,1,3,7:22 PM,8:26,Lin P.FOUL (P2.T1) (J.Williams),,,,,4.0,202391,Jeremy Lin,1610612751.0,Brooklyn,Nets,BKN,5,203932,Aaron Gordon,1610612753.0,Orlando,Magic,ORL,1,0,,,,,,1
246,0021601139,264,2,1,3,7:22 PM,8:16,,,MISS Vucevic 25' 3PT Jump Shot,,,5.0,202696,Nikola Vucevic,1610612753.0,Orlando,Magic,ORL,0,0,,,,,,0,0,,,,,,1
247,0021601139,265,4,0,3,7:22 PM,8:15,Foye REBOUND (Off:0 Def:2),,,,,4.0,200751,Randy Foye,1610612751.0,Brooklyn,Nets,BKN,0,0,,,,,,0,0,,,,,,1
248,0021601139,266,1,42,3,7:23 PM,8:01,LeVert 3' Driving Layup (7 PTS),,,61 - 69,8,4.0,1627747,Caris LeVert,1610612751.0,Brooklyn,Nets,BKN,0,0,,,,,,0,0,,,,,,1
249,0021601139,267,2,1,3,7:23 PM,7:49,Lopez BLOCK (2 BLK),,MISS Vucevic 9' Jump Shot,,,5.0,202696,Nikola Vucevic,1610612753.0,Orlando,Magic,ORL,0,0,,,,,,4,201572,Brook Lopez,1610612751.0,Brooklyn,Nets,BKN,1
250,0021601139,268,4,0,3,7:23 PM,7:47,,,Vucevic REBOUND (Off:2 Def:7),,,5.0,202696,Nikola Vucevic,1610612753.0,Orlando,Magic,ORL,0,0,,,,,,0,0,,,,,,1
251,0021601139,269,2,5,3,7:23 PM,7:44,,,MISS Gordon 3' Layup,,,5.0,203932,Aaron Gordon,1610612753.0,Orlando,Magic,ORL,0,0,,,,,,0,0,,,,,,1
252,0021601139,270,4,0,3,7:23 PM,7:43,,,Gordon REBOUND (Off:1 Def:7),,,5.0,203932,Aaron Gordon,1610612753.0,Orlando,Magic,ORL,0,0,,,,,,0,0,,,,,,1
253,0021601139,271,2,72,3,7:23 PM,7:42,,,MISS Gordon 2' Putback Layup,,,5.0,203932,Aaron Gordon,1610612753.0,Orlando,Magic,ORL,0,0,,,,,,0,0,,,,,,1
254,0021601139,272,4,0,3,7:23 PM,7:41,,,Vucevic REBOUND (Off:3 Def:7),,,5.0,202696,Nikola Vucevic,1610612753.0,Orlando,Magic,ORL,0,0,,,,,,0,0,,,,,,1
255,0021601139,273,1,97,3,7:23 PM,7:40,,,Vucevic 2' Tip Layup Shot (21 PTS),63 - 69,6,5.0,202696,Nikola Vucevic,1610612753.0,Orlando,Magic,ORL,0,0,,,,,,0,0,,,,,,1
256,0021601139,274,2,1,3,7:23 PM,7:19,MISS Lopez 25' 3PT Jump Shot,,,,,4.0,201572,Brook Lopez,1610612751.0,Brooklyn,Nets,BKN,0,0,,,,,,0,0,,,,,,1
257,0021601139,275,4,0,3,7:23 PM,7:18,,,Gordon REBOUND (Off:1 Def:8),,,5.0,203932,Aaron Gordon,1610612753.0,Orlando,Magic,ORL,0,0,,,,,,0,0,,,,,,1
258,0021601139,276,6,2,3,7:24 PM,7:10,Foye S.FOUL (P1.T2) (B.Taylor),,,,,4.0,200751,Randy Foye,1610612751.0,Brooklyn,Nets,BKN,5,203901,Elfrid Payton,1610612753.0,Orlando,Magic,ORL,1,0,,,,,,1
259,0021601139,277,3,11,3,7:24 PM,7:10,,,Payton Free Throw 1 of 2 (7 PTS),64 - 69,5,5.0,203901,Elfrid Payton,1610612753.0,Orlando,Magic,ORL,0,0,,,,,,0,0,,,,,,0
260,0021601139,279,8,0,3,7:24 PM,7:10,SUB: Whitehead FOR LeVert,,,,,4.0,1627747,Caris LeVert,1610612751.0,Brooklyn,Nets,BKN,4,1627785,Isaiah Whitehead,1610612751.0,Brooklyn,Nets,BKN,0,0,,,,,,0
261,0021601139,280,3,12,3,7:24 PM,7:10,,,MISS Payton Free Throw 2 of 2,,,5.0,203901,Elfrid Payton,1610612753.0,Orlando,Magic,ORL,0,0,,,,,,0,0,,,,,,0
262,0021601139,282,4,0,3,7:24 PM,7:09,Lopez REBOUND (Off:2 Def:4),,,,,4.0,201572,Brook Lopez,1610612751.0,Brooklyn,Nets,BKN,0,0,,,,,,0,0,,,,,,1
263,0021601139,283,5,2,3,7:24 PM,6:59,Hollis-Jefferson Lost Ball Turnover (P2.T7),,Ross STEAL (1 STL),,,4.0,1626178,Rondae Hollis-Jefferson,1610612751.0,Brooklyn,Nets,BKN,5,203082,Terrence Ross,1610612753.0,Orlando,Magic,ORL,0,0,,,,,,1
264,0021601139,284,2,41,3,7:24 PM,6:55,,,MISS Fournier 1' Running Layup,,,5.0,203095,Evan Fournier,1610612753.0,Orlando,Magic,ORL,0,0,,,,,,0,0,,,,,,1
265,0021601139,285,4,0,3,7:24 PM,6:54,,,Gordon REBOUND (Off:2 Def:8),,,5.0,203932,Aaron Gordon,1610612753.0,Orlando,Magic,ORL,0,0,,,,,,0,0,,,,,,1
266,0021601139,286,1,44,3,7:25 PM,6:49,,,Fournier 2' Reverse Layup (12 PTS) (Vucevic 1 AST),66 - 69,3,5.0,203095,Evan Fournier,1610612753.0,Orlando,Magic,ORL,5,202696,Nikola Vucevic,1610612753.0,Orlando,Magic,ORL,0,0,,,,,,1
267,0021601139,287,9,1,3,7:25 PM,6:49,NETS Timeout: Regular (Full 3 Short 0),,,,,2.0,1610612751,,,,,,0,0,,,,,,0,0,,,,,,0
268,0021601139,289,8,0,3,7:27 PM,6:49,SUB: Kilpatrick FOR Foye,,,,,4.0,200751,Randy Foye,1610612751.0,Brooklyn,Nets,BKN,4,203930,Sean Kilpatrick,1610612751.0,Brooklyn,Nets,BKN,0,0,,,,,,0
269,0021601139,290,8,0,3,7:27 PM,6:49,SUB: Booker FOR Hollis-Jefferson,,,,,4.0,1626178,Rondae Hollis-Jefferson,1610612751.0,Brooklyn,Nets,BKN,4,202344,Trevor Booker,1610612751.0,Brooklyn,Nets,BKN,0,0,,,,,,0
270,0021601139,291,1,73,3,7:27 PM,6:33,Whitehead 1' Driving Reverse Layup (2 PTS) (Booker 1 AST),,,66 - 71,5,4.0,1627785,Isaiah Whitehead,1610612751.0,Brooklyn,Nets,BKN,4,202344,Trevor Booker,1610612751.0,Brooklyn,Nets,BKN,0,0,,,,,,1
271,0021601139,292,1,79,3,7:28 PM,6:10,,,Ross 16' Pullup Jump Shot (6 PTS),68 - 71,3,5.0,203082,Terrence Ross,1610612753.0,Orlando,Magic,ORL,0,0,,,,,,0,0,,,,,,1
272,0021601139,293,5,2,3,7:28 PM,6:00,Booker Lost Ball Turnover (P1.T8),,Fournier STEAL (1 STL),,,4.0,202344,Trevor Booker,1610612751.0,Brooklyn,Nets,BKN,5,203095,Evan Fournier,1610612753.0,Orlando,Magic,ORL,0,0,,,,,,1
273,0021601139,294,1,5,3,7:28 PM,5:49,,,Vucevic 3' Layup (23 PTS) (Gordon 4 AST),70 - 71,1,5.0,202696,Nikola Vucevic,1610612753.0,Orlando,Magic,ORL,5,203932,Aaron Gordon,1610612753.0,Orlando,Magic,ORL,0,0,,,,,,1
274,0021601139,295,1,5,3,7:28 PM,5:44,Lopez 2' Layup (24 PTS) (Lin 6 AST),,,70 - 73,3,4.0,201572,Brook Lopez,1610612751.0,Brooklyn,Nets,BKN,4,202391,Jeremy Lin,1610612751.0,Brooklyn,Nets,BKN,0,0,,,,,,1
275,0021601139,296,6,2,3,7:28 PM,5:44,,,Vucevic S.FOUL (P3.T1) (B.Taylor),,,5.0,202696,Nikola Vucevic,1610612753.0,Orlando,Magic,ORL,4,201572,Brook Lopez,1610612751.0,Brooklyn,Nets,BKN,1,0,,,,,,1
276,0021601139,297,3,10,3,7:29 PM,5:44,Lopez Free Throw 1 of 1 (25 PTS),,,70 - 74,4,4.0,201572,Brook Lopez,1610612751.0,Brooklyn,Nets,BKN,0,0,,,,,,0,0,,,,,,0
277,0021601139,299,6,1,3,7:29 PM,5:30,Lin P.FOUL (P3.T3) (E.Lewis),,,,,4.0,202391,Jeremy Lin,1610612751.0,Brooklyn,Nets,BKN,5,203901,Elfrid Payton,1610612753.0,Orlando,Magic,ORL,1,0,,,,,,1
278,0021601139,300,3,11,3,7:29 PM,5:30,,,Payton Free Throw 1 of 2 (8 PTS),71 - 74,3,5.0,203901,Elfrid Payton,1610612753.0,Orlando,Magic,ORL,0,0,,,,,,0,0,,,,,,0
279,0021601139,302,3,12,3,7:30 PM,5:30,,,Payton Free Throw 2 of 2 (9 PTS),72 - 74,2,5.0,203901,Elfrid Payton,1610612753.0,Orlando,Magic,ORL,0,0,,,,,,0,0,,,,,,0
280,0021601139,304,1,79,3,7:30 PM,5:09,Kilpatrick 18' Pullup Jump Shot (6 PTS),,,72 - 76,4,4.0,203930,Sean Kilpatrick,1610612751.0,Brooklyn,Nets,BKN,0,0,,,,,,0,0,,,,,,1
281,0021601139,305,1,1,3,7:30 PM,4:51,,,Fournier 6' Jump Shot (14 PTS),74 - 76,2,5.0,203095,Evan Fournier,1610612753.0,Orlando,Magic,ORL,0,0,,,,,,0,0,,,,,,1
282,0021601139,306,2,1,3,7:31 PM,4:34,MISS Lin  3PT Jump Shot,,,,,4.0,202391,Jeremy Lin,1610612751.0,Brooklyn,Nets,BKN,0,0,,,,,,0,0,,,,,,1
283,0021601139,307,4,0,3,7:31 PM,4:33,,,Ross REBOUND (Off:0 Def:2),,,5.0,203082,Terrence Ross,1610612753.0,Orlando,Magic,ORL,0,0,,,,,,0,0,,,,,,1
284,0021601139,308,2,1,3,7:31 PM,4:24,,,MISS Ross 28' 3PT Jump Shot,,,5.0,203082,Terrence Ross,1610612753.0,Orlando,Magic,ORL,0,0,,,,,,0,0,,,,,,1
285,0021601139,309,4,0,3,7:31 PM,4:23,,,Gordon REBOUND (Off:3 Def:8),,,5.0,203932,Aaron Gordon,1610612753.0,Orlando,Magic,ORL,0,0,,,,,,0,0,,,,,,1
286,0021601139,310,1,1,3,7:31 PM,4:20,,,Gordon 24' 3PT Jump Shot (16 PTS),77 - 76,-1,5.0,203932,Aaron Gordon,1610612753.0,Orlando,Magic,ORL,0,0,,,,,,0,0,,,,,,1
287,0021601139,311,6,1,3,7:31 PM,4:09,,,Gordon P.FOUL (P2.T2) (E.Lewis),,,5.0,203932,Aaron Gordon,1610612753.0,Orlando,Magic,ORL,4,202391,Jeremy Lin,1610612751.0,Brooklyn,Nets,BKN,1,0,,,,,,1
288,0021601139,312,8,0,3,7:31 PM,4:09,SUB: Hamilton FOR Lopez,,,,,4.0,201572,Brook Lopez,1610612751.0,Brooklyn,Nets,BKN,4,203120,Justin Hamilton,1610612751.0,Brooklyn,Nets,BKN,0,0,,,,,,0
289,0021601139,313,8,0,3,7:31 PM,4:09,SUB: Dinwiddie FOR Lin,,,,,4.0,202391,Jeremy Lin,1610612751.0,Brooklyn,Nets,BKN,4,203915,Spencer Dinwiddie,1610612751.0,Brooklyn,Nets,BKN,0,0,,,,,,0
290,0021601139,314,8,0,3,7:31 PM,4:09,,,SUB: Meeks FOR Ross,,,5.0,203082,Terrence Ross,1610612753.0,Orlando,Magic,ORL,5,201975,Jodie Meeks,1610612753.0,Orlando,Magic,ORL,0,0,,,,,,0
291,0021601139,315,2,1,3,7:32 PM,4:03,MISS Kilpatrick 19' Jump Shot,,,,,4.0,203930,Sean Kilpatrick,1610612751.0,Brooklyn,Nets,BKN,0,0,,,,,,0,0,,,,,,1
292,0021601139,316,4,0,3,7:32 PM,4:02,,,Gordon REBOUND (Off:3 Def:9),,,5.0,203932,Aaron Gordon,1610612753.0,Orlando,Magic,ORL,0,0,,,,,,0,0,,,,,,1
293,0021601139,317,1,47,3,7:32 PM,3:51,,,Vucevic 15' Turnaround Jump Shot (25 PTS),79 - 76,-3,5.0,202696,Nikola Vucevic,1610612753.0,Orlando,Magic,ORL,0,0,,,,,,0,0,,,,,,1
294,0021601139,318,7,1,3,7:32 PM,3:49,,,Magic Violation: Delay of game Violation,,,3.0,1610612753,,,,,,0,0,,,,,,1,0,,,,,,0
295,0021601139,319,5,1,3,7:32 PM,3:36,Kilpatrick Bad Pass Turnover (P3.T9),,Vucevic STEAL (1 STL),,,4.0,203930,Sean Kilpatrick,1610612751.0,Brooklyn,Nets,BKN,5,202696,Nikola Vucevic,1610612753.0,Orlando,Magic,ORL,0,0,,,,,,1
296,0021601139,320,1,1,3,7:32 PM,3:30,,,Meeks  3PT Jump Shot (9 PTS) (Payton 10 AST),82 - 76,-6,5.0,201975,Jodie Meeks,1610612753.0,Orlando,Magic,ORL,5,203901,Elfrid Payton,1610612753.0,Orlando,Magic,ORL,0,0,,,,,,1
297,0021601139,321,1,82,3,7:33 PM,3:15,Kilpatrick 9' Driving Bank Shot (8 PTS) (Whitehead 4 AST),,,82 - 78,-4,4.0,203930,Sean Kilpatrick,1610612751.0,Brooklyn,Nets,BKN,4,1627785,Isaiah Whitehead,1610612751.0,Brooklyn,Nets,BKN,0,0,,,,,,1
298,0021601139,322,2,1,3,7:33 PM,3:03,,,MISS Fournier 5' Jump Shot,,,5.0,203095,Evan Fournier,1610612753.0,Orlando,Magic,ORL,0,0,,,,,,0,0,,,,,,1
299,0021601139,323,4,0,3,7:33 PM,3:01,,,Vucevic REBOUND (Off:4 Def:7),,,5.0,202696,Nikola Vucevic,1610612753.0,Orlando,Magic,ORL,0,0,,,,,,0,0,,,,,,1
300,0021601139,324,2,3,3,7:33 PM,2:49,,,MISS Vucevic 9' Hook Shot,,,5.0,202696,Nikola Vucevic,1610612753.0,Orlando,Magic,ORL,0,0,,,,,,0,0,,,,,,1
301,0021601139,325,4,0,3,7:33 PM,2:48,Kilpatrick REBOUND (Off:1 Def:2),,,,,4.0,203930,Sean Kilpatrick,1610612751.0,Brooklyn,Nets,BKN,0,0,,,,,,0,0,,,,,,1
302,0021601139,326,1,41,3,7:33 PM,2:42,Whitehead 2' Running Layup (4 PTS) (Kilpatrick 3 AST),,,82 - 80,-2,4.0,1627785,Isaiah Whitehead,1610612751.0,Brooklyn,Nets,BKN,4,203930,Sean Kilpatrick,1610612751.0,Brooklyn,Nets,BKN,0,0,,,,,,1
303,0021601139,327,9,1,3,7:33 PM,2:41,,,Magic Timeout: Regular (Reg.3 Short 1),,,3.0,1610612753,,,,,,0,0,,,,,,0,0,,,,,,0
304,0021601139,329,1,1,3,7:36 PM,2:17,,,Gordon 27' 3PT Jump Shot (19 PTS),85 - 80,-5,5.0,203932,Aaron Gordon,1610612753.0,Orlando,Magic,ORL,0,0,,,,,,0,0,,,,,,1
305,0021601139,330,2,46,3,7:36 PM,1:59,MISS Kilpatrick 6' Running Jump Shot,,,,,4.0,203930,Sean Kilpatrick,1610612751.0,Brooklyn,Nets,BKN,0,0,,,,,,0,0,,,,,,1
306,0021601139,331,4,0,3,7:36 PM,1:58,Kilpatrick REBOUND (Off:2 Def:2),,,,,4.0,203930,Sean Kilpatrick,1610612751.0,Brooklyn,Nets,BKN,0,0,,,,,,0,0,,,,,,1
307,0021601139,332,1,3,3,7:36 PM,1:57,Kilpatrick 5' Hook Shot (10 PTS),,,85 - 82,-3,4.0,203930,Sean Kilpatrick,1610612751.0,Brooklyn,Nets,BKN,0,0,,,,,,0,0,,,,,,1
308,0021601139,333,2,5,3,7:37 PM,1:44,Dinwiddie BLOCK (1 BLK),,MISS Payton 2' Layup,,,5.0,203901,Elfrid Payton,1610612753.0,Orlando,Magic,ORL,0,0,,,,,,4,203915,Spencer Dinwiddie,1610612751.0,Brooklyn,Nets,BKN,1
309,0021601139,334,4,0,3,7:37 PM,1:42,Hamilton REBOUND (Off:0 Def:2),,,,,4.0,203120,Justin Hamilton,1610612751.0,Brooklyn,Nets,BKN,0,0,,,,,,0,0,,,,,,1
310,0021601139,335,2,1,3,7:37 PM,1:23,MISS Hamilton 25' 3PT Jump Shot,,,,,4.0,203120,Justin Hamilton,1610612751.0,Brooklyn,Nets,BKN,0,0,,,,,,0,0,,,,,,1
311,0021601139,336,4,0,3,7:37 PM,1:22,,,Payton REBOUND (Off:2 Def:6),,,5.0,203901,Elfrid Payton,1610612753.0,Orlando,Magic,ORL,0,0,,,,,,0,0,,,,,,1
312,0021601139,337,2,86,3,7:37 PM,1:14,,,MISS Vucevic 12' Turnaround Fadeaway Shot,,,5.0,202696,Nikola Vucevic,1610612753.0,Orlando,Magic,ORL,0,0,,,,,,0,0,,,,,,1
313,0021601139,338,4,0,3,7:37 PM,1:13,Booker REBOUND (Off:2 Def:3),,,,,4.0,202344,Trevor Booker,1610612751.0,Brooklyn,Nets,BKN,0,0,,,,,,0,0,,,,,,1
314,0021601139,339,6,2,3,7:37 PM,1:05,,,Gordon S.FOUL (P3.T3) (E.Lewis),,,5.0,203932,Aaron Gordon,1610612753.0,Orlando,Magic,ORL,4,203120,Justin Hamilton,1610612751.0,Brooklyn,Nets,BKN,1,0,,,,,,1
315,0021601139,340,3,11,3,7:38 PM,1:05,Hamilton Free Throw 1 of 2 (12 PTS),,,85 - 83,-2,4.0,203120,Justin Hamilton,1610612751.0,Brooklyn,Nets,BKN,0,0,,,,,,0,0,,,,,,0
316,0021601139,342,8,0,3,7:38 PM,1:05,,,SUB: Augustin FOR Payton,,,5.0,203901,Elfrid Payton,1610612753.0,Orlando,Magic,ORL,5,201571,D.J. Augustin,1610612753.0,Orlando,Magic,ORL,0,0,,,,,,0
317,0021601139,343,8,0,3,7:38 PM,1:05,,,SUB: Biyombo FOR Gordon,,,5.0,203932,Aaron Gordon,1610612753.0,Orlando,Magic,ORL,5,202687,Bismack Biyombo,1610612753.0,Orlando,Magic,ORL,0,0,,,,,,0
318,0021601139,344,8,0,3,7:38 PM,1:05,,,SUB: Hezonja FOR Vucevic,,,5.0,202696,Nikola Vucevic,1610612753.0,Orlando,Magic,ORL,5,1626209,Mario Hezonja,1610612753.0,Orlando,Magic,ORL,0,0,,,,,,0
319,0021601139,345,3,12,3,7:38 PM,1:05,Hamilton Free Throw 2 of 2 (13 PTS),,,85 - 84,-1,4.0,203120,Justin Hamilton,1610612751.0,Brooklyn,Nets,BKN,0,0,,,,,,0,0,,,,,,0
320,0021601139,347,2,1,3,7:38 PM,0:50,,,MISS Fournier 23' Jump Shot,,,5.0,203095,Evan Fournier,1610612753.0,Orlando,Magic,ORL,0,0,,,,,,0,0,,,,,,1
321,0021601139,348,4,0,3,7:38 PM,0:49,Hamilton REBOUND (Off:0 Def:3),,,,,4.0,203120,Justin Hamilton,1610612751.0,Brooklyn,Nets,BKN,0,0,,,,,,0,0,,,,,,1
322,0021601139,349,1,5,3,7:38 PM,0:39,Booker 3' Layup (15 PTS) (Kilpatrick 4 AST),,,85 - 86,1,4.0,202344,Trevor Booker,1610612751.0,Brooklyn,Nets,BKN,4,203930,Sean Kilpatrick,1610612751.0,Brooklyn,Nets,BKN,0,0,,,,,,1
323,0021601139,350,1,46,3,7:39 PM,0:29,,,Augustin 12' Running Jump Shot (5 PTS),87 - 86,-1,5.0,201571,D.J. Augustin,1610612753.0,Orlando,Magic,ORL,0,0,,,,,,0,0,,,,,,1
324,0021601139,351,1,1,3,7:39 PM,0:11,Kilpatrick 24' 3PT Jump Shot (13 PTS),,,87 - 89,2,4.0,203930,Sean Kilpatrick,1610612751.0,Brooklyn,Nets,BKN,0,0,,,,,,0,0,,,,,,1
325,0021601139,352,1,42,3,7:39 PM,0:02,,,Fournier 3' Driving Layup (16 PTS),89 - 89,TIE,5.0,203095,Evan Fournier,1610612753.0,Orlando,Magic,ORL,0,0,,,,,,0,0,,,,,,1
326,0021601139,353,2,1,3,7:39 PM,0:02,MISS Kilpatrick 67' 3PT Jump Shot,,,,,4.0,203930,Sean Kilpatrick,1610612751.0,Brooklyn,Nets,BKN,0,0,,,,,,0,0,,,,,,1
327,0021601139,354,4,0,3,7:39 PM,0:00,NETS Rebound,,,,,2.0,1610612751,,,,,,0,0,,,,,,0,0,,,,,,0
328,0021601139,355,13,0,3,7:40 PM,0:00,,,,89 - 89,TIE,0.0,0,,,,,,0,0,,,,,,0,0,,,,,,0
329,0021601139,357,12,0,4,7:42 PM,12:00,,,,89 - 89,TIE,0.0,0,,,,,,0,0,,,,,,0,0,,,,,,0
330,0021601139,358,2,1,4,7:43 PM,11:38,MISS Goodwin 25' 3PT Jump Shot,,,,,4.0,203462,Archie Goodwin,1610612751.0,Brooklyn,Nets,BKN,0,0,,,,,,0,0,,,,,,1
331,0021601139,359,4,0,4,7:43 PM,11:37,Hamilton REBOUND (Off:1 Def:3),,,,,4.0,203120,Justin Hamilton,1610612751.0,Brooklyn,Nets,BKN,0,0,,,,,,0,0,,,,,,1
332,0021601139,360,1,57,4,7:43 PM,11:27,Booker 4' Driving Hook Shot (17 PTS),,,89 - 91,2,4.0,202344,Trevor Booker,1610612751.0,Brooklyn,Nets,BKN,0,0,,,,,,0,0,,,,,,1
333,0021601139,361,5,39,4,7:43 PM,11:10,,,Meeks Step Out of Bounds Turnover (P1.T11),,,5.0,201975,Jodie Meeks,1610612753.0,Orlando,Magic,ORL,0,0,,,,,,1,0,,,,,,1
334,0021601139,362,1,42,4,7:43 PM,11:00,Dinwiddie 1' Driving Layup (4 PTS),,,89 - 93,4,4.0,203915,Spencer Dinwiddie,1610612751.0,Brooklyn,Nets,BKN,0,0,,,,,,0,0,,,,,,1
335,0021601139,363,2,66,4,7:44 PM,10:44,,,MISS Augustin 7' Jump Bank Shot,,,5.0,201571,D.J. Augustin,1610612753.0,Orlando,Magic,ORL,0,0,,,,,,0,0,,,,,,1
336,0021601139,364,4,0,4,7:44 PM,10:43,,,Hezonja REBOUND (Off:1 Def:0),,,5.0,1626209,Mario Hezonja,1610612753.0,Orlando,Magic,ORL,0,0,,,,,,0,0,,,,,,1
337,0021601139,365,5,1,4,7:44 PM,10:35,Booker STEAL (1 STL),,Augustin Bad Pass Turnover (P4.T12),,,5.0,201571,D.J. Augustin,1610612753.0,Orlando,Magic,ORL,4,202344,Trevor Booker,1610612751.0,Brooklyn,Nets,BKN,0,0,,,,,,1
338,0021601139,366,1,46,4,7:44 PM,10:29,Booker 8' Running Jump Shot (19 PTS),,,89 - 95,6,4.0,202344,Trevor Booker,1610612751.0,Brooklyn,Nets,BKN,0,0,,,,,,0,0,,,,,,1
339,0021601139,367,9,1,4,7:44 PM,10:29,,,Magic Timeout: Regular (Reg.4 Short 1),,,3.0,1610612753,,,,,,0,0,,,,,,0,0,,,,,,0
340,0021601139,369,6,1,4,7:47 PM,10:13,Dinwiddie P.FOUL (P1.T1) (E.Lewis),,,,,4.0,203915,Spencer Dinwiddie,1610612751.0,Brooklyn,Nets,BKN,5,201975,Jodie Meeks,1610612753.0,Orlando,Magic,ORL,1,0,,,,,,1
341,0021601139,370,2,1,4,7:47 PM,10:07,,,MISS Meeks 24' 3PT Jump Shot,,,5.0,201975,Jodie Meeks,1610612753.0,Orlando,Magic,ORL,0,0,,,,,,0,0,,,,,,1
342,0021601139,371,4,0,4,7:47 PM,10:06,Booker REBOUND (Off:2 Def:4),,,,,4.0,202344,Trevor Booker,1610612751.0,Brooklyn,Nets,BKN,0,0,,,,,,0,0,,,,,,1
343,0021601139,372,1,57,4,7:47 PM,9:58,Dinwiddie 7' Driving Hook Shot (6 PTS),,,89 - 97,8,4.0,203915,Spencer Dinwiddie,1610612751.0,Brooklyn,Nets,BKN,0,0,,,,,,0,0,,,,,,1
344,0021601139,373,6,2,4,7:47 PM,9:58,,,Meeks S.FOUL (P1.T1) (E.Lewis),,,5.0,201975,Jodie Meeks,1610612753.0,Orlando,Magic,ORL,4,203915,Spencer Dinwiddie,1610612751.0,Brooklyn,Nets,BKN,1,0,,,,,,1
345,0021601139,374,3,10,4,7:48 PM,9:58,Dinwiddie Free Throw 1 of 1 (7 PTS),,,89 - 98,9,4.0,203915,Spencer Dinwiddie,1610612751.0,Brooklyn,Nets,BKN,0,0,,,,,,0,0,,,,,,0
346,0021601139,376,2,73,4,7:48 PM,9:38,,,MISS Augustin 2' Driving Reverse Layup,,,5.0,201571,D.J. Augustin,1610612753.0,Orlando,Magic,ORL,0,0,,,,,,0,0,,,,,,1
347,0021601139,377,4,0,4,7:48 PM,9:37,Booker REBOUND (Off:2 Def:5),,,,,4.0,202344,Trevor Booker,1610612751.0,Brooklyn,Nets,BKN,0,0,,,,,,0,0,,,,,,1
348,0021601139,378,1,66,4,7:48 PM,9:29,Booker 7' Jump Bank Shot (21 PTS) (Dinwiddie 1 AST),,,89 - 100,11,4.0,202344,Trevor Booker,1610612751.0,Brooklyn,Nets,BKN,4,203915,Spencer Dinwiddie,1610612751.0,Brooklyn,Nets,BKN,0,0,,,,,,1
349,0021601139,379,9,2,4,7:49 PM,9:29,,,Magic Timeout: Short (Reg.4 Short 2),,,3.0,1610612753,,,,,,0,0,,,,,,0,0,,,,,,0
350,0021601139,381,8,0,4,7:49 PM,9:29,,,SUB: Payton FOR Meeks,,,5.0,201975,Jodie Meeks,1610612753.0,Orlando,Magic,ORL,5,203901,Elfrid Payton,1610612753.0,Orlando,Magic,ORL,0,0,,,,,,0
351,0021601139,382,6,1,4,7:50 PM,9:21,Booker P.FOUL (P1.T2) (J.Williams),,,,,4.0,202344,Trevor Booker,1610612751.0,Brooklyn,Nets,BKN,5,1626209,Mario Hezonja,1610612753.0,Orlando,Magic,ORL,1,0,,,,,,1
352,0021601139,383,2,1,4,7:50 PM,9:11,,,MISS Ross 24' 3PT Jump Shot,,,5.0,203082,Terrence Ross,1610612753.0,Orlando,Magic,ORL,0,0,,,,,,0,0,,,,,,1
353,0021601139,384,4,0,4,7:50 PM,9:10,Hamilton REBOUND (Off:1 Def:4),,,,,4.0,203120,Justin Hamilton,1610612751.0,Brooklyn,Nets,BKN,0,0,,,,,,0,0,,,,,,1
354,0021601139,385,2,1,4,7:50 PM,9:02,MISS Dinwiddie 25' 3PT Jump Shot,,,,,4.0,203915,Spencer Dinwiddie,1610612751.0,Brooklyn,Nets,BKN,0,0,,,,,,0,0,,,,,,1
355,0021601139,386,4,0,4,7:50 PM,9:01,,,Payton REBOUND (Off:2 Def:7),,,5.0,203901,Elfrid Payton,1610612753.0,Orlando,Magic,ORL,0,0,,,,,,0,0,,,,,,1
356,0021601139,387,1,79,4,7:50 PM,8:51,,,Payton 17' Pullup Jump Shot (11 PTS),91 - 100,9,5.0,203901,Elfrid Payton,1610612753.0,Orlando,Magic,ORL,0,0,,,,,,0,0,,,,,,1
357,0021601139,388,1,1,4,7:51 PM,8:34,Booker 18' Jump Shot (23 PTS),,,91 - 102,11,4.0,202344,Trevor Booker,1610612751.0,Brooklyn,Nets,BKN,0,0,,,,,,0,0,,,,,,1
358,0021601139,389,6,2,4,7:51 PM,8:17,Dinwiddie S.FOUL (P2.T3) (E.Lewis),,,,,4.0,203915,Spencer Dinwiddie,1610612751.0,Brooklyn,Nets,BKN,5,203901,Elfrid Payton,1610612753.0,Orlando,Magic,ORL,1,0,,,,,,1
359,0021601139,390,3,11,4,7:51 PM,8:17,,,Payton Free Throw 1 of 2 (12 PTS),92 - 102,10,5.0,203901,Elfrid Payton,1610612753.0,Orlando,Magic,ORL,0,0,,,,,,0,0,,,,,,0
360,0021601139,392,3,12,4,7:51 PM,8:17,,,Payton Free Throw 2 of 2 (13 PTS),93 - 102,9,5.0,203901,Elfrid Payton,1610612753.0,Orlando,Magic,ORL,0,0,,,,,,0,0,,,,,,0
361,0021601139,394,1,93,4,7:52 PM,7:59,Whitehead 5' Driving Bank Hook Shot (6 PTS),,,93 - 104,11,4.0,1627785,Isaiah Whitehead,1610612751.0,Brooklyn,Nets,BKN,0,0,,,,,,0,0,,,,,,1
362,0021601139,395,2,73,4,7:52 PM,7:37,,,MISS Ross 3' Driving Reverse Layup,,,5.0,203082,Terrence Ross,1610612753.0,Orlando,Magic,ORL,0,0,,,,,,0,0,,,,,,1
363,0021601139,396,4,0,4,7:52 PM,7:36,Booker REBOUND (Off:2 Def:6),,,,,4.0,202344,Trevor Booker,1610612751.0,Brooklyn,Nets,BKN,0,0,,,,,,0,0,,,,,,1
364,0021601139,397,6,2,4,7:52 PM,7:32,,,Hezonja S.FOUL (P1.T2) (B.Taylor),,,5.0,1626209,Mario Hezonja,1610612753.0,Orlando,Magic,ORL,4,203462,Archie Goodwin,1610612751.0,Brooklyn,Nets,BKN,1,0,,,,,,1
365,0021601139,398,3,11,4,7:53 PM,7:32,Goodwin Free Throw 1 of 2 (3 PTS),,,93 - 105,12,4.0,203462,Archie Goodwin,1610612751.0,Brooklyn,Nets,BKN,0,0,,,,,,0,0,,,,,,0
366,0021601139,400,8,0,4,7:53 PM,7:32,,,SUB: Vucevic FOR Hezonja,,,5.0,1626209,Mario Hezonja,1610612753.0,Orlando,Magic,ORL,5,202696,Nikola Vucevic,1610612753.0,Orlando,Magic,ORL,0,0,,,,,,0
367,0021601139,401,8,0,4,7:53 PM,7:32,,,SUB: Gordon FOR Biyombo,,,5.0,202687,Bismack Biyombo,1610612753.0,Orlando,Magic,ORL,5,203932,Aaron Gordon,1610612753.0,Orlando,Magic,ORL,0,0,,,,,,0
368,0021601139,402,3,12,4,7:53 PM,7:32,Goodwin Free Throw 2 of 2 (4 PTS),,,93 - 106,13,4.0,203462,Archie Goodwin,1610612751.0,Brooklyn,Nets,BKN,0,0,,,,,,0,0,,,,,,0
369,0021601139,404,1,1,4,7:54 PM,7:09,,,Payton 26' 3PT Jump Shot (16 PTS) (Gordon 5 AST),96 - 106,10,5.0,203901,Elfrid Payton,1610612753.0,Orlando,Magic,ORL,5,203932,Aaron Gordon,1610612753.0,Orlando,Magic,ORL,0,0,,,,,,1
370,0021601139,405,1,108,4,7:54 PM,6:56,Goodwin  Cutting Dunk Shot (6 PTS) (Whitehead 5 AST),,,96 - 108,12,4.0,203462,Archie Goodwin,1610612751.0,Brooklyn,Nets,BKN,4,1627785,Isaiah Whitehead,1610612751.0,Brooklyn,Nets,BKN,0,0,,,,,,1
371,0021601139,406,1,73,4,7:54 PM,6:41,,,Payton 2' Driving Reverse Layup (18 PTS),98 - 108,10,5.0,203901,Elfrid Payton,1610612753.0,Orlando,Magic,ORL,0,0,,,,,,0,0,,,,,,1
372,0021601139,407,6,26,4,7:54 PM,6:27,Hamilton Offensive Charge Foul (P1.T4) (J.Williams),,,,,4.0,203120,Justin Hamilton,1610612751.0,Brooklyn,Nets,BKN,5,201571,D.J. Augustin,1610612753.0,Orlando,Magic,ORL,1,0,,,,,,1
373,0021601139,408,5,5,4,7:54 PM,6:27,Hamilton Foul Turnover (P2.T10),,,,,4.0,203120,Justin Hamilton,1610612751.0,Brooklyn,Nets,BKN,0,0,,,,,,1,0,,,,,,1
374,0021601139,409,8,0,4,7:55 PM,6:27,SUB: Lin FOR Dinwiddie,,,,,4.0,203915,Spencer Dinwiddie,1610612751.0,Brooklyn,Nets,BKN,4,202391,Jeremy Lin,1610612751.0,Brooklyn,Nets,BKN,0,0,,,,,,0
375,0021601139,410,8,0,4,7:55 PM,6:27,SUB: Lopez FOR Hamilton,,,,,4.0,203120,Justin Hamilton,1610612751.0,Brooklyn,Nets,BKN,4,201572,Brook Lopez,1610612751.0,Brooklyn,Nets,BKN,0,0,,,,,,0
376,0021601139,411,8,0,4,7:55 PM,6:27,,,SUB: Fournier FOR Augustin,,,5.0,201571,D.J. Augustin,1610612753.0,Orlando,Magic,ORL,5,203095,Evan Fournier,1610612753.0,Orlando,Magic,ORL,0,0,,,,,,0
377,0021601139,412,8,0,4,7:55 PM,6:26,,,SUB: Meeks FOR Ross,,,5.0,203082,Terrence Ross,1610612753.0,Orlando,Magic,ORL,5,201975,Jodie Meeks,1610612753.0,Orlando,Magic,ORL,0,0,,,,,,0
378,0021601139,413,2,1,4,7:55 PM,6:18,Goodwin BLOCK (1 BLK),,MISS Payton 14' Jump Shot,,,5.0,203901,Elfrid Payton,1610612753.0,Orlando,Magic,ORL,0,0,,,,,,4,203462,Archie Goodwin,1610612751.0,Brooklyn,Nets,BKN,1
379,0021601139,414,4,0,4,7:55 PM,6:17,Lin REBOUND (Off:0 Def:4),,,,,4.0,202391,Jeremy Lin,1610612751.0,Brooklyn,Nets,BKN,0,0,,,,,,0,0,,,,,,1
380,0021601139,415,1,73,4,7:55 PM,6:04,Lopez 2' Driving Reverse Layup (27 PTS) (Lin 7 AST),,,98 - 110,12,4.0,201572,Brook Lopez,1610612751.0,Brooklyn,Nets,BKN,4,202391,Jeremy Lin,1610612751.0,Brooklyn,Nets,BKN,0,0,,,,,,1
381,0021601139,416,9,1,4,7:56 PM,5:59,,,Magic Timeout: Regular (Reg.5 Short 2),,,3.0,1610612753,,,,,,0,0,,,,,,0,0,,,,,,0
382,0021601139,419,8,0,4,7:58 PM,5:59,SUB: LeVert FOR Whitehead,,,,,4.0,1627785,Isaiah Whitehead,1610612751.0,Brooklyn,Nets,BKN,4,1627747,Caris LeVert,1610612751.0,Brooklyn,Nets,BKN,0,0,,,,,,0
383,0021601139,420,8,0,4,7:58 PM,5:59,SUB: Hollis-Jefferson FOR Booker,,,,,4.0,202344,Trevor Booker,1610612751.0,Brooklyn,Nets,BKN,4,1626178,Rondae Hollis-Jefferson,1610612751.0,Brooklyn,Nets,BKN,0,0,,,,,,0
384,0021601139,421,6,2,4,7:58 PM,5:46,Lin S.FOUL (P4.PN) (J.Williams),,,,,4.0,202391,Jeremy Lin,1610612751.0,Brooklyn,Nets,BKN,5,201975,Jodie Meeks,1610612753.0,Orlando,Magic,ORL,1,0,,,,,,1
385,0021601139,422,3,11,4,7:59 PM,5:46,,,Meeks Free Throw 1 of 2 (10 PTS),99 - 110,11,5.0,201975,Jodie Meeks,1610612753.0,Orlando,Magic,ORL,0,0,,,,,,0,0,,,,,,0
386,0021601139,424,3,12,4,7:59 PM,5:46,,,Meeks Free Throw 2 of 2 (11 PTS),100 - 110,10,5.0,201975,Jodie Meeks,1610612753.0,Orlando,Magic,ORL,0,0,,,,,,0,0,,,,,,0
387,0021601139,426,1,1,4,7:59 PM,5:29,LeVert 9' Jump Shot (9 PTS),,,100 - 112,12,4.0,1627747,Caris LeVert,1610612751.0,Brooklyn,Nets,BKN,0,0,,,,,,0,0,,,,,,1
388,0021601139,427,1,85,4,8:00 PM,5:03,,,Vucevic 18' Turnaround Bank Shot (27 PTS),102 - 112,10,5.0,202696,Nikola Vucevic,1610612753.0,Orlando,Magic,ORL,0,0,,,,,,0,0,,,,,,1
389,0021601139,428,2,42,4,8:00 PM,4:43,MISS Goodwin 3' Driving Layup,,Meeks BLOCK (1 BLK),,,4.0,203462,Archie Goodwin,1610612751.0,Brooklyn,Nets,BKN,0,0,,,,,,5,201975,Jodie Meeks,1610612753.0,Orlando,Magic,ORL,1
390,0021601139,429,4,0,4,8:00 PM,4:43,NETS Rebound,,,,,2.0,1610612751,,,,,,0,0,,,,,,0,0,,,,,,0
391,0021601139,430,2,75,4,8:00 PM,4:38,MISS Lin 3' Driving Finger Roll Layup,,,,,4.0,202391,Jeremy Lin,1610612751.0,Brooklyn,Nets,BKN,0,0,,,,,,0,0,,,,,,1
392,0021601139,431,4,0,4,8:00 PM,4:37,,,Payton REBOUND (Off:2 Def:8),,,5.0,203901,Elfrid Payton,1610612753.0,Orlando,Magic,ORL,0,0,,,,,,0,0,,,,,,1
393,0021601139,432,2,1,4,8:00 PM,4:31,,,MISS Gordon 25' 3PT Jump Shot,,,5.0,203932,Aaron Gordon,1610612753.0,Orlando,Magic,ORL,0,0,,,,,,0,0,,,,,,1
394,0021601139,433,4,0,4,8:00 PM,4:30,Lopez REBOUND (Off:2 Def:5),,,,,4.0,201572,Brook Lopez,1610612751.0,Brooklyn,Nets,BKN,0,0,,,,,,0,0,,,,,,1
395,0021601139,434,2,79,4,8:01 PM,4:07,MISS Lin 20' Pullup Jump Shot,,,,,4.0,202391,Jeremy Lin,1610612751.0,Brooklyn,Nets,BKN,0,0,,,,,,0,0,,,,,,1
396,0021601139,435,4,0,4,8:01 PM,4:06,,,Gordon REBOUND (Off:3 Def:10),,,5.0,203932,Aaron Gordon,1610612753.0,Orlando,Magic,ORL,0,0,,,,,,0,0,,,,,,1
397,0021601139,436,2,1,4,8:01 PM,3:56,,,MISS Meeks 25' 3PT Jump Shot,,,5.0,201975,Jodie Meeks,1610612753.0,Orlando,Magic,ORL,0,0,,,,,,0,0,,,,,,1
398,0021601139,437,4,0,4,8:01 PM,3:55,Hollis-Jefferson REBOUND (Off:0 Def:5),,,,,4.0,1626178,Rondae Hollis-Jefferson,1610612751.0,Brooklyn,Nets,BKN,0,0,,,,,,0,0,,,,,,1
399,0021601139,438,6,2,4,8:01 PM,3:34,,,Vucevic S.FOUL (P4.T3) (J.Williams),,,5.0,202696,Nikola Vucevic,1610612753.0,Orlando,Magic,ORL,4,203462,Archie Goodwin,1610612751.0,Brooklyn,Nets,BKN,1,0,,,,,,1
400,0021601139,439,3,11,4,8:02 PM,3:34,Goodwin Free Throw 1 of 2 (7 PTS),,,102 - 113,11,4.0,203462,Archie Goodwin,1610612751.0,Brooklyn,Nets,BKN,0,0,,,,,,0,0,,,,,,0
401,0021601139,441,8,0,4,8:02 PM,3:34,,,SUB: Ross FOR Meeks,,,5.0,201975,Jodie Meeks,1610612753.0,Orlando,Magic,ORL,5,203082,Terrence Ross,1610612753.0,Orlando,Magic,ORL,0,0,,,,,,0
402,0021601139,442,3,12,4,8:02 PM,3:34,Goodwin Free Throw 2 of 2 (8 PTS),,,102 - 114,12,4.0,203462,Archie Goodwin,1610612751.0,Brooklyn,Nets,BKN,0,0,,,,,,0,0,,,,,,0
403,0021601139,444,1,78,4,8:02 PM,3:24,,,Fournier 8' Floating Jump Shot (18 PTS) (Payton 11 AST),104 - 114,10,5.0,203095,Evan Fournier,1610612753.0,Orlando,Magic,ORL,5,203901,Elfrid Payton,1610612753.0,Orlando,Magic,ORL,0,0,,,,,,1
404,0021601139,445,6,2,4,8:02 PM,3:24,LeVert S.FOUL (P1.PN) (B.Taylor),,,,,4.0,1627747,Caris LeVert,1610612751.0,Brooklyn,Nets,BKN,5,203095,Evan Fournier,1610612753.0,Orlando,Magic,ORL,1,0,,,,,,1
405,0021601139,446,8,0,4,8:03 PM,3:24,SUB: Kilpatrick FOR Goodwin,,,,,4.0,203462,Archie Goodwin,1610612751.0,Brooklyn,Nets,BKN,4,203930,Sean Kilpatrick,1610612751.0,Brooklyn,Nets,BKN,0,0,,,,,,0
406,0021601139,447,3,10,4,8:03 PM,3:24,,,MISS Fournier Free Throw 1 of 1,,,5.0,203095,Evan Fournier,1610612753.0,Orlando,Magic,ORL,0,0,,,,,,0,0,,,,,,0
407,0021601139,449,4,0,4,8:03 PM,3:23,,,Gordon REBOUND (Off:4 Def:10),,,5.0,203932,Aaron Gordon,1610612753.0,Orlando,Magic,ORL,0,0,,,,,,0,0,,,,,,1
408,0021601139,450,5,1,4,8:03 PM,3:17,Lin STEAL (2 STL),,Gordon Bad Pass Turnover (P1.T13),,,5.0,203932,Aaron Gordon,1610612753.0,Orlando,Magic,ORL,4,202391,Jeremy Lin,1610612751.0,Brooklyn,Nets,BKN,0,0,,,,,,1
409,0021601139,451,1,42,4,8:03 PM,2:59,Lin 3' Driving Layup (8 PTS),,,104 - 116,12,4.0,202391,Jeremy Lin,1610612751.0,Brooklyn,Nets,BKN,0,0,,,,,,0,0,,,,,,1
410,0021601139,452,1,79,4,8:04 PM,2:33,,,Payton 18' Pullup Jump Shot (20 PTS),106 - 116,10,5.0,203901,Elfrid Payton,1610612753.0,Orlando,Magic,ORL,0,0,,,,,,0,0,,,,,,1
411,0021601139,453,5,1,4,8:04 PM,2:18,Lin Bad Pass Turnover (P2.T11),,Fournier STEAL (2 STL),,,4.0,202391,Jeremy Lin,1610612751.0,Brooklyn,Nets,BKN,5,203095,Evan Fournier,1610612753.0,Orlando,Magic,ORL,0,0,,,,,,1
412,0021601139,454,6,1,4,8:04 PM,2:17,Lopez P.FOUL (P1.PN) (J.Williams),,,,,4.0,201572,Brook Lopez,1610612751.0,Brooklyn,Nets,BKN,5,203095,Evan Fournier,1610612753.0,Orlando,Magic,ORL,1,0,,,,,,1
413,0021601139,455,9,4,4,8:04 PM,2:17,,,,,,1.0,0,,,,,,0,0,,,,,,0,0,,,,,,0
414,0021601139,456,18,0,4,8:04 PM,2:17,,,,,,,454,,,,,,0,0,,,,,,1,0,,,,,,0
415,0021601139,458,3,11,4,8:07 PM,2:17,,,Fournier Free Throw 1 of 2 (19 PTS),107 - 116,9,5.0,203095,Evan Fournier,1610612753.0,Orlando,Magic,ORL,0,0,,,,,,0,0,,,,,,0
416,0021601139,460,3,12,4,8:07 PM,2:17,,,Fournier Free Throw 2 of 2 (20 PTS),108 - 116,8,5.0,203095,Evan Fournier,1610612753.0,Orlando,Magic,ORL,0,0,,,,,,0,0,,,,,,0
417,0021601139,462,2,42,4,8:07 PM,2:02,MISS Lin 3' Driving Layup,,,,,4.0,202391,Jeremy Lin,1610612751.0,Brooklyn,Nets,BKN,0,0,,,,,,0,0,,,,,,1
418,0021601139,463,4,0,4,8:07 PM,2:01,NETS Rebound,,,,,2.0,1610612751,,,,,,0,0,,,,,,0,0,,,,,,0
419,0021601139,464,1,1,4,8:08 PM,1:58,Lopez 25' 3PT Jump Shot (30 PTS) (Lin 8 AST),,,108 - 119,11,4.0,201572,Brook Lopez,1610612751.0,Brooklyn,Nets,BKN,4,202391,Jeremy Lin,1610612751.0,Brooklyn,Nets,BKN,0,0,,,,,,1
420,0021601139,465,2,1,4,8:08 PM,1:41,,,MISS Fournier 25' 3PT Jump Shot,,,5.0,203095,Evan Fournier,1610612753.0,Orlando,Magic,ORL,0,0,,,,,,0,0,,,,,,1
421,0021601139,466,4,0,4,8:08 PM,1:40,Hollis-Jefferson REBOUND (Off:0 Def:6),,,,,4.0,1626178,Rondae Hollis-Jefferson,1610612751.0,Brooklyn,Nets,BKN,0,0,,,,,,0,0,,,,,,1
422,0021601139,467,2,1,4,8:08 PM,1:21,MISS Lopez 28' 3PT Jump Shot,,,,,4.0,201572,Brook Lopez,1610612751.0,Brooklyn,Nets,BKN,0,0,,,,,,0,0,,,,,,1
423,0021601139,468,4,0,4,8:08 PM,1:20,,,Payton REBOUND (Off:2 Def:9),,,5.0,203901,Elfrid Payton,1610612753.0,Orlando,Magic,ORL,0,0,,,,,,0,0,,,,,,1
424,0021601139,469,2,1,4,8:08 PM,1:10,,,MISS Payton 26' 3PT Jump Shot,,,5.0,203901,Elfrid Payton,1610612753.0,Orlando,Magic,ORL,0,0,,,,,,0,0,,,,,,1
425,0021601139,470,4,0,4,8:08 PM,1:09,Kilpatrick REBOUND (Off:2 Def:3),,,,,4.0,203930,Sean Kilpatrick,1610612751.0,Brooklyn,Nets,BKN,0,0,,,,,,0,0,,,,,,1
426,0021601139,471,6,1,4,8:09 PM,0:53,,,Fournier P.FOUL (P3.T4) (J.Williams),,,5.0,203095,Evan Fournier,1610612753.0,Orlando,Magic,ORL,4,1627747,Caris LeVert,1610612751.0,Brooklyn,Nets,BKN,1,0,,,,,,1
427,0021601139,472,2,1,4,8:09 PM,0:38,MISS Kilpatrick 25' 3PT Jump Shot,,,,,4.0,203930,Sean Kilpatrick,1610612751.0,Brooklyn,Nets,BKN,0,0,,,,,,0,0,,,,,,1
428,0021601139,473,4,0,4,8:09 PM,0:37,,,Gordon REBOUND (Off:4 Def:11),,,5.0,203932,Aaron Gordon,1610612753.0,Orlando,Magic,ORL,0,0,,,,,,0,0,,,,,,1
429,0021601139,474,1,79,4,8:09 PM,0:34,,,Gordon 25' 3PT Pullup Jump Shot (22 PTS),111 - 119,8,5.0,203932,Aaron Gordon,1610612753.0,Orlando,Magic,ORL,0,0,,,,,,0,0,,,,,,1
430,0021601139,475,6,28,4,8:10 PM,0:31,,,Ross Personal Take Foul (P2.PN) (J.Williams),,,5.0,203082,Terrence Ross,1610612753.0,Orlando,Magic,ORL,4,203930,Sean Kilpatrick,1610612751.0,Brooklyn,Nets,BKN,1,0,,,,,,1
431,0021601139,476,3,11,4,8:10 PM,0:31,Kilpatrick Free Throw 1 of 2 (14 PTS),,,111 - 120,9,4.0,203930,Sean Kilpatrick,1610612751.0,Brooklyn,Nets,BKN,0,0,,,,,,0,0,,,,,,1
432,0021601139,478,8,0,4,8:10 PM,0:31,SUB: Booker FOR Lopez,,,,,4.0,201572,Brook Lopez,1610612751.0,Brooklyn,Nets,BKN,4,202344,Trevor Booker,1610612751.0,Brooklyn,Nets,BKN,0,0,,,,,,0
433,0021601139,479,3,12,4,8:10 PM,0:31,Kilpatrick Free Throw 2 of 2 (15 PTS),,,111 - 121,10,4.0,203930,Sean Kilpatrick,1610612751.0,Brooklyn,Nets,BKN,0,0,,,,,,0,0,,,,,,1
434,0021601139,481,5,4,4,8:11 PM,0:21,,,Fournier Traveling Turnover (P2.T14),,,5.0,203095,Evan Fournier,1610612753.0,Orlando,Magic,ORL,0,0,,,,,,1,0,,,,,,1
435,0021601139,482,8,0,4,8:11 PM,0:21,SUB: Goodwin FOR Lin,,,,,4.0,202391,Jeremy Lin,1610612751.0,Brooklyn,Nets,BKN,4,203462,Archie Goodwin,1610612751.0,Brooklyn,Nets,BKN,0,0,,,,,,0
436,0021601139,483,8,0,4,8:11 PM,0:21,SUB: Dinwiddie FOR LeVert,,,,,4.0,1627747,Caris LeVert,1610612751.0,Brooklyn,Nets,BKN,4,203915,Spencer Dinwiddie,1610612751.0,Brooklyn,Nets,BKN,0,0,,,,,,0
437,0021601139,484,13,0,4,8:11 PM,0:00,,,,111 - 121,10,0.0,0,,,,,,0,0,,,,,,0,0,,,,,,1
