,GAME_ID,EVENTNUM,EVENTMSGTYPE,EVENTMSGACTIONTYPE,PERIOD,WCTIMESTRING,PCTIMESTRING,HOMEDESCRIPTION,NEUTRALDESCRIPTION,VISITORDESCRIPTION,SCORE,SCOREMARGIN,PERSON1TYPE,PLAYER1_ID,PLAYER1_NAME,PLAYER1_TEAM_ID,PLAYER1_TEAM_CITY,PLAYER1_TEAM_NICKNAME,PLAYER1_TEAM_ABBREVIATION,PERSON2TYPE,PLAYER2_ID,PLAYER2_NAME,PLAYER2_TEAM_ID,PLAYER2_TEAM_CITY,PLAYER2_TEAM_NICKNAME,PLAYER2_TEAM_ABBREVIATION,PERSON3TYPE,PLAYER3_ID,PLAYER3_NAME,PLAYER3_TEAM_ID,PLAYER3_TEAM_CITY,PLAYER3_TEAM_NICKNAME,PLAYER3_TEAM_ABBREVIATION,VIDEO_AVAILABLE_FLAG
0,0021600768,0,12,0,1,7:12 PM,12:00,,,,,,0.0,0,,,,,,0,0,,,,,,0,0,,,,,,0
1,0021600768,1,10,0,1,7:12 PM,12:00,Jump Ball Porzingis vs. Black: Tip to O'Quinn,,,,,4.0,204001,Kristaps Porzingis,1610612752.0,New York,Knicks,NYK,5,204028,Tarik Black,1610612747.0,Los Angeles,Lakers,LAL,4,203124,Kyle O'Quinn,1610612752.0,New York,Knicks,NYK,1
2,0021600768,2,1,63,1,7:12 PM,11:43,Anthony 9' Fadeaway Jumper (2 PTS),,,0 - 2,2,4.0,2546,Carmelo Anthony,1610612752.0,New York,Knicks,NYK,0,0,,,,,,0,0,,,,,,1
3,0021600768,4,2,1,1,7:13 PM,11:14,,,MISS Randle 20' Jump Shot,,,5.0,203944,Julius Randle,1610612747.0,Los Angeles,Lakers,LAL,0,0,,,,,,0,0,,,,,,1
4,0021600768,5,4,0,1,7:13 PM,11:13,O'Quinn REBOUND (Off:0 Def:1),,,,,4.0,203124,Kyle O'Quinn,1610612752.0,New York,Knicks,NYK,0,0,,,,,,0,0,,,,,,1
5,0021600768,6,7,5,1,7:13 PM,10:59,,,Ingram Violation:Kicked Ball (Z.Zarba),,,5.0,1627742,Brandon Ingram,1610612747.0,Los Angeles,Lakers,LAL,0,0,,,,,,1,0,,,,,,0
6,0021600768,7,1,86,1,7:14 PM,10:51,Anthony 9' Turnaround Fadeaway (4 PTS) (O'Quinn 1 AST),,,0 - 4,4,4.0,2546,Carmelo Anthony,1610612752.0,New York,Knicks,NYK,4,203124,Kyle O'Quinn,1610612752.0,New York,Knicks,NYK,0,0,,,,,,1
7,0021600768,8,6,2,1,7:14 PM,10:29,O'Quinn S.FOUL (P1.T1) (Z.Zarba),,,,,4.0,203124,Kyle O'Quinn,1610612752.0,New York,Knicks,NYK,5,1627742,Brandon Ingram,1610612747.0,Los Angeles,Lakers,LAL,1,0,,,,,,1
8,0021600768,9,3,11,1,7:14 PM,10:29,,,MISS Ingram Free Throw 1 of 2,,,5.0,1627742,Brandon Ingram,1610612747.0,Los Angeles,Lakers,LAL,0,0,,,,,,0,0,,,,,,0
9,0021600768,10,4,1,1,7:14 PM,10:29,,,Lakers Rebound,,,3.0,1610612747,,,,,,0,0,,,,,,0,0,,,,,,0
10,0021600768,11,3,12,1,7:15 PM,10:29,,,MISS Ingram Free Throw 2 of 2,,,5.0,1627742,Brandon Ingram,1610612747.0,Los Angeles,Lakers,LAL,0,0,,,,,,0,0,,,,,,0
11,0021600768,13,4,0,1,7:15 PM,10:29,KNICKS Rebound,,,,,2.0,1610612752,,,,,,0,0,,,,,,0,0,,,,,,0
12,0021600768,16,5,2,1,7:15 PM,10:12,Anthony Lost Ball Turnover (P1.T1),,Black STEAL (1 STL),,,4.0,2546,Carmelo Anthony,1610612752.0,New York,Knicks,NYK,5,204028,Tarik Black,1610612747.0,Los Angeles,Lakers,LAL,0,0,,,,,,1
13,0021600768,17,2,5,1,7:16 PM,10:01,Porzingis BLOCK (1 BLK),,MISS Randle 3' Layup,,,5.0,203944,Julius Randle,1610612747.0,Los Angeles,Lakers,LAL,0,0,,,,,,4,204001,Kristaps Porzingis,1610612752.0,New York,Knicks,NYK,1
14,0021600768,18,4,0,1,7:16 PM,9:58,,,Randle REBOUND (Off:1 Def:0),,,5.0,203944,Julius Randle,1610612747.0,Los Angeles,Lakers,LAL,0,0,,,,,,0,0,,,,,,1
15,0021600768,19,1,5,1,7:16 PM,9:57,,,Randle 2' Layup (2 PTS),2 - 4,2,5.0,203944,Julius Randle,1610612747.0,Los Angeles,Lakers,LAL,0,0,,,,,,0,0,,,,,,1
16,0021600768,20,2,1,1,7:16 PM,9:47,MISS O'Quinn 19' Jump Shot,,,,,4.0,203124,Kyle O'Quinn,1610612752.0,New York,Knicks,NYK,0,0,,,,,,0,0,,,,,,1
17,0021600768,21,4,0,1,7:16 PM,9:47,,,Ingram REBOUND (Off:0 Def:1),,,5.0,1627742,Brandon Ingram,1610612747.0,Los Angeles,Lakers,LAL,0,0,,,,,,0,0,,,,,,1
18,0021600768,22,1,3,1,7:16 PM,9:37,,,Randle 5' Hook Shot (4 PTS),4 - 4,TIE,5.0,203944,Julius Randle,1610612747.0,Los Angeles,Lakers,LAL,0,0,,,,,,0,0,,,,,,1
19,0021600768,23,1,47,1,7:16 PM,9:20,Anthony 15' Turnaround Jump Shot (6 PTS),,,4 - 6,2,4.0,2546,Carmelo Anthony,1610612752.0,New York,Knicks,NYK,0,0,,,,,,0,0,,,,,,1
20,0021600768,24,1,1,1,7:16 PM,9:11,,,Ingram 24' 3PT Jump Shot (3 PTS) (Russell 1 AST),7 - 6,-1,5.0,1627742,Brandon Ingram,1610612747.0,Los Angeles,Lakers,LAL,5,1626156,D'Angelo Russell,1610612747.0,Los Angeles,Lakers,LAL,0,0,,,,,,1
21,0021600768,25,2,73,1,7:17 PM,8:51,MISS Rose  Driving Reverse Layup,,,,,4.0,201565,Derrick Rose,1610612752.0,New York,Knicks,NYK,0,0,,,,,,0,0,,,,,,1
22,0021600768,26,4,0,1,7:17 PM,8:49,,,Black REBOUND (Off:0 Def:1),,,5.0,204028,Tarik Black,1610612747.0,Los Angeles,Lakers,LAL,0,0,,,,,,0,0,,,,,,1
23,0021600768,27,1,79,1,7:17 PM,8:41,,,Russell 16' Pullup Jump Shot (2 PTS),9 - 6,-3,5.0,1626156,D'Angelo Russell,1610612747.0,Los Angeles,Lakers,LAL,0,0,,,,,,0,0,,,,,,1
24,0021600768,28,2,5,1,7:17 PM,8:25,MISS Porzingis 1' Layup,,,,,4.0,204001,Kristaps Porzingis,1610612752.0,New York,Knicks,NYK,0,0,,,,,,0,0,,,,,,1
25,0021600768,29,4,0,1,7:17 PM,8:24,Porzingis REBOUND (Off:1 Def:0),,,,,4.0,204001,Kristaps Porzingis,1610612752.0,New York,Knicks,NYK,0,0,,,,,,0,0,,,,,,1
26,0021600768,30,2,97,1,7:17 PM,8:24,MISS Porzingis 2' Tip Layup Shot,,,,,4.0,204001,Kristaps Porzingis,1610612752.0,New York,Knicks,NYK,0,0,,,,,,0,0,,,,,,1
27,0021600768,31,4,0,1,7:17 PM,8:23,KNICKS Rebound,,,,,2.0,1610612752,,,,,,0,0,,,,,,0,0,,,,,,0
28,0021600768,32,2,1,1,7:17 PM,8:20,MISS Rose 21' Jump Shot,,,,,4.0,201565,Derrick Rose,1610612752.0,New York,Knicks,NYK,0,0,,,,,,0,0,,,,,,1
29,0021600768,33,4,0,1,7:17 PM,8:19,,,Ingram REBOUND (Off:0 Def:2),,,5.0,1627742,Brandon Ingram,1610612747.0,Los Angeles,Lakers,LAL,0,0,,,,,,0,0,,,,,,1
30,0021600768,34,1,5,1,7:18 PM,8:11,,,Randle 1' Layup (6 PTS) (Ingram 1 AST),11 - 6,-5,5.0,203944,Julius Randle,1610612747.0,Los Angeles,Lakers,LAL,5,1627742,Brandon Ingram,1610612747.0,Los Angeles,Lakers,LAL,0,0,,,,,,1
31,0021600768,35,2,1,1,7:18 PM,7:59,MISS Porzingis 20' Jump Shot,,Randle BLOCK (1 BLK),,,4.0,204001,Kristaps Porzingis,1610612752.0,New York,Knicks,NYK,0,0,,,,,,5,203944,Julius Randle,1610612747.0,Los Angeles,Lakers,LAL,1
32,0021600768,36,4,0,1,7:18 PM,7:57,,,Young REBOUND (Off:0 Def:1),,,5.0,201156,Nick Young,1610612747.0,Los Angeles,Lakers,LAL,0,0,,,,,,0,0,,,,,,1
33,0021600768,37,2,1,1,7:18 PM,7:41,,,MISS Russell 25' 3PT Jump Shot,,,5.0,1626156,D'Angelo Russell,1610612747.0,Los Angeles,Lakers,LAL,0,0,,,,,,0,0,,,,,,1
34,0021600768,38,4,0,1,7:18 PM,7:40,KNICKS Rebound,,,,,2.0,1610612752,,,,,,0,0,,,,,,0,0,,,,,,0
35,0021600768,39,8,0,1,7:18 PM,7:40,,,SUB: Nance Jr. FOR Randle,,,5.0,203944,Julius Randle,1610612747.0,Los Angeles,Lakers,LAL,5,1626204,Larry Nance Jr.,1610612747.0,Los Angeles,Lakers,LAL,0,0,,,,,,0
36,0021600768,40,6,1,1,7:19 PM,7:28,,,Young P.FOUL (P1.T1) (Z.Zarba),,,5.0,201156,Nick Young,1610612747.0,Los Angeles,Lakers,LAL,4,201584,Courtney Lee,1610612752.0,New York,Knicks,NYK,1,0,,,,,,1
37,0021600768,41,6,4,1,7:19 PM,7:20,O'Quinn OFF.Foul (P2) (D.Taylor),,,,,4.0,203124,Kyle O'Quinn,1610612752.0,New York,Knicks,NYK,5,201156,Nick Young,1610612747.0,Los Angeles,Lakers,LAL,1,0,,,,,,1
38,0021600768,42,5,5,1,7:19 PM,7:20,O'Quinn Foul Turnover (P1.T2),,,,,4.0,203124,Kyle O'Quinn,1610612752.0,New York,Knicks,NYK,0,0,,,,,,1,0,,,,,,1
39,0021600768,43,1,1,1,7:19 PM,7:01,,,Young  3PT Jump Shot (3 PTS) (Nance Jr. 1 AST),14 - 6,-8,5.0,201156,Nick Young,1610612747.0,Los Angeles,Lakers,LAL,5,1626204,Larry Nance Jr.,1610612747.0,Los Angeles,Lakers,LAL,0,0,,,,,,1
40,0021600768,44,1,1,1,7:20 PM,6:47,O'Quinn 17' Jump Shot (2 PTS),,,14 - 8,-6,4.0,203124,Kyle O'Quinn,1610612752.0,New York,Knicks,NYK,0,0,,,,,,0,0,,,,,,1
41,0021600768,45,2,78,1,7:20 PM,6:33,,,MISS Russell 6' Floating Jump Shot,,,5.0,1626156,D'Angelo Russell,1610612747.0,Los Angeles,Lakers,LAL,0,0,,,,,,0,0,,,,,,1
42,0021600768,46,4,0,1,7:20 PM,6:33,Rose REBOUND (Off:0 Def:1),,,,,4.0,201565,Derrick Rose,1610612752.0,New York,Knicks,NYK,0,0,,,,,,0,0,,,,,,1
43,0021600768,47,2,1,1,7:20 PM,6:14,MISS Lee 6' Jump Shot,,,,,4.0,201584,Courtney Lee,1610612752.0,New York,Knicks,NYK,0,0,,,,,,0,0,,,,,,1
44,0021600768,48,4,0,1,7:20 PM,6:13,,,Ingram REBOUND (Off:0 Def:3),,,5.0,1627742,Brandon Ingram,1610612747.0,Los Angeles,Lakers,LAL,0,0,,,,,,0,0,,,,,,1
45,0021600768,49,2,1,1,7:20 PM,6:07,,,MISS Young 24' 3PT Jump Shot,,,5.0,201156,Nick Young,1610612747.0,Los Angeles,Lakers,LAL,0,0,,,,,,0,0,,,,,,1
46,0021600768,50,4,0,1,7:20 PM,6:06,,,Nance Jr. REBOUND (Off:1 Def:0),,,5.0,1626204,Larry Nance Jr.,1610612747.0,Los Angeles,Lakers,LAL,0,0,,,,,,0,0,,,,,,1
47,0021600768,51,1,1,1,7:20 PM,6:02,,,Ingram 25' 3PT Jump Shot (6 PTS) (Russell 2 AST),17 - 8,-9,5.0,1627742,Brandon Ingram,1610612747.0,Los Angeles,Lakers,LAL,5,1626156,D'Angelo Russell,1610612747.0,Los Angeles,Lakers,LAL,0,0,,,,,,1
48,0021600768,52,9,1,1,7:20 PM,6:02,KNICKS Timeout: Regular (Full 1 Short 0),,,,,2.0,1610612752,,,,,,0,0,,,,,,0,0,,,,,,0
49,0021600768,54,8,0,1,7:23 PM,6:02,SUB: Hernangomez FOR O'Quinn,,,,,4.0,203124,Kyle O'Quinn,1610612752.0,New York,Knicks,NYK,4,1626195,Willy Hernangomez,1610612752.0,New York,Knicks,NYK,0,0,,,,,,0
50,0021600768,56,2,1,1,7:23 PM,5:49,MISS Porzingis 16' Jump Shot,,,,,4.0,204001,Kristaps Porzingis,1610612752.0,New York,Knicks,NYK,0,0,,,,,,0,0,,,,,,1
51,0021600768,57,4,0,1,7:23 PM,5:48,,,Nance Jr. REBOUND (Off:1 Def:1),,,5.0,1626204,Larry Nance Jr.,1610612747.0,Los Angeles,Lakers,LAL,0,0,,,,,,0,0,,,,,,1
52,0021600768,58,2,1,1,7:24 PM,5:33,,,MISS Ingram 25' 3PT Jump Shot,,,5.0,1627742,Brandon Ingram,1610612747.0,Los Angeles,Lakers,LAL,0,0,,,,,,0,0,,,,,,1
53,0021600768,59,4,0,1,7:24 PM,5:33,,,Black REBOUND (Off:1 Def:1),,,5.0,204028,Tarik Black,1610612747.0,Los Angeles,Lakers,LAL,0,0,,,,,,0,0,,,,,,1
54,0021600768,60,6,27,1,7:24 PM,5:30,Hernangomez Personal Block Foul (P1.T2) (D.Taylor),,,,,4.0,1626195,Willy Hernangomez,1610612752.0,New York,Knicks,NYK,5,1627742,Brandon Ingram,1610612747.0,Los Angeles,Lakers,LAL,1,0,,,,,,1
55,0021600768,61,1,79,1,7:24 PM,5:19,,,Young 25' 3PT Pullup Jump Shot (6 PTS) (Russell 3 AST),20 - 8,-12,5.0,201156,Nick Young,1610612747.0,Los Angeles,Lakers,LAL,5,1626156,D'Angelo Russell,1610612747.0,Los Angeles,Lakers,LAL,0,0,,,,,,1
56,0021600768,62,1,42,1,7:24 PM,5:04,Rose 2' Driving Layup (2 PTS),,,20 - 10,-10,4.0,201565,Derrick Rose,1610612752.0,New York,Knicks,NYK,0,0,,,,,,0,0,,,,,,1
57,0021600768,63,6,2,1,7:24 PM,5:04,,,Black S.FOUL (P1.T2) (G.Zielinski),,,5.0,204028,Tarik Black,1610612747.0,Los Angeles,Lakers,LAL,4,201565,Derrick Rose,1610612752.0,New York,Knicks,NYK,1,0,,,,,,1
58,0021600768,64,8,0,1,7:25 PM,5:04,,,SUB: Deng FOR Ingram,,,5.0,1627742,Brandon Ingram,1610612747.0,Los Angeles,Lakers,LAL,5,2736,Luol Deng,1610612747.0,Los Angeles,Lakers,LAL,0,0,,,,,,0
59,0021600768,65,3,10,1,7:25 PM,5:04,Rose Free Throw 1 of 1 (3 PTS),,,20 - 11,-9,4.0,201565,Derrick Rose,1610612752.0,New York,Knicks,NYK,0,0,,,,,,0,0,,,,,,0
60,0021600768,67,2,1,1,7:25 PM,4:46,,,MISS Nance Jr. 11' Jump Shot,,,5.0,1626204,Larry Nance Jr.,1610612747.0,Los Angeles,Lakers,LAL,0,0,,,,,,0,0,,,,,,1
61,0021600768,68,4,0,1,7:25 PM,4:45,Rose REBOUND (Off:0 Def:2),,,,,4.0,201565,Derrick Rose,1610612752.0,New York,Knicks,NYK,0,0,,,,,,0,0,,,,,,1
62,0021600768,69,6,1,1,7:25 PM,4:39,,,Black P.FOUL (P2.T3) (D.Taylor),,,5.0,204028,Tarik Black,1610612747.0,Los Angeles,Lakers,LAL,4,204001,Kristaps Porzingis,1610612752.0,New York,Knicks,NYK,1,0,,,,,,1
63,0021600768,70,8,0,1,7:26 PM,4:39,,,SUB: Zubac FOR Black,,,5.0,204028,Tarik Black,1610612747.0,Los Angeles,Lakers,LAL,5,1627826,Ivica Zubac,1610612747.0,Los Angeles,Lakers,LAL,0,0,,,,,,0
64,0021600768,71,8,0,1,7:26 PM,4:39,,,SUB: Clarkson FOR Young,,,5.0,201156,Nick Young,1610612747.0,Los Angeles,Lakers,LAL,5,203903,Jordan Clarkson,1610612747.0,Los Angeles,Lakers,LAL,0,0,,,,,,0
65,0021600768,72,7,1,1,7:26 PM,4:39,,,Lakers Violation: Delay of game Violation,,,3.0,1610612747,,,,,,0,0,,,,,,1,0,,,,,,0
66,0021600768,73,2,5,1,7:26 PM,4:32,MISS Hernangomez  Layup,,Zubac BLOCK (1 BLK),,,4.0,1626195,Willy Hernangomez,1610612752.0,New York,Knicks,NYK,0,0,,,,,,5,1627826,Ivica Zubac,1610612747.0,Los Angeles,Lakers,LAL,1
67,0021600768,74,4,0,1,7:26 PM,4:31,,,Clarkson REBOUND (Off:0 Def:1),,,5.0,203903,Jordan Clarkson,1610612747.0,Los Angeles,Lakers,LAL,0,0,,,,,,0,0,,,,,,1
68,0021600768,75,2,1,1,7:26 PM,4:22,,,MISS Zubac 8' Jump Shot,,,5.0,1627826,Ivica Zubac,1610612747.0,Los Angeles,Lakers,LAL,0,0,,,,,,0,0,,,,,,1
69,0021600768,76,4,0,1,7:26 PM,4:21,Anthony REBOUND (Off:0 Def:1),,,,,4.0,2546,Carmelo Anthony,1610612752.0,New York,Knicks,NYK,0,0,,,,,,0,0,,,,,,1
70,0021600768,77,6,1,1,7:27 PM,4:17,,,Zubac P.FOUL (P1.T4) (G.Zielinski),,,5.0,1627826,Ivica Zubac,1610612747.0,Los Angeles,Lakers,LAL,4,1626195,Willy Hernangomez,1610612752.0,New York,Knicks,NYK,1,0,,,,,,1
71,0021600768,78,2,1,1,7:27 PM,4:04,MISS Anthony 25' 3PT Jump Shot,,,,,4.0,2546,Carmelo Anthony,1610612752.0,New York,Knicks,NYK,0,0,,,,,,0,0,,,,,,1
72,0021600768,79,4,0,1,7:27 PM,4:03,,,Lakers Rebound,,,3.0,1610612747,,,,,,0,0,,,,,,0,0,,,,,,0
73,0021600768,80,2,1,1,7:27 PM,3:55,,,MISS Deng 26' 3PT Jump Shot,,,5.0,2736,Luol Deng,1610612747.0,Los Angeles,Lakers,LAL,0,0,,,,,,0,0,,,,,,1
74,0021600768,81,4,0,1,7:27 PM,3:54,Hernangomez REBOUND (Off:0 Def:1),,,,,4.0,1626195,Willy Hernangomez,1610612752.0,New York,Knicks,NYK,0,0,,,,,,0,0,,,,,,1
75,0021600768,82,1,1,1,7:27 PM,3:44,Anthony 9' Jump Shot (8 PTS),,,20 - 13,-7,4.0,2546,Carmelo Anthony,1610612752.0,New York,Knicks,NYK,0,0,,,,,,0,0,,,,,,1
76,0021600768,83,6,2,1,7:27 PM,3:44,,,Deng S.FOUL (P1.PN) (D.Taylor),,,5.0,2736,Luol Deng,1610612747.0,Los Angeles,Lakers,LAL,4,2546,Carmelo Anthony,1610612752.0,New York,Knicks,NYK,1,0,,,,,,1
77,0021600768,84,8,0,1,7:28 PM,3:44,SUB: Holiday FOR Lee,,,,,4.0,201584,Courtney Lee,1610612752.0,New York,Knicks,NYK,4,203200,Justin Holiday,1610612752.0,New York,Knicks,NYK,0,0,,,,,,0
78,0021600768,85,8,0,1,7:28 PM,3:44,,,SUB: Williams FOR Russell,,,5.0,1626156,D'Angelo Russell,1610612747.0,Los Angeles,Lakers,LAL,5,101150,Lou Williams,1610612747.0,Los Angeles,Lakers,LAL,0,0,,,,,,0
79,0021600768,86,3,10,1,7:28 PM,3:44,MISS Anthony Free Throw 1 of 1,,,,,4.0,2546,Carmelo Anthony,1610612752.0,New York,Knicks,NYK,0,0,,,,,,0,0,,,,,,0
80,0021600768,88,4,0,1,7:28 PM,3:43,,,Zubac REBOUND (Off:0 Def:1),,,5.0,1627826,Ivica Zubac,1610612747.0,Los Angeles,Lakers,LAL,0,0,,,,,,0,0,,,,,,1
81,0021600768,89,2,5,1,7:28 PM,3:31,,,MISS Zubac 1' Layup,,,5.0,1627826,Ivica Zubac,1610612747.0,Los Angeles,Lakers,LAL,0,0,,,,,,0,0,,,,,,1
82,0021600768,90,4,0,1,7:28 PM,3:30,Hernangomez REBOUND (Off:0 Def:2),,,,,4.0,1626195,Willy Hernangomez,1610612752.0,New York,Knicks,NYK,0,0,,,,,,0,0,,,,,,1
83,0021600768,91,2,1,1,7:28 PM,3:20,MISS Porzingis 25' 3PT Jump Shot,,,,,4.0,204001,Kristaps Porzingis,1610612752.0,New York,Knicks,NYK,0,0,,,,,,0,0,,,,,,1
84,0021600768,92,4,0,1,7:28 PM,3:19,,,Clarkson REBOUND (Off:0 Def:2),,,5.0,203903,Jordan Clarkson,1610612747.0,Los Angeles,Lakers,LAL,0,0,,,,,,0,0,,,,,,1
85,0021600768,93,2,1,1,7:29 PM,3:05,,,MISS Deng 19' Jump Shot,,,5.0,2736,Luol Deng,1610612747.0,Los Angeles,Lakers,LAL,0,0,,,,,,0,0,,,,,,1
86,0021600768,94,4,0,1,7:29 PM,3:04,KNICKS Rebound,,,,,2.0,1610612752,,,,,,0,0,,,,,,0,0,,,,,,0
87,0021600768,95,8,0,1,7:29 PM,3:03,SUB: Kuzminskas FOR Porzingis,,,,,4.0,204001,Kristaps Porzingis,1610612752.0,New York,Knicks,NYK,4,1627851,Mindaugas Kuzminskas,1610612752.0,New York,Knicks,NYK,0,0,,,,,,0
88,0021600768,96,2,1,1,7:29 PM,2:53,MISS Anthony 13' Jump Shot,,,,,4.0,2546,Carmelo Anthony,1610612752.0,New York,Knicks,NYK,0,0,,,,,,0,0,,,,,,1
89,0021600768,97,4,0,1,7:29 PM,2:52,KNICKS Rebound,,,,,2.0,1610612752,,,,,,0,0,,,,,,0,0,,,,,,0
90,0021600768,98,9,1,1,7:29 PM,2:52,,,Lakers Timeout: Regular (Reg.1 Short 0),,,3.0,1610612747,,,,,,0,0,,,,,,0,0,,,,,,0
91,0021600768,102,2,79,1,7:32 PM,2:39,MISS Anthony 19' Pullup Jump Shot,,,,,4.0,2546,Carmelo Anthony,1610612752.0,New York,Knicks,NYK,0,0,,,,,,0,0,,,,,,1
92,0021600768,103,4,0,1,7:32 PM,2:38,,,Nance Jr. REBOUND (Off:1 Def:2),,,5.0,1626204,Larry Nance Jr.,1610612747.0,Los Angeles,Lakers,LAL,0,0,,,,,,0,0,,,,,,1
93,0021600768,104,2,3,1,7:32 PM,2:15,,,MISS Nance Jr. 8' Hook Shot,,,5.0,1626204,Larry Nance Jr.,1610612747.0,Los Angeles,Lakers,LAL,0,0,,,,,,0,0,,,,,,1
94,0021600768,105,4,0,1,7:32 PM,2:13,Anthony REBOUND (Off:0 Def:2),,,,,4.0,2546,Carmelo Anthony,1610612752.0,New York,Knicks,NYK,0,0,,,,,,0,0,,,,,,1
95,0021600768,106,2,1,1,7:33 PM,2:03,MISS Rose 14' Jump Shot,,,,,4.0,201565,Derrick Rose,1610612752.0,New York,Knicks,NYK,0,0,,,,,,0,0,,,,,,1
96,0021600768,107,4,0,1,7:33 PM,2:02,,,Zubac REBOUND (Off:0 Def:2),,,5.0,1627826,Ivica Zubac,1610612747.0,Los Angeles,Lakers,LAL,0,0,,,,,,0,0,,,,,,1
97,0021600768,108,1,5,1,7:33 PM,1:51,,,Clarkson 2' Layup (2 PTS),22 - 13,-9,5.0,203903,Jordan Clarkson,1610612747.0,Los Angeles,Lakers,LAL,0,0,,,,,,0,0,,,,,,1
98,0021600768,109,6,1,1,7:33 PM,1:44,,,Williams P.FOUL (P1.PN) (Z.Zarba),,,5.0,101150,Lou Williams,1610612747.0,Los Angeles,Lakers,LAL,4,203200,Justin Holiday,1610612752.0,New York,Knicks,NYK,1,0,,,,,,1
99,0021600768,110,3,11,1,7:33 PM,1:44,MISS Holiday Free Throw 1 of 2,,,,,4.0,203200,Justin Holiday,1610612752.0,New York,Knicks,NYK,0,0,,,,,,0,0,,,,,,0
100,0021600768,111,4,1,1,7:33 PM,1:44,KNICKS Rebound,,,,,2.0,1610612752,,,,,,0,0,,,,,,0,0,,,,,,0
101,0021600768,112,8,0,1,7:33 PM,1:44,SUB: Jennings FOR Rose,,,,,4.0,201565,Derrick Rose,1610612752.0,New York,Knicks,NYK,4,201943,Brandon Jennings,1610612752.0,New York,Knicks,NYK,0,0,,,,,,0
102,0021600768,113,3,12,1,7:34 PM,1:44,Holiday Free Throw 2 of 2 (1 PTS),,,22 - 14,-8,4.0,203200,Justin Holiday,1610612752.0,New York,Knicks,NYK,0,0,,,,,,0,0,,,,,,0
103,0021600768,115,2,3,1,7:34 PM,1:30,,,MISS Zubac 6' Hook Shot,,,5.0,1627826,Ivica Zubac,1610612747.0,Los Angeles,Lakers,LAL,0,0,,,,,,0,0,,,,,,1
104,0021600768,116,4,0,1,7:34 PM,1:29,Hernangomez REBOUND (Off:0 Def:3),,,,,4.0,1626195,Willy Hernangomez,1610612752.0,New York,Knicks,NYK,0,0,,,,,,0,0,,,,,,1
105,0021600768,117,1,42,1,7:34 PM,1:16,Anthony 2' Driving Layup (10 PTS),,,22 - 16,-6,4.0,2546,Carmelo Anthony,1610612752.0,New York,Knicks,NYK,0,0,,,,,,0,0,,,,,,1
106,0021600768,118,1,42,1,7:34 PM,1:09,,,Williams 2' Driving Layup (2 PTS),24 - 16,-8,5.0,101150,Lou Williams,1610612747.0,Los Angeles,Lakers,LAL,0,0,,,,,,0,0,,,,,,1
107,0021600768,119,1,93,1,7:34 PM,0:58,Hernangomez 4' Driving Bank Hook Shot (2 PTS),,,24 - 18,-6,4.0,1626195,Willy Hernangomez,1610612752.0,New York,Knicks,NYK,0,0,,,,,,0,0,,,,,,1
108,0021600768,120,6,1,1,7:35 PM,0:51,Anthony P.FOUL (P1.T3) (D.Taylor),,,,,4.0,2546,Carmelo Anthony,1610612752.0,New York,Knicks,NYK,5,203903,Jordan Clarkson,1610612747.0,Los Angeles,Lakers,LAL,1,0,,,,,,1
109,0021600768,121,2,5,1,7:35 PM,0:43,,,MISS Zubac 2' Layup,,,5.0,1627826,Ivica Zubac,1610612747.0,Los Angeles,Lakers,LAL,0,0,,,,,,0,0,,,,,,1
110,0021600768,122,4,0,1,7:35 PM,0:41,,,Zubac REBOUND (Off:1 Def:2),,,5.0,1627826,Ivica Zubac,1610612747.0,Los Angeles,Lakers,LAL,0,0,,,,,,0,0,,,,,,1
111,0021600768,123,1,72,1,7:35 PM,0:41,,,Zubac 1' Putback Layup (2 PTS),26 - 18,-8,5.0,1627826,Ivica Zubac,1610612747.0,Los Angeles,Lakers,LAL,0,0,,,,,,0,0,,,,,,1
112,0021600768,124,6,1,1,7:36 PM,0:35,,,Clarkson P.FOUL (P1.PN) (G.Zielinski),,,5.0,203903,Jordan Clarkson,1610612747.0,Los Angeles,Lakers,LAL,4,201943,Brandon Jennings,1610612752.0,New York,Knicks,NYK,1,0,,,,,,1
113,0021600768,125,3,11,1,7:36 PM,0:35,MISS Jennings Free Throw 1 of 2,,,,,4.0,201943,Brandon Jennings,1610612752.0,New York,Knicks,NYK,0,0,,,,,,0,0,,,,,,0
114,0021600768,126,4,1,1,7:36 PM,0:35,KNICKS Rebound,,,,,2.0,1610612752,,,,,,0,0,,,,,,0,0,,,,,,0
115,0021600768,127,3,12,1,7:36 PM,0:35,Jennings Free Throw 2 of 2 (1 PTS),,,26 - 19,-7,4.0,201943,Brandon Jennings,1610612752.0,New York,Knicks,NYK,0,0,,,,,,0,0,,,,,,0
116,0021600768,129,1,1,1,7:36 PM,0:30,,,Williams 25' 3PT Jump Shot (5 PTS),29 - 19,-10,5.0,101150,Lou Williams,1610612747.0,Los Angeles,Lakers,LAL,0,0,,,,,,0,0,,,,,,1
117,0021600768,130,5,2,1,7:37 PM,0:09,Anthony Lost Ball Turnover (P2.T3),,Nance Jr. STEAL (1 STL),,,4.0,2546,Carmelo Anthony,1610612752.0,New York,Knicks,NYK,5,1626204,Larry Nance Jr.,1610612747.0,Los Angeles,Lakers,LAL,0,0,,,,,,1
118,0021600768,131,2,1,1,7:37 PM,0:00,,,MISS Clarkson 26' 3PT Jump Shot,,,5.0,203903,Jordan Clarkson,1610612747.0,Los Angeles,Lakers,LAL,0,0,,,,,,0,0,,,,,,1
119,0021600768,132,4,0,1,7:37 PM,0:00,,,Lakers Rebound,,,3.0,1610612747,,,,,,0,0,,,,,,0,0,,,,,,0
120,0021600768,133,13,0,1,7:37 PM,0:00,,,,29 - 19,-10,0.0,0,,,,,,0,0,,,,,,0,0,,,,,,0
121,0021600768,135,12,0,2,7:39 PM,12:00,,,,29 - 19,-10,0.0,0,,,,,,0,0,,,,,,0,0,,,,,,0
122,0021600768,136,2,5,2,7:40 PM,11:36,,,MISS Clarkson 1' Layup,,,5.0,203903,Jordan Clarkson,1610612747.0,Los Angeles,Lakers,LAL,0,0,,,,,,0,0,,,,,,1
123,0021600768,137,4,0,2,7:40 PM,11:35,Hernangomez REBOUND (Off:0 Def:4),,,,,4.0,1626195,Willy Hernangomez,1610612752.0,New York,Knicks,NYK,0,0,,,,,,0,0,,,,,,1
124,0021600768,138,1,73,2,7:40 PM,11:28,Holiday 1' Driving Reverse Layup (3 PTS) (Jennings 1 AST),,,29 - 21,-8,4.0,203200,Justin Holiday,1610612752.0,New York,Knicks,NYK,4,201943,Brandon Jennings,1610612752.0,New York,Knicks,NYK,0,0,,,,,,1
125,0021600768,139,2,5,2,7:40 PM,11:18,,,MISS Nance Jr. 2' Layup,,,5.0,1626204,Larry Nance Jr.,1610612747.0,Los Angeles,Lakers,LAL,0,0,,,,,,0,0,,,,,,1
126,0021600768,140,4,0,2,7:40 PM,11:17,Porzingis REBOUND (Off:1 Def:1),,,,,4.0,204001,Kristaps Porzingis,1610612752.0,New York,Knicks,NYK,0,0,,,,,,0,0,,,,,,1
127,0021600768,141,2,3,2,7:40 PM,11:10,MISS Hernangomez 3' Hook Shot,,,,,4.0,1626195,Willy Hernangomez,1610612752.0,New York,Knicks,NYK,0,0,,,,,,0,0,,,,,,1
128,0021600768,142,4,0,2,7:40 PM,11:09,,,Nance Jr. REBOUND (Off:1 Def:3),,,5.0,1626204,Larry Nance Jr.,1610612747.0,Los Angeles,Lakers,LAL,0,0,,,,,,0,0,,,,,,1
129,0021600768,143,1,1,2,7:41 PM,10:58,,,Deng 9' Jump Shot (2 PTS),31 - 21,-10,5.0,2736,Luol Deng,1610612747.0,Los Angeles,Lakers,LAL,0,0,,,,,,0,0,,,,,,1
130,0021600768,144,6,2,2,7:41 PM,10:58,Kuzminskas S.FOUL (P1.T1) (Z.Zarba),,,,,4.0,1627851,Mindaugas Kuzminskas,1610612752.0,New York,Knicks,NYK,5,2736,Luol Deng,1610612747.0,Los Angeles,Lakers,LAL,1,0,,,,,,1
131,0021600768,145,3,10,2,7:41 PM,10:58,,,Deng Free Throw 1 of 1 (3 PTS),32 - 21,-11,5.0,2736,Luol Deng,1610612747.0,Los Angeles,Lakers,LAL,0,0,,,,,,0,0,,,,,,0
132,0021600768,147,1,3,2,7:41 PM,10:47,Kuzminskas 6' Hook Shot (2 PTS),,,32 - 23,-9,4.0,1627851,Mindaugas Kuzminskas,1610612752.0,New York,Knicks,NYK,0,0,,,,,,0,0,,,,,,1
133,0021600768,148,2,1,2,7:41 PM,10:33,,,MISS Deng  3PT Jump Shot,,,5.0,2736,Luol Deng,1610612747.0,Los Angeles,Lakers,LAL,0,0,,,,,,0,0,,,,,,1
134,0021600768,149,4,0,2,7:41 PM,10:32,Hernangomez REBOUND (Off:0 Def:5),,,,,4.0,1626195,Willy Hernangomez,1610612752.0,New York,Knicks,NYK,0,0,,,,,,0,0,,,,,,1
135,0021600768,150,2,5,2,7:42 PM,10:19,MISS Hernangomez 3' Layup,,Zubac BLOCK (2 BLK),,,4.0,1626195,Willy Hernangomez,1610612752.0,New York,Knicks,NYK,0,0,,,,,,5,1627826,Ivica Zubac,1610612747.0,Los Angeles,Lakers,LAL,1
136,0021600768,151,4,0,2,7:42 PM,10:18,,,Zubac REBOUND (Off:1 Def:3),,,5.0,1627826,Ivica Zubac,1610612747.0,Los Angeles,Lakers,LAL,0,0,,,,,,0,0,,,,,,1
137,0021600768,152,2,5,2,7:42 PM,10:13,,,MISS Clarkson 2' Layup,,,5.0,203903,Jordan Clarkson,1610612747.0,Los Angeles,Lakers,LAL,0,0,,,,,,0,0,,,,,,1
138,0021600768,154,4,0,2,7:42 PM,10:11,,,Nance Jr. REBOUND (Off:2 Def:3),,,5.0,1626204,Larry Nance Jr.,1610612747.0,Los Angeles,Lakers,LAL,0,0,,,,,,0,0,,,,,,1
139,0021600768,153,1,97,2,7:42 PM,10:10,,,Nance Jr. 2' Tip Layup Shot (2 PTS),34 - 23,-11,5.0,1626204,Larry Nance Jr.,1610612747.0,Los Angeles,Lakers,LAL,0,0,,,,,,0,0,,,,,,1
140,0021600768,155,2,5,2,7:42 PM,10:02,MISS Kuzminskas 2' Layup,,Deng BLOCK (1 BLK),,,4.0,1627851,Mindaugas Kuzminskas,1610612752.0,New York,Knicks,NYK,0,0,,,,,,5,2736,Luol Deng,1610612747.0,Los Angeles,Lakers,LAL,1
141,0021600768,156,4,0,2,7:42 PM,10:00,Kuzminskas REBOUND (Off:1 Def:0),,,,,4.0,1627851,Mindaugas Kuzminskas,1610612752.0,New York,Knicks,NYK,0,0,,,,,,0,0,,,,,,1
142,0021600768,157,2,5,2,7:42 PM,9:59,MISS Kuzminskas  Layup,,Zubac BLOCK (3 BLK),,,4.0,1627851,Mindaugas Kuzminskas,1610612752.0,New York,Knicks,NYK,0,0,,,,,,5,1627826,Ivica Zubac,1610612747.0,Los Angeles,Lakers,LAL,1
143,0021600768,158,4,0,2,7:42 PM,9:57,,,Zubac REBOUND (Off:1 Def:4),,,5.0,1627826,Ivica Zubac,1610612747.0,Los Angeles,Lakers,LAL,0,0,,,,,,0,0,,,,,,1
144,0021600768,159,1,43,2,7:42 PM,9:51,,,Nance Jr. 1' Alley Oop Layup (4 PTS) (Williams 1 AST),36 - 23,-13,5.0,1626204,Larry Nance Jr.,1610612747.0,Los Angeles,Lakers,LAL,5,101150,Lou Williams,1610612747.0,Los Angeles,Lakers,LAL,0,0,,,,,,1
145,0021600768,160,1,49,2,7:42 PM,9:37,Hernangomez  Driving Dunk (4 PTS) (Jennings 2 AST),,,36 - 25,-11,4.0,1626195,Willy Hernangomez,1610612752.0,New York,Knicks,NYK,4,201943,Brandon Jennings,1610612752.0,New York,Knicks,NYK,0,0,,,,,,1
146,0021600768,161,2,1,2,7:43 PM,9:25,Holiday BLOCK (1 BLK),,MISS Williams 4' Jump Shot,,,5.0,101150,Lou Williams,1610612747.0,Los Angeles,Lakers,LAL,0,0,,,,,,4,203200,Justin Holiday,1610612752.0,New York,Knicks,NYK,1
147,0021600768,162,4,0,2,7:43 PM,9:24,,,Williams REBOUND (Off:1 Def:0),,,5.0,101150,Lou Williams,1610612747.0,Los Angeles,Lakers,LAL,0,0,,,,,,0,0,,,,,,1
148,0021600768,163,5,1,2,7:43 PM,9:23,Hernangomez STEAL (1 STL),,Williams Bad Pass Turnover (P1.T1),,,5.0,101150,Lou Williams,1610612747.0,Los Angeles,Lakers,LAL,4,1626195,Willy Hernangomez,1610612752.0,New York,Knicks,NYK,0,0,,,,,,1
149,0021600768,164,2,5,2,7:43 PM,9:18,MISS Holiday 2' Layup,,,,,4.0,203200,Justin Holiday,1610612752.0,New York,Knicks,NYK,0,0,,,,,,0,0,,,,,,1
150,0021600768,165,4,0,2,7:43 PM,9:17,KNICKS Rebound,,,,,2.0,1610612752,,,,,,0,0,,,,,,0,0,,,,,,0
151,0021600768,166,6,3,2,7:43 PM,9:17,,,Nance Jr. L.B.FOUL (P1.T1) (Z.Zarba),,,5.0,1626204,Larry Nance Jr.,1610612747.0,Los Angeles,Lakers,LAL,4,204001,Kristaps Porzingis,1610612752.0,New York,Knicks,NYK,1,0,,,,,,1
152,0021600768,167,9,1,2,7:43 PM,9:17,,,Lakers Timeout: Regular (Reg.2 Short 0),,,3.0,1610612747,,,,,,0,0,,,,,,0,0,,,,,,0
153,0021600768,169,8,0,2,7:45 PM,9:17,,,SUB: Black FOR Zubac,,,5.0,1627826,Ivica Zubac,1610612747.0,Los Angeles,Lakers,LAL,5,204028,Tarik Black,1610612747.0,Los Angeles,Lakers,LAL,0,0,,,,,,0
154,0021600768,170,8,0,2,7:45 PM,9:17,SUB: Plumlee FOR Hernangomez,,,,,4.0,1626195,Willy Hernangomez,1610612752.0,New York,Knicks,NYK,4,1627850,Marshall Plumlee,1610612752.0,New York,Knicks,NYK,0,0,,,,,,0
155,0021600768,171,2,1,2,7:46 PM,9:05,MISS Holiday  3PT Jump Shot,,,,,4.0,203200,Justin Holiday,1610612752.0,New York,Knicks,NYK,0,0,,,,,,0,0,,,,,,1
156,0021600768,172,4,0,2,7:46 PM,9:04,,,Deng REBOUND (Off:0 Def:1),,,5.0,2736,Luol Deng,1610612747.0,Los Angeles,Lakers,LAL,0,0,,,,,,0,0,,,,,,1
157,0021600768,173,1,1,2,7:46 PM,8:53,,,Williams 24' 3PT Jump Shot (8 PTS),39 - 25,-14,5.0,101150,Lou Williams,1610612747.0,Los Angeles,Lakers,LAL,0,0,,,,,,0,0,,,,,,1
158,0021600768,174,6,2,2,7:46 PM,8:53,Plumlee S.FOUL (P1.T2) (D.Taylor),,,,,4.0,1627850,Marshall Plumlee,1610612752.0,New York,Knicks,NYK,5,101150,Lou Williams,1610612747.0,Los Angeles,Lakers,LAL,1,0,,,,,,1
159,0021600768,175,18,0,2,7:47 PM,8:53,,,,,,,173,Keith Askins,,,,,0,0,,,,,,1,0,,,,,,0
160,0021600768,176,3,10,2,7:47 PM,8:53,,,Williams Free Throw 1 of 1 (9 PTS),40 - 25,-15,5.0,101150,Lou Williams,1610612747.0,Los Angeles,Lakers,LAL,0,0,,,,,,0,0,,,,,,0
161,0021600768,178,6,2,2,7:47 PM,8:41,,,Nance Jr. S.FOUL (P2.T2) (D.Taylor),,,5.0,1626204,Larry Nance Jr.,1610612747.0,Los Angeles,Lakers,LAL,4,204001,Kristaps Porzingis,1610612752.0,New York,Knicks,NYK,1,0,,,,,,1
162,0021600768,179,3,11,2,7:48 PM,8:41,MISS Porzingis Free Throw 1 of 2,,,,,4.0,204001,Kristaps Porzingis,1610612752.0,New York,Knicks,NYK,0,0,,,,,,0,0,,,,,,0
163,0021600768,180,4,1,2,7:48 PM,8:41,KNICKS Rebound,,,,,2.0,1610612752,,,,,,0,0,,,,,,0,0,,,,,,0
164,0021600768,181,8,0,2,7:48 PM,8:41,SUB: Rose FOR Holiday,,,,,4.0,203200,Justin Holiday,1610612752.0,New York,Knicks,NYK,4,201565,Derrick Rose,1610612752.0,New York,Knicks,NYK,0,0,,,,,,0
165,0021600768,182,3,12,2,7:48 PM,8:41,Porzingis Free Throw 2 of 2 (1 PTS),,,40 - 26,-14,4.0,204001,Kristaps Porzingis,1610612752.0,New York,Knicks,NYK,0,0,,,,,,0,0,,,,,,0
166,0021600768,184,1,5,2,7:48 PM,8:24,,,Black 2' Layup (2 PTS) (Williams 2 AST),42 - 26,-16,5.0,204028,Tarik Black,1610612747.0,Los Angeles,Lakers,LAL,5,101150,Lou Williams,1610612747.0,Los Angeles,Lakers,LAL,0,0,,,,,,1
167,0021600768,185,2,1,2,7:49 PM,8:15,MISS Kuzminskas 24' 3PT Jump Shot,,,,,4.0,1627851,Mindaugas Kuzminskas,1610612752.0,New York,Knicks,NYK,0,0,,,,,,0,0,,,,,,1
168,0021600768,186,4,0,2,7:49 PM,8:14,KNICKS Rebound,,,,,2.0,1610612752,,,,,,0,0,,,,,,0,0,,,,,,0
169,0021600768,187,6,3,2,7:49 PM,8:14,,,Black L.B.FOUL (P3.T3) (G.Zielinski),,,5.0,204028,Tarik Black,1610612747.0,Los Angeles,Lakers,LAL,4,1627850,Marshall Plumlee,1610612752.0,New York,Knicks,NYK,1,0,,,,,,1
170,0021600768,188,8,0,2,7:49 PM,8:14,,,SUB: Randle FOR Nance Jr.,,,5.0,1626204,Larry Nance Jr.,1610612747.0,Los Angeles,Lakers,LAL,5,203944,Julius Randle,1610612747.0,Los Angeles,Lakers,LAL,0,0,,,,,,0
171,0021600768,189,2,1,2,7:49 PM,8:00,MISS Rose 25' 3PT Jump Shot,,,,,4.0,201565,Derrick Rose,1610612752.0,New York,Knicks,NYK,0,0,,,,,,0,0,,,,,,1
172,0021600768,190,4,0,2,7:49 PM,7:59,,,Black REBOUND (Off:1 Def:2),,,5.0,204028,Tarik Black,1610612747.0,Los Angeles,Lakers,LAL,0,0,,,,,,0,0,,,,,,1
173,0021600768,191,6,2,2,7:49 PM,7:53,Plumlee S.FOUL (P2.T3) (Z.Zarba),,,,,4.0,1627850,Marshall Plumlee,1610612752.0,New York,Knicks,NYK,5,203903,Jordan Clarkson,1610612747.0,Los Angeles,Lakers,LAL,1,0,,,,,,1
174,0021600768,192,3,11,2,7:50 PM,7:53,,,Clarkson Free Throw 1 of 2 (3 PTS),43 - 26,-17,5.0,203903,Jordan Clarkson,1610612747.0,Los Angeles,Lakers,LAL,0,0,,,,,,0,0,,,,,,0
175,0021600768,194,8,0,2,7:50 PM,7:53,SUB: Anthony FOR Kuzminskas,,,,,4.0,1627851,Mindaugas Kuzminskas,1610612752.0,New York,Knicks,NYK,4,2546,Carmelo Anthony,1610612752.0,New York,Knicks,NYK,0,0,,,,,,0
176,0021600768,195,8,0,2,7:50 PM,7:53,SUB: O'Quinn FOR Plumlee,,,,,4.0,1627850,Marshall Plumlee,1610612752.0,New York,Knicks,NYK,4,203124,Kyle O'Quinn,1610612752.0,New York,Knicks,NYK,0,0,,,,,,0
177,0021600768,196,3,12,2,7:50 PM,7:53,,,Clarkson Free Throw 2 of 2 (4 PTS),44 - 26,-18,5.0,203903,Jordan Clarkson,1610612747.0,Los Angeles,Lakers,LAL,0,0,,,,,,0,0,,,,,,0
178,0021600768,198,2,1,2,7:51 PM,7:35,MISS Porzingis 24' 3PT Jump Shot,,,,,4.0,204001,Kristaps Porzingis,1610612752.0,New York,Knicks,NYK,0,0,,,,,,0,0,,,,,,1
179,0021600768,199,4,0,2,7:51 PM,7:34,,,Black REBOUND (Off:1 Def:3),,,5.0,204028,Tarik Black,1610612747.0,Los Angeles,Lakers,LAL,0,0,,,,,,0,0,,,,,,1
180,0021600768,200,1,1,2,7:51 PM,7:26,,,Williams  3PT Jump Shot (12 PTS) (Randle 1 AST),47 - 26,-21,5.0,101150,Lou Williams,1610612747.0,Los Angeles,Lakers,LAL,5,203944,Julius Randle,1610612747.0,Los Angeles,Lakers,LAL,0,0,,,,,,1
181,0021600768,201,9,1,2,7:51 PM,7:26,KNICKS Timeout: Regular (Full 2 Short 0),,,,,2.0,1610612752,,,,,,0,0,,,,,,0,0,,,,,,0
182,0021600768,204,8,0,2,7:53 PM,7:26,,,SUB: Ingram FOR Deng,,,5.0,2736,Luol Deng,1610612747.0,Los Angeles,Lakers,LAL,5,1627742,Brandon Ingram,1610612747.0,Los Angeles,Lakers,LAL,0,0,,,,,,0
183,0021600768,205,5,39,2,7:54 PM,7:16,Porzingis Step Out of Bounds Turnover (P1.T4),,,,,4.0,204001,Kristaps Porzingis,1610612752.0,New York,Knicks,NYK,0,0,,,,,,1,0,,,,,,1
184,0021600768,206,1,47,2,7:54 PM,6:51,,,Randle 10' Turnaround Jump Shot (8 PTS),49 - 26,-23,5.0,203944,Julius Randle,1610612747.0,Los Angeles,Lakers,LAL,0,0,,,,,,0,0,,,,,,1
185,0021600768,207,6,2,2,7:55 PM,6:32,,,Randle S.FOUL (P1.T4) (Z.Zarba),,,5.0,203944,Julius Randle,1610612747.0,Los Angeles,Lakers,LAL,4,203124,Kyle O'Quinn,1610612752.0,New York,Knicks,NYK,1,0,,,,,,1
186,0021600768,208,3,11,2,7:55 PM,6:32,O'Quinn Free Throw 1 of 2 (3 PTS),,,49 - 27,-22,4.0,203124,Kyle O'Quinn,1610612752.0,New York,Knicks,NYK,0,0,,,,,,0,0,,,,,,0
187,0021600768,210,3,12,2,7:55 PM,6:32,O'Quinn Free Throw 2 of 2 (4 PTS),,,49 - 28,-21,4.0,203124,Kyle O'Quinn,1610612752.0,New York,Knicks,NYK,0,0,,,,,,0,0,,,,,,0
188,0021600768,212,1,80,2,7:56 PM,6:16,,,Clarkson 12' Step Back Jump Shot (6 PTS),51 - 28,-23,5.0,203903,Jordan Clarkson,1610612747.0,Los Angeles,Lakers,LAL,0,0,,,,,,0,0,,,,,,1
189,0021600768,213,2,42,2,7:56 PM,6:02,MISS Jennings 1' Driving Layup,,,,,4.0,201943,Brandon Jennings,1610612752.0,New York,Knicks,NYK,0,0,,,,,,0,0,,,,,,1
190,0021600768,214,4,0,2,7:56 PM,6:01,,,Black REBOUND (Off:1 Def:4),,,5.0,204028,Tarik Black,1610612747.0,Los Angeles,Lakers,LAL,0,0,,,,,,0,0,,,,,,1
191,0021600768,215,2,5,2,7:56 PM,5:59,Porzingis BLOCK (2 BLK),,MISS Randle 1' Layup,,,5.0,203944,Julius Randle,1610612747.0,Los Angeles,Lakers,LAL,0,0,,,,,,4,204001,Kristaps Porzingis,1610612752.0,New York,Knicks,NYK,1
192,0021600768,216,4,0,2,7:56 PM,5:58,,,Lakers Rebound,,,3.0,1610612747,,,,,,0,0,,,,,,0,0,,,,,,0
193,0021600768,217,2,1,2,7:57 PM,5:43,,,MISS Clarkson 25' 3PT Jump Shot,,,5.0,203903,Jordan Clarkson,1610612747.0,Los Angeles,Lakers,LAL,0,0,,,,,,0,0,,,,,,1
194,0021600768,218,4,0,2,7:57 PM,5:42,Porzingis REBOUND (Off:1 Def:2),,,,,4.0,204001,Kristaps Porzingis,1610612752.0,New York,Knicks,NYK,0,0,,,,,,0,0,,,,,,1
195,0021600768,219,5,45,2,7:57 PM,5:36,Rose Out of Bounds - Bad Pass Turnover Turnover (P1.T5),,,,,4.0,201565,Derrick Rose,1610612752.0,New York,Knicks,NYK,0,0,,,,,,0,0,,,,,,1
196,0021600768,220,8,0,2,7:57 PM,5:36,SUB: Lee FOR Porzingis,,,,,4.0,204001,Kristaps Porzingis,1610612752.0,New York,Knicks,NYK,4,201584,Courtney Lee,1610612752.0,New York,Knicks,NYK,0,0,,,,,,0
197,0021600768,221,1,42,2,7:57 PM,5:23,,,Black 1' Driving Layup (4 PTS) (Williams 3 AST),53 - 28,-25,5.0,204028,Tarik Black,1610612747.0,Los Angeles,Lakers,LAL,5,101150,Lou Williams,1610612747.0,Los Angeles,Lakers,LAL,0,0,,,,,,1
198,0021600768,222,2,1,2,7:57 PM,5:07,MISS O'Quinn 14' Jump Shot,,,,,4.0,203124,Kyle O'Quinn,1610612752.0,New York,Knicks,NYK,0,0,,,,,,0,0,,,,,,1
199,0021600768,223,4,0,2,7:57 PM,5:06,,,Clarkson REBOUND (Off:0 Def:3),,,5.0,203903,Jordan Clarkson,1610612747.0,Los Angeles,Lakers,LAL,0,0,,,,,,0,0,,,,,,1
200,0021600768,224,2,7,2,7:58 PM,4:58,,,MISS Black  Dunk,,,5.0,204028,Tarik Black,1610612747.0,Los Angeles,Lakers,LAL,0,0,,,,,,0,0,,,,,,1
201,0021600768,225,4,0,2,7:58 PM,4:56,Rose REBOUND (Off:0 Def:3),,,,,4.0,201565,Derrick Rose,1610612752.0,New York,Knicks,NYK,0,0,,,,,,0,0,,,,,,1
202,0021600768,226,1,5,2,7:58 PM,4:54,Jennings 1' Layup (3 PTS) (Lee 1 AST),,,53 - 30,-23,4.0,201943,Brandon Jennings,1610612752.0,New York,Knicks,NYK,4,201584,Courtney Lee,1610612752.0,New York,Knicks,NYK,0,0,,,,,,1
203,0021600768,227,2,1,2,7:58 PM,4:38,,,MISS Williams 25' 3PT Jump Shot,,,5.0,101150,Lou Williams,1610612747.0,Los Angeles,Lakers,LAL,0,0,,,,,,0,0,,,,,,1
204,0021600768,228,4,0,2,7:58 PM,4:36,,,Black REBOUND (Off:2 Def:4),,,5.0,204028,Tarik Black,1610612747.0,Los Angeles,Lakers,LAL,0,0,,,,,,0,0,,,,,,1
205,0021600768,229,2,5,2,7:58 PM,4:35,,,MISS Black 1' Layup,,,5.0,204028,Tarik Black,1610612747.0,Los Angeles,Lakers,LAL,0,0,,,,,,0,0,,,,,,1
206,0021600768,230,4,0,2,7:58 PM,4:32,,,Black REBOUND (Off:3 Def:4),,,5.0,204028,Tarik Black,1610612747.0,Los Angeles,Lakers,LAL,0,0,,,,,,0,0,,,,,,1
207,0021600768,238,2,97,2,7:58 PM,4:32,,,MISS Black 1' Tip Layup Shot,,,5.0,204028,Tarik Black,1610612747.0,Los Angeles,Lakers,LAL,0,0,,,,,,0,0,,,,,,1
208,0021600768,246,4,0,2,7:58 PM,4:32,,,Black REBOUND (Off:4 Def:4),,,5.0,204028,Tarik Black,1610612747.0,Los Angeles,Lakers,LAL,0,0,,,,,,0,0,,,,,,1
209,0021600768,249,2,97,2,7:58 PM,4:32,,,MISS Black 1' Tip Layup Shot,,,5.0,204028,Tarik Black,1610612747.0,Los Angeles,Lakers,LAL,0,0,,,,,,0,0,,,,,,1
210,0021600768,252,4,0,2,7:58 PM,4:32,,,Clarkson REBOUND (Off:1 Def:3),,,5.0,203903,Jordan Clarkson,1610612747.0,Los Angeles,Lakers,LAL,0,0,,,,,,0,0,,,,,,1
211,0021600768,231,1,72,2,7:58 PM,4:29,,,Clarkson 2' Putback Layup (8 PTS),55 - 30,-25,5.0,203903,Jordan Clarkson,1610612747.0,Los Angeles,Lakers,LAL,0,0,,,,,,0,0,,,,,,1
212,0021600768,232,2,1,2,7:58 PM,4:15,MISS Lee  3PT Jump Shot,,,,,4.0,201584,Courtney Lee,1610612752.0,New York,Knicks,NYK,0,0,,,,,,0,0,,,,,,1
213,0021600768,233,4,0,2,7:58 PM,4:14,,,Clarkson REBOUND (Off:1 Def:4),,,5.0,203903,Jordan Clarkson,1610612747.0,Los Angeles,Lakers,LAL,0,0,,,,,,0,0,,,,,,1
214,0021600768,234,1,42,2,7:58 PM,4:05,,,Randle 1' Driving Layup (10 PTS),57 - 30,-27,5.0,203944,Julius Randle,1610612747.0,Los Angeles,Lakers,LAL,0,0,,,,,,0,0,,,,,,1
215,0021600768,235,9,2,2,7:59 PM,4:05,KNICKS Timeout: Short (Full 2 Short 1),,,,,2.0,1610612752,,,,,,0,0,,,,,,0,0,,,,,,0
216,0021600768,236,8,0,2,8:00 PM,4:05,SUB: Hernangomez FOR O'Quinn,,,,,4.0,203124,Kyle O'Quinn,1610612752.0,New York,Knicks,NYK,4,1626195,Willy Hernangomez,1610612752.0,New York,Knicks,NYK,0,0,,,,,,0
217,0021600768,237,8,0,2,8:00 PM,4:05,,,SUB: Zubac FOR Black,,,5.0,204028,Tarik Black,1610612747.0,Los Angeles,Lakers,LAL,5,1627826,Ivica Zubac,1610612747.0,Los Angeles,Lakers,LAL,0,0,,,,,,0
218,0021600768,239,1,5,2,8:00 PM,3:45,Anthony 1' Layup (12 PTS),,,57 - 32,-25,4.0,2546,Carmelo Anthony,1610612752.0,New York,Knicks,NYK,0,0,,,,,,0,0,,,,,,1
219,0021600768,240,2,5,2,8:01 PM,3:22,,,MISS Randle 2' Layup,,,5.0,203944,Julius Randle,1610612747.0,Los Angeles,Lakers,LAL,0,0,,,,,,0,0,,,,,,1
220,0021600768,241,4,0,2,8:01 PM,3:21,Hernangomez REBOUND (Off:0 Def:6),,,,,4.0,1626195,Willy Hernangomez,1610612752.0,New York,Knicks,NYK,0,0,,,,,,0,0,,,,,,1
221,0021600768,242,2,1,2,8:01 PM,3:11,MISS Anthony 19' Jump Shot,,,,,4.0,2546,Carmelo Anthony,1610612752.0,New York,Knicks,NYK,0,0,,,,,,0,0,,,,,,1
222,0021600768,243,4,0,2,8:01 PM,3:10,,,Ingram REBOUND (Off:0 Def:4),,,5.0,1627742,Brandon Ingram,1610612747.0,Los Angeles,Lakers,LAL,0,0,,,,,,0,0,,,,,,1
223,0021600768,244,2,5,2,8:01 PM,3:00,,,MISS Ingram 2' Layup,,,5.0,1627742,Brandon Ingram,1610612747.0,Los Angeles,Lakers,LAL,0,0,,,,,,0,0,,,,,,1
224,0021600768,245,4,0,2,8:01 PM,2:59,Lee REBOUND (Off:0 Def:1),,,,,4.0,201584,Courtney Lee,1610612752.0,New York,Knicks,NYK,0,0,,,,,,0,0,,,,,,1
225,0021600768,247,1,1,2,8:01 PM,2:49,Lee 24' 3PT Jump Shot (3 PTS) (Rose 1 AST),,,57 - 35,-22,4.0,201584,Courtney Lee,1610612752.0,New York,Knicks,NYK,4,201565,Derrick Rose,1610612752.0,New York,Knicks,NYK,0,0,,,,,,1
226,0021600768,248,9,2,2,8:01 PM,2:49,,,Lakers Timeout: Short (Reg.2 Short 1),,,3.0,1610612747,,,,,,0,0,,,,,,0,0,,,,,,0
227,0021600768,251,9,4,2,8:01 PM,2:49,,,,,,1.0,0,,,,,,0,0,,,,,,0,0,,,,,,0
228,0021600768,254,8,0,2,8:04 PM,2:49,SUB: Holiday FOR Jennings,,,,,4.0,201943,Brandon Jennings,1610612752.0,New York,Knicks,NYK,4,203200,Justin Holiday,1610612752.0,New York,Knicks,NYK,0,0,,,,,,0
229,0021600768,255,8,0,2,8:04 PM,2:49,,,SUB: Young FOR Clarkson,,,5.0,203903,Jordan Clarkson,1610612747.0,Los Angeles,Lakers,LAL,5,201156,Nick Young,1610612747.0,Los Angeles,Lakers,LAL,0,0,,,,,,0
230,0021600768,256,8,0,2,8:04 PM,2:49,,,SUB: Russell FOR Williams,,,5.0,101150,Lou Williams,1610612747.0,Los Angeles,Lakers,LAL,5,1626156,D'Angelo Russell,1610612747.0,Los Angeles,Lakers,LAL,0,0,,,,,,0
231,0021600768,257,1,7,2,8:04 PM,2:34,,,Zubac  Dunk (4 PTS) (Russell 4 AST),59 - 35,-24,5.0,1627826,Ivica Zubac,1610612747.0,Los Angeles,Lakers,LAL,5,1626156,D'Angelo Russell,1610612747.0,Los Angeles,Lakers,LAL,0,0,,,,,,1
232,0021600768,258,1,1,2,8:05 PM,2:13,Anthony 19' Jump Shot (14 PTS),,,59 - 37,-22,4.0,2546,Carmelo Anthony,1610612752.0,New York,Knicks,NYK,0,0,,,,,,0,0,,,,,,1
233,0021600768,259,2,1,2,8:05 PM,1:52,,,MISS Young 22' Jump Shot,,,5.0,201156,Nick Young,1610612747.0,Los Angeles,Lakers,LAL,0,0,,,,,,0,0,,,,,,1
234,0021600768,260,4,0,2,8:05 PM,1:50,Lee REBOUND (Off:0 Def:2),,,,,4.0,201584,Courtney Lee,1610612752.0,New York,Knicks,NYK,0,0,,,,,,0,0,,,,,,1
235,0021600768,261,2,5,2,8:05 PM,1:39,MISS Hernangomez 1' Layup,,,,,4.0,1626195,Willy Hernangomez,1610612752.0,New York,Knicks,NYK,0,0,,,,,,0,0,,,,,,1
236,0021600768,262,4,0,2,8:05 PM,1:38,,,Russell REBOUND (Off:0 Def:1),,,5.0,1626156,D'Angelo Russell,1610612747.0,Los Angeles,Lakers,LAL,0,0,,,,,,0,0,,,,,,1
237,0021600768,263,2,44,2,8:05 PM,1:33,,,MISS Randle  Reverse Layup,,,5.0,203944,Julius Randle,1610612747.0,Los Angeles,Lakers,LAL,0,0,,,,,,0,0,,,,,,1
238,0021600768,264,4,0,2,8:05 PM,1:32,Hernangomez REBOUND (Off:0 Def:7),,,,,4.0,1626195,Willy Hernangomez,1610612752.0,New York,Knicks,NYK,0,0,,,,,,0,0,,,,,,1
239,0021600768,265,1,1,2,8:06 PM,1:23,Holiday 25' 3PT Jump Shot (6 PTS) (Anthony 1 AST),,,59 - 40,-19,4.0,203200,Justin Holiday,1610612752.0,New York,Knicks,NYK,4,2546,Carmelo Anthony,1610612752.0,New York,Knicks,NYK,0,0,,,,,,1
240,0021600768,266,2,1,2,8:06 PM,1:03,,,MISS Young 24' 3PT Jump Shot,,,5.0,201156,Nick Young,1610612747.0,Los Angeles,Lakers,LAL,0,0,,,,,,0,0,,,,,,1
241,0021600768,267,4,0,2,8:06 PM,1:02,Hernangomez REBOUND (Off:0 Def:8),,,,,4.0,1626195,Willy Hernangomez,1610612752.0,New York,Knicks,NYK,0,0,,,,,,0,0,,,,,,1
242,0021600768,268,1,42,2,8:06 PM,0:48,Anthony 1' Driving Layup (16 PTS),,,59 - 42,-17,4.0,2546,Carmelo Anthony,1610612752.0,New York,Knicks,NYK,0,0,,,,,,0,0,,,,,,1
243,0021600768,269,6,2,2,8:06 PM,0:48,,,Zubac S.FOUL (P2.PN) (D.Taylor),,,5.0,1627826,Ivica Zubac,1610612747.0,Los Angeles,Lakers,LAL,4,2546,Carmelo Anthony,1610612752.0,New York,Knicks,NYK,1,0,,,,,,1
244,0021600768,270,3,10,2,8:07 PM,0:48,Anthony Free Throw 1 of 1 (17 PTS),,,59 - 43,-16,4.0,2546,Carmelo Anthony,1610612752.0,New York,Knicks,NYK,0,0,,,,,,0,0,,,,,,0
245,0021600768,272,6,1,2,8:07 PM,0:39,Hernangomez P.FOUL (P2.T4) (D.Taylor),,,,,4.0,1626195,Willy Hernangomez,1610612752.0,New York,Knicks,NYK,5,1627826,Ivica Zubac,1610612747.0,Los Angeles,Lakers,LAL,1,0,,,,,,1
246,0021600768,273,1,5,2,8:07 PM,0:28,,,Ingram 3' Layup (8 PTS) (Randle 2 AST),61 - 43,-18,5.0,1627742,Brandon Ingram,1610612747.0,Los Angeles,Lakers,LAL,5,203944,Julius Randle,1610612747.0,Los Angeles,Lakers,LAL,0,0,,,,,,1
247,0021600768,274,6,1,2,8:08 PM,0:16,,,Randle P.FOUL (P2.PN) (G.Zielinski),,,5.0,203944,Julius Randle,1610612747.0,Los Angeles,Lakers,LAL,4,2546,Carmelo Anthony,1610612752.0,New York,Knicks,NYK,1,0,,,,,,1
248,0021600768,275,3,11,2,8:08 PM,0:16,Anthony Free Throw 1 of 2 (18 PTS),,,61 - 44,-17,4.0,2546,Carmelo Anthony,1610612752.0,New York,Knicks,NYK,0,0,,,,,,0,0,,,,,,0
249,0021600768,277,8,0,2,8:08 PM,0:16,,,SUB: Williams FOR Ingram,,,5.0,1627742,Brandon Ingram,1610612747.0,Los Angeles,Lakers,LAL,5,101150,Lou Williams,1610612747.0,Los Angeles,Lakers,LAL,0,0,,,,,,0
250,0021600768,278,3,12,2,8:08 PM,0:16,Anthony Free Throw 2 of 2 (19 PTS),,,61 - 45,-16,4.0,2546,Carmelo Anthony,1610612752.0,New York,Knicks,NYK,0,0,,,,,,0,0,,,,,,0
251,0021600768,280,2,1,2,8:09 PM,0:04,,,MISS Russell 10' Jump Shot,,,5.0,1626156,D'Angelo Russell,1610612747.0,Los Angeles,Lakers,LAL,0,0,,,,,,0,0,,,,,,1
252,0021600768,281,4,0,2,8:09 PM,0:03,Anthony REBOUND (Off:0 Def:3),,,,,4.0,2546,Carmelo Anthony,1610612752.0,New York,Knicks,NYK,0,0,,,,,,0,0,,,,,,1
253,0021600768,282,2,79,2,8:09 PM,0:00,MISS Lee 26' 3PT Pullup Jump Shot,,,,,4.0,201584,Courtney Lee,1610612752.0,New York,Knicks,NYK,0,0,,,,,,0,0,,,,,,1
254,0021600768,283,4,0,2,8:09 PM,0:00,KNICKS Rebound,,,,,2.0,1610612752,,,,,,0,0,,,,,,0,0,,,,,,0
255,0021600768,284,13,0,2,8:09 PM,0:00,,,,61 - 45,-16,0.0,0,,,,,,0,0,,,,,,0,0,,,,,,0
256,0021600768,286,12,0,3,8:25 PM,12:00,,,,61 - 45,-16,0.0,0,,,,,,0,0,,,,,,0,0,,,,,,0
257,0021600768,288,2,1,3,8:26 PM,11:33,,,MISS Young 24' 3PT Jump Shot,,,5.0,201156,Nick Young,1610612747.0,Los Angeles,Lakers,LAL,0,0,,,,,,0,0,,,,,,1
258,0021600768,289,4,0,3,8:26 PM,11:32,,,Black REBOUND (Off:5 Def:4),,,5.0,204028,Tarik Black,1610612747.0,Los Angeles,Lakers,LAL,0,0,,,,,,0,0,,,,,,1
259,0021600768,290,2,63,3,8:26 PM,11:20,,,MISS Randle 10' Fadeaway Jumper,,,5.0,203944,Julius Randle,1610612747.0,Los Angeles,Lakers,LAL,0,0,,,,,,0,0,,,,,,1
260,0021600768,291,4,0,3,8:26 PM,11:19,Hernangomez REBOUND (Off:0 Def:9),,,,,4.0,1626195,Willy Hernangomez,1610612752.0,New York,Knicks,NYK,0,0,,,,,,0,0,,,,,,1
261,0021600768,292,1,79,3,8:26 PM,11:03,Porzingis 14' Pullup Jump Shot (3 PTS) (Anthony 2 AST),,,61 - 47,-14,4.0,204001,Kristaps Porzingis,1610612752.0,New York,Knicks,NYK,4,2546,Carmelo Anthony,1610612752.0,New York,Knicks,NYK,0,0,,,,,,1
262,0021600768,293,1,1,3,8:27 PM,10:46,,,Young 25' 3PT Jump Shot (9 PTS) (Russell 5 AST),64 - 47,-17,5.0,201156,Nick Young,1610612747.0,Los Angeles,Lakers,LAL,5,1626156,D'Angelo Russell,1610612747.0,Los Angeles,Lakers,LAL,0,0,,,,,,1
263,0021600768,294,2,5,3,8:27 PM,10:26,MISS Rose 3' Layup,,,,,4.0,201565,Derrick Rose,1610612752.0,New York,Knicks,NYK,0,0,,,,,,0,0,,,,,,1
264,0021600768,295,4,0,3,8:27 PM,10:25,Hernangomez REBOUND (Off:1 Def:9),,,,,4.0,1626195,Willy Hernangomez,1610612752.0,New York,Knicks,NYK,0,0,,,,,,0,0,,,,,,1
265,0021600768,296,6,2,3,8:27 PM,10:25,,,Randle S.FOUL (P3.T1) (D.Taylor),,,5.0,203944,Julius Randle,1610612747.0,Los Angeles,Lakers,LAL,4,1626195,Willy Hernangomez,1610612752.0,New York,Knicks,NYK,1,0,,,,,,1
266,0021600768,297,3,11,3,8:27 PM,10:25,Hernangomez Free Throw 1 of 2 (5 PTS),,,64 - 48,-16,4.0,1626195,Willy Hernangomez,1610612752.0,New York,Knicks,NYK,0,0,,,,,,0,0,,,,,,0
267,0021600768,299,3,12,3,8:27 PM,10:25,Hernangomez Free Throw 2 of 2 (6 PTS),,,64 - 49,-15,4.0,1626195,Willy Hernangomez,1610612752.0,New York,Knicks,NYK,0,0,,,,,,0,0,,,,,,0
268,0021600768,301,2,5,3,8:28 PM,10:18,,,MISS Ingram  Layup,,,5.0,1627742,Brandon Ingram,1610612747.0,Los Angeles,Lakers,LAL,0,0,,,,,,0,0,,,,,,1
269,0021600768,303,4,0,3,8:28 PM,10:17,,,Randle REBOUND (Off:2 Def:0),,,5.0,203944,Julius Randle,1610612747.0,Los Angeles,Lakers,LAL,0,0,,,,,,0,0,,,,,,1
270,0021600768,302,1,72,3,8:28 PM,10:17,,,Randle 1' Putback Layup (12 PTS),66 - 49,-17,5.0,203944,Julius Randle,1610612747.0,Los Angeles,Lakers,LAL,0,0,,,,,,0,0,,,,,,1
271,0021600768,304,6,2,3,8:28 PM,10:09,,,Randle S.FOUL (P4.T2) (G.Zielinski),,,5.0,203944,Julius Randle,1610612747.0,Los Angeles,Lakers,LAL,4,2546,Carmelo Anthony,1610612752.0,New York,Knicks,NYK,1,0,,,,,,1
272,0021600768,305,3,11,3,8:28 PM,10:09,MISS Anthony Free Throw 1 of 2,,,,,4.0,2546,Carmelo Anthony,1610612752.0,New York,Knicks,NYK,0,0,,,,,,0,0,,,,,,0
273,0021600768,306,4,1,3,8:28 PM,10:09,KNICKS Rebound,,,,,2.0,1610612752,,,,,,0,0,,,,,,0,0,,,,,,0
274,0021600768,307,3,12,3,8:28 PM,10:09,Anthony Free Throw 2 of 2 (20 PTS),,,66 - 50,-16,4.0,2546,Carmelo Anthony,1610612752.0,New York,Knicks,NYK,0,0,,,,,,0,0,,,,,,0
275,0021600768,309,2,5,3,8:29 PM,9:50,,,MISS Randle 3' Layup,,,5.0,203944,Julius Randle,1610612747.0,Los Angeles,Lakers,LAL,0,0,,,,,,0,0,,,,,,1
276,0021600768,311,4,0,3,8:29 PM,9:49,,,Black REBOUND (Off:6 Def:4),,,5.0,204028,Tarik Black,1610612747.0,Los Angeles,Lakers,LAL,0,0,,,,,,0,0,,,,,,1
277,0021600768,310,1,87,3,8:29 PM,9:49,,,Black  Putback Dunk (6 PTS),68 - 50,-18,5.0,204028,Tarik Black,1610612747.0,Los Angeles,Lakers,LAL,0,0,,,,,,0,0,,,,,,1
278,0021600768,312,1,85,3,8:29 PM,9:36,Porzingis 7' Turnaround Bank Shot (5 PTS),,,68 - 52,-16,4.0,204001,Kristaps Porzingis,1610612752.0,New York,Knicks,NYK,0,0,,,,,,0,0,,,,,,1
279,0021600768,313,5,45,3,8:30 PM,9:20,,,Ingram Out of Bounds - Bad Pass Turnover Turnover (P1.T2),,,5.0,1627742,Brandon Ingram,1610612747.0,Los Angeles,Lakers,LAL,0,0,,,,,,0,0,,,,,,1
280,0021600768,314,8,0,3,8:30 PM,9:20,,,SUB: Nance Jr. FOR Randle,,,5.0,203944,Julius Randle,1610612747.0,Los Angeles,Lakers,LAL,5,1626204,Larry Nance Jr.,1610612747.0,Los Angeles,Lakers,LAL,0,0,,,,,,0
281,0021600768,315,2,1,3,8:30 PM,9:06,MISS Anthony 25' 3PT Jump Shot,,,,,4.0,2546,Carmelo Anthony,1610612752.0,New York,Knicks,NYK,0,0,,,,,,0,0,,,,,,1
282,0021600768,316,4,0,3,8:30 PM,9:05,,,Young REBOUND (Off:0 Def:2),,,5.0,201156,Nick Young,1610612747.0,Los Angeles,Lakers,LAL,0,0,,,,,,0,0,,,,,,1
283,0021600768,317,2,1,3,8:30 PM,8:55,,,MISS Ingram 24' 3PT Jump Shot,,,5.0,1627742,Brandon Ingram,1610612747.0,Los Angeles,Lakers,LAL,0,0,,,,,,0,0,,,,,,1
284,0021600768,318,4,0,3,8:30 PM,8:54,,,Russell REBOUND (Off:1 Def:1),,,5.0,1626156,D'Angelo Russell,1610612747.0,Los Angeles,Lakers,LAL,0,0,,,,,,0,0,,,,,,1
285,0021600768,319,2,1,3,8:30 PM,8:53,,,MISS Young 25' 3PT Jump Shot,,,5.0,201156,Nick Young,1610612747.0,Los Angeles,Lakers,LAL,0,0,,,,,,0,0,,,,,,1
286,0021600768,320,4,0,3,8:30 PM,8:52,,,Lakers Rebound,,,3.0,1610612747,,,,,,0,0,,,,,,0,0,,,,,,0
287,0021600768,321,6,3,3,8:31 PM,8:52,Anthony L.B.FOUL (P2.T1) (D.Taylor),,,,,4.0,2546,Carmelo Anthony,1610612752.0,New York,Knicks,NYK,5,1627742,Brandon Ingram,1610612747.0,Los Angeles,Lakers,LAL,1,0,,,,,,1
288,0021600768,322,6,2,3,8:31 PM,8:48,Hernangomez S.FOUL (P3.T2) (G.Zielinski),,,,,4.0,1626195,Willy Hernangomez,1610612752.0,New York,Knicks,NYK,5,204028,Tarik Black,1610612747.0,Los Angeles,Lakers,LAL,1,0,,,,,,1
289,0021600768,323,3,11,3,8:31 PM,8:48,,,MISS Black Free Throw 1 of 2,,,5.0,204028,Tarik Black,1610612747.0,Los Angeles,Lakers,LAL,0,0,,,,,,0,0,,,,,,0
290,0021600768,324,4,1,3,8:31 PM,8:48,,,Lakers Rebound,,,3.0,1610612747,,,,,,0,0,,,,,,0,0,,,,,,0
291,0021600768,325,3,12,3,8:31 PM,8:48,,,Black Free Throw 2 of 2 (7 PTS),69 - 52,-17,5.0,204028,Tarik Black,1610612747.0,Los Angeles,Lakers,LAL,0,0,,,,,,0,0,,,,,,0
292,0021600768,328,2,1,3,8:32 PM,8:37,MISS Rose 12' Jump Shot,,,,,4.0,201565,Derrick Rose,1610612752.0,New York,Knicks,NYK,0,0,,,,,,0,0,,,,,,1
293,0021600768,329,4,0,3,8:32 PM,8:36,,,Young REBOUND (Off:0 Def:3),,,5.0,201156,Nick Young,1610612747.0,Los Angeles,Lakers,LAL,0,0,,,,,,0,0,,,,,,1
294,0021600768,330,2,1,3,8:32 PM,8:29,,,MISS Young 25' 3PT Jump Shot,,,5.0,201156,Nick Young,1610612747.0,Los Angeles,Lakers,LAL,0,0,,,,,,0,0,,,,,,1
295,0021600768,331,4,0,3,8:32 PM,8:28,Porzingis REBOUND (Off:1 Def:3),,,,,4.0,204001,Kristaps Porzingis,1610612752.0,New York,Knicks,NYK,0,0,,,,,,0,0,,,,,,1
296,0021600768,332,1,78,3,8:33 PM,8:17,Lee 10' Floating Jump Shot (5 PTS),,,69 - 54,-15,4.0,201584,Courtney Lee,1610612752.0,New York,Knicks,NYK,0,0,,,,,,0,0,,,,,,1
297,0021600768,333,1,5,3,8:33 PM,7:57,,,Ingram 1' Layup (10 PTS) (Nance Jr. 2 AST),71 - 54,-17,5.0,1627742,Brandon Ingram,1610612747.0,Los Angeles,Lakers,LAL,5,1626204,Larry Nance Jr.,1610612747.0,Los Angeles,Lakers,LAL,0,0,,,,,,1
298,0021600768,334,6,2,3,8:33 PM,7:57,Porzingis S.FOUL (P1.T3) (Z.Zarba),,,,,4.0,204001,Kristaps Porzingis,1610612752.0,New York,Knicks,NYK,5,1627742,Brandon Ingram,1610612747.0,Los Angeles,Lakers,LAL,1,0,,,,,,1
299,0021600768,335,3,10,3,8:33 PM,7:57,,,MISS Ingram Free Throw 1 of 1,,,5.0,1627742,Brandon Ingram,1610612747.0,Los Angeles,Lakers,LAL,0,0,,,,,,0,0,,,,,,0
300,0021600768,337,4,0,3,8:33 PM,7:56,Porzingis REBOUND (Off:1 Def:4),,,,,4.0,204001,Kristaps Porzingis,1610612752.0,New York,Knicks,NYK,0,0,,,,,,0,0,,,,,,1
301,0021600768,338,5,1,3,8:34 PM,7:36,Anthony Bad Pass Turnover (P3.T6),,Nance Jr. STEAL (2 STL),,,4.0,2546,Carmelo Anthony,1610612752.0,New York,Knicks,NYK,5,1626204,Larry Nance Jr.,1610612747.0,Los Angeles,Lakers,LAL,0,0,,,,,,1
302,0021600768,339,5,4,3,8:34 PM,7:35,,,Nance Jr. Traveling Turnover (P1.T3),,,5.0,1626204,Larry Nance Jr.,1610612747.0,Los Angeles,Lakers,LAL,0,0,,,,,,1,0,,,,,,1
303,0021600768,340,5,4,3,8:34 PM,7:23,Anthony Traveling Turnover (P4.T7),,,,,4.0,2546,Carmelo Anthony,1610612752.0,New York,Knicks,NYK,0,0,,,,,,1,0,,,,,,1
304,0021600768,341,1,7,3,8:35 PM,7:13,,,Ingram  Dunk (12 PTS) (Russell 6 AST),73 - 54,-19,5.0,1627742,Brandon Ingram,1610612747.0,Los Angeles,Lakers,LAL,5,1626156,D'Angelo Russell,1610612747.0,Los Angeles,Lakers,LAL,0,0,,,,,,1
305,0021600768,342,2,1,3,8:35 PM,6:59,MISS Porzingis  3PT Jump Shot,,,,,4.0,204001,Kristaps Porzingis,1610612752.0,New York,Knicks,NYK,0,0,,,,,,0,0,,,,,,1
306,0021600768,343,4,0,3,8:35 PM,6:58,,,Young REBOUND (Off:0 Def:4),,,5.0,201156,Nick Young,1610612747.0,Los Angeles,Lakers,LAL,0,0,,,,,,0,0,,,,,,1
307,0021600768,344,1,7,3,8:35 PM,6:53,,,Black  Dunk (9 PTS) (Ingram 2 AST),75 - 54,-21,5.0,204028,Tarik Black,1610612747.0,Los Angeles,Lakers,LAL,5,1627742,Brandon Ingram,1610612747.0,Los Angeles,Lakers,LAL,0,0,,,,,,1
308,0021600768,345,6,1,3,8:35 PM,6:41,,,Ingram P.FOUL (P1.T3) (Z.Zarba),,,5.0,1627742,Brandon Ingram,1610612747.0,Los Angeles,Lakers,LAL,4,2546,Carmelo Anthony,1610612752.0,New York,Knicks,NYK,1,0,,,,,,1
309,0021600768,346,8,0,3,8:36 PM,6:41,SUB: O'Quinn FOR Hernangomez,,,,,4.0,1626195,Willy Hernangomez,1610612752.0,New York,Knicks,NYK,4,203124,Kyle O'Quinn,1610612752.0,New York,Knicks,NYK,0,0,,,,,,0
310,0021600768,347,6,1,3,8:36 PM,6:38,,,Russell P.FOUL (P1.T4) (G.Zielinski),,,5.0,1626156,D'Angelo Russell,1610612747.0,Los Angeles,Lakers,LAL,4,2546,Carmelo Anthony,1610612752.0,New York,Knicks,NYK,1,0,,,,,,1
311,0021600768,348,5,45,3,8:36 PM,6:31,Porzingis Out of Bounds - Bad Pass Turnover Turnover (P2.T8),,,,,4.0,204001,Kristaps Porzingis,1610612752.0,New York,Knicks,NYK,0,0,,,,,,0,0,,,,,,1
312,0021600768,349,6,2,3,8:36 PM,6:21,Lee S.FOUL (P1.T4) (D.Taylor),,,,,4.0,201584,Courtney Lee,1610612752.0,New York,Knicks,NYK,5,1626156,D'Angelo Russell,1610612747.0,Los Angeles,Lakers,LAL,1,0,,,,,,1
313,0021600768,350,3,11,3,8:37 PM,6:21,,,Russell Free Throw 1 of 2 (3 PTS),76 - 54,-22,5.0,1626156,D'Angelo Russell,1610612747.0,Los Angeles,Lakers,LAL,0,0,,,,,,0,0,,,,,,0
314,0021600768,352,3,12,3,8:37 PM,6:21,,,Russell Free Throw 2 of 2 (4 PTS),77 - 54,-23,5.0,1626156,D'Angelo Russell,1610612747.0,Los Angeles,Lakers,LAL,0,0,,,,,,0,0,,,,,,0
315,0021600768,354,2,1,3,8:37 PM,6:07,MISS Anthony 22' Jump Shot,,,,,4.0,2546,Carmelo Anthony,1610612752.0,New York,Knicks,NYK,0,0,,,,,,0,0,,,,,,1
316,0021600768,355,4,0,3,8:37 PM,6:06,O'Quinn REBOUND (Off:1 Def:1),,,,,4.0,203124,Kyle O'Quinn,1610612752.0,New York,Knicks,NYK,0,0,,,,,,0,0,,,,,,1
317,0021600768,357,6,2,3,8:37 PM,6:05,,,Young S.FOUL (P2.PN) (D.Taylor),,,5.0,201156,Nick Young,1610612747.0,Los Angeles,Lakers,LAL,4,203124,Kyle O'Quinn,1610612752.0,New York,Knicks,NYK,1,0,,,,,,1
318,0021600768,358,3,11,3,8:38 PM,6:05,O'Quinn Free Throw 1 of 2 (5 PTS),,,77 - 55,-22,4.0,203124,Kyle O'Quinn,1610612752.0,New York,Knicks,NYK,0,0,,,,,,0,0,,,,,,0
319,0021600768,360,3,12,3,8:38 PM,6:05,O'Quinn Free Throw 2 of 2 (6 PTS),,,77 - 56,-21,4.0,203124,Kyle O'Quinn,1610612752.0,New York,Knicks,NYK,0,0,,,,,,0,0,,,,,,0
320,0021600768,362,2,5,3,8:38 PM,5:47,,,MISS Young 2' Layup,,,5.0,201156,Nick Young,1610612747.0,Los Angeles,Lakers,LAL,0,0,,,,,,0,0,,,,,,1
321,0021600768,363,4,0,3,8:38 PM,5:46,,,Young REBOUND (Off:1 Def:4),,,5.0,201156,Nick Young,1610612747.0,Los Angeles,Lakers,LAL,0,0,,,,,,0,0,,,,,,1
322,0021600768,364,1,5,3,8:38 PM,5:45,,,Young 1' Layup (11 PTS),79 - 56,-23,5.0,201156,Nick Young,1610612747.0,Los Angeles,Lakers,LAL,0,0,,,,,,0,0,,,,,,1
323,0021600768,365,5,45,3,8:39 PM,5:37,Rose Out of Bounds - Bad Pass Turnover Turnover (P2.T9),,,,,4.0,201565,Derrick Rose,1610612752.0,New York,Knicks,NYK,0,0,,,,,,0,0,,,,,,1
324,0021600768,366,9,1,3,8:39 PM,5:37,KNICKS Timeout: Regular (Full 3 Short 1),,,,,2.0,1610612752,,,,,,0,0,,,,,,0,0,,,,,,0
325,0021600768,369,8,0,3,8:41 PM,5:37,SUB: Jennings FOR Porzingis,,,,,4.0,204001,Kristaps Porzingis,1610612752.0,New York,Knicks,NYK,4,201943,Brandon Jennings,1610612752.0,New York,Knicks,NYK,0,0,,,,,,0
326,0021600768,370,8,0,3,8:41 PM,5:37,SUB: Holiday FOR Lee,,,,,4.0,201584,Courtney Lee,1610612752.0,New York,Knicks,NYK,4,203200,Justin Holiday,1610612752.0,New York,Knicks,NYK,0,0,,,,,,0
327,0021600768,371,2,1,3,8:41 PM,5:20,,,MISS Young 11' Jump Shot,,,5.0,201156,Nick Young,1610612747.0,Los Angeles,Lakers,LAL,0,0,,,,,,0,0,,,,,,1
328,0021600768,372,4,0,3,8:42 PM,5:17,,,Ingram REBOUND (Off:1 Def:4),,,5.0,1627742,Brandon Ingram,1610612747.0,Los Angeles,Lakers,LAL,0,0,,,,,,0,0,,,,,,1
329,0021600768,373,6,2,3,8:42 PM,5:09,Jennings S.FOUL (P1.PN) (G.Zielinski),,,,,4.0,201943,Brandon Jennings,1610612752.0,New York,Knicks,NYK,5,201156,Nick Young,1610612747.0,Los Angeles,Lakers,LAL,1,0,,,,,,1
330,0021600768,374,3,11,3,8:42 PM,5:09,,,Young Free Throw 1 of 2 (12 PTS),80 - 56,-24,5.0,201156,Nick Young,1610612747.0,Los Angeles,Lakers,LAL,0,0,,,,,,0,0,,,,,,0
331,0021600768,376,3,12,3,8:42 PM,5:09,,,Young Free Throw 2 of 2 (13 PTS),81 - 56,-25,5.0,201156,Nick Young,1610612747.0,Los Angeles,Lakers,LAL,0,0,,,,,,0,0,,,,,,0
332,0021600768,378,5,1,3,8:43 PM,4:51,Holiday Bad Pass Turnover (P1.T10),,Young STEAL (1 STL),,,4.0,203200,Justin Holiday,1610612752.0,New York,Knicks,NYK,5,201156,Nick Young,1610612747.0,Los Angeles,Lakers,LAL,0,0,,,,,,1
333,0021600768,379,1,1,3,8:43 PM,4:45,,,Young 21' Jump Shot (15 PTS),83 - 56,-27,5.0,201156,Nick Young,1610612747.0,Los Angeles,Lakers,LAL,0,0,,,,,,0,0,,,,,,1
334,0021600768,380,1,1,3,8:43 PM,4:29,Holiday 18' Jump Shot (8 PTS) (Rose 2 AST),,,83 - 58,-25,4.0,203200,Justin Holiday,1610612752.0,New York,Knicks,NYK,4,201565,Derrick Rose,1610612752.0,New York,Knicks,NYK,0,0,,,,,,1
335,0021600768,381,5,10,3,8:43 PM,4:19,,,Lakers Turnover: 8 Second Violation (T#4),,,3.0,1610612747,,,,,,0,0,,,,,,1,0,,,,,,0
336,0021600768,382,8,0,3,8:43 PM,4:19,SUB: Kuzminskas FOR Rose,,,,,4.0,201565,Derrick Rose,1610612752.0,New York,Knicks,NYK,4,1627851,Mindaugas Kuzminskas,1610612752.0,New York,Knicks,NYK,0,0,,,,,,0
337,0021600768,383,8,0,3,8:44 PM,4:19,,,SUB: Deng FOR Black,,,5.0,204028,Tarik Black,1610612747.0,Los Angeles,Lakers,LAL,5,2736,Luol Deng,1610612747.0,Los Angeles,Lakers,LAL,0,0,,,,,,0
338,0021600768,384,1,71,3,8:44 PM,4:02,O'Quinn  Finger Roll Layup (8 PTS) (Anthony 3 AST),,,83 - 60,-23,4.0,203124,Kyle O'Quinn,1610612752.0,New York,Knicks,NYK,4,2546,Carmelo Anthony,1610612752.0,New York,Knicks,NYK,0,0,,,,,,1
339,0021600768,385,2,1,3,8:44 PM,3:49,,,MISS Young  3PT Jump Shot,,,5.0,201156,Nick Young,1610612747.0,Los Angeles,Lakers,LAL,0,0,,,,,,0,0,,,,,,1
340,0021600768,386,4,0,3,8:44 PM,3:48,Jennings REBOUND (Off:0 Def:1),,,,,4.0,201943,Brandon Jennings,1610612752.0,New York,Knicks,NYK,0,0,,,,,,0,0,,,,,,1
341,0021600768,387,6,2,3,8:45 PM,3:34,,,Nance Jr. S.FOUL (P3.PN) (G.Zielinski),,,5.0,1626204,Larry Nance Jr.,1610612747.0,Los Angeles,Lakers,LAL,4,2546,Carmelo Anthony,1610612752.0,New York,Knicks,NYK,1,0,,,,,,1
342,0021600768,388,3,11,3,8:45 PM,3:34,Anthony Free Throw 1 of 2 (21 PTS),,,83 - 61,-22,4.0,2546,Carmelo Anthony,1610612752.0,New York,Knicks,NYK,0,0,,,,,,0,0,,,,,,0
343,0021600768,390,8,0,3,8:45 PM,3:34,,,SUB: Clarkson FOR Russell,,,5.0,1626156,D'Angelo Russell,1610612747.0,Los Angeles,Lakers,LAL,5,203903,Jordan Clarkson,1610612747.0,Los Angeles,Lakers,LAL,0,0,,,,,,0
344,0021600768,391,3,12,3,8:45 PM,3:34,Anthony Free Throw 2 of 2 (22 PTS),,,83 - 62,-21,4.0,2546,Carmelo Anthony,1610612752.0,New York,Knicks,NYK,0,0,,,,,,0,0,,,,,,0
345,0021600768,393,6,1,3,8:46 PM,3:28,Holiday P.FOUL (P1.PN) (D.Taylor),,,,,4.0,203200,Justin Holiday,1610612752.0,New York,Knicks,NYK,5,201156,Nick Young,1610612747.0,Los Angeles,Lakers,LAL,1,0,,,,,,1
346,0021600768,394,3,11,3,8:46 PM,3:28,,,Young Free Throw 1 of 2 (16 PTS),84 - 62,-22,5.0,201156,Nick Young,1610612747.0,Los Angeles,Lakers,LAL,0,0,,,,,,0,0,,,,,,0
347,0021600768,396,3,12,3,8:46 PM,3:28,,,Young Free Throw 2 of 2 (17 PTS),85 - 62,-23,5.0,201156,Nick Young,1610612747.0,Los Angeles,Lakers,LAL,0,0,,,,,,0,0,,,,,,0
348,0021600768,398,1,1,3,8:47 PM,3:11,Anthony 17' Jump Shot (24 PTS),,,85 - 64,-21,4.0,2546,Carmelo Anthony,1610612752.0,New York,Knicks,NYK,0,0,,,,,,0,0,,,,,,1
349,0021600768,399,2,1,3,8:47 PM,2:55,,,MISS Young 25' 3PT Jump Shot,,,5.0,201156,Nick Young,1610612747.0,Los Angeles,Lakers,LAL,0,0,,,,,,0,0,,,,,,1
350,0021600768,400,4,0,3,8:47 PM,2:54,,,Nance Jr. REBOUND (Off:3 Def:3),,,5.0,1626204,Larry Nance Jr.,1610612747.0,Los Angeles,Lakers,LAL,0,0,,,,,,0,0,,,,,,1
351,0021600768,401,2,5,3,8:47 PM,2:41,,,MISS Clarkson 2' Layup,,,5.0,203903,Jordan Clarkson,1610612747.0,Los Angeles,Lakers,LAL,0,0,,,,,,0,0,,,,,,1
352,0021600768,403,4,0,3,8:47 PM,2:41,,,Nance Jr. REBOUND (Off:4 Def:3),,,5.0,1626204,Larry Nance Jr.,1610612747.0,Los Angeles,Lakers,LAL,0,0,,,,,,0,0,,,,,,1
353,0021600768,402,1,87,3,8:47 PM,2:41,,,Nance Jr.  Putback Dunk (6 PTS),87 - 64,-23,5.0,1626204,Larry Nance Jr.,1610612747.0,Los Angeles,Lakers,LAL,0,0,,,,,,0,0,,,,,,1
354,0021600768,404,1,42,3,8:47 PM,2:32,Jennings 3' Driving Layup (5 PTS),,,87 - 66,-21,4.0,201943,Brandon Jennings,1610612752.0,New York,Knicks,NYK,0,0,,,,,,0,0,,,,,,1
355,0021600768,405,6,2,3,8:47 PM,2:32,,,Deng S.FOUL (P2.PN) (Z.Zarba),,,5.0,2736,Luol Deng,1610612747.0,Los Angeles,Lakers,LAL,4,201943,Brandon Jennings,1610612752.0,New York,Knicks,NYK,1,0,,,,,,1
356,0021600768,406,9,1,3,8:48 PM,2:32,,,Lakers Timeout: Regular (Reg.3 Short 1),,,3.0,1610612747,,,,,,0,0,,,,,,0,0,,,,,,0
357,0021600768,409,8,0,3,8:50 PM,2:32,,,SUB: Williams FOR Young,,,5.0,201156,Nick Young,1610612747.0,Los Angeles,Lakers,LAL,5,101150,Lou Williams,1610612747.0,Los Angeles,Lakers,LAL,0,0,,,,,,0
358,0021600768,410,3,10,3,8:50 PM,2:32,MISS Jennings Free Throw 1 of 1,,,,,4.0,201943,Brandon Jennings,1610612752.0,New York,Knicks,NYK,0,0,,,,,,0,0,,,,,,0
359,0021600768,412,4,0,3,8:50 PM,2:31,,,Deng REBOUND (Off:0 Def:2),,,5.0,2736,Luol Deng,1610612747.0,Los Angeles,Lakers,LAL,0,0,,,,,,0,0,,,,,,1
360,0021600768,413,6,1,3,8:50 PM,2:21,O'Quinn P.FOUL (P3.PN) (G.Zielinski),,,,,4.0,203124,Kyle O'Quinn,1610612752.0,New York,Knicks,NYK,5,101150,Lou Williams,1610612747.0,Los Angeles,Lakers,LAL,1,0,,,,,,1
361,0021600768,414,3,11,3,8:51 PM,2:21,,,Williams Free Throw 1 of 2 (13 PTS),88 - 66,-22,5.0,101150,Lou Williams,1610612747.0,Los Angeles,Lakers,LAL,0,0,,,,,,0,0,,,,,,0
362,0021600768,416,3,12,3,8:51 PM,2:21,,,Williams Free Throw 2 of 2 (14 PTS),89 - 66,-23,5.0,101150,Lou Williams,1610612747.0,Los Angeles,Lakers,LAL,0,0,,,,,,0,0,,,,,,0
363,0021600768,418,2,1,3,8:51 PM,2:01,MISS Anthony 14' Jump Shot,,,,,4.0,2546,Carmelo Anthony,1610612752.0,New York,Knicks,NYK,0,0,,,,,,0,0,,,,,,1
364,0021600768,419,4,0,3,8:51 PM,2:00,,,Nance Jr. REBOUND (Off:4 Def:4),,,5.0,1626204,Larry Nance Jr.,1610612747.0,Los Angeles,Lakers,LAL,0,0,,,,,,0,0,,,,,,1
365,0021600768,420,5,1,3,8:51 PM,1:48,Anthony STEAL (1 STL),,Williams Bad Pass Turnover (P2.T5),,,5.0,101150,Lou Williams,1610612747.0,Los Angeles,Lakers,LAL,4,2546,Carmelo Anthony,1610612752.0,New York,Knicks,NYK,0,0,,,,,,1
366,0021600768,421,1,1,3,8:52 PM,1:42,Holiday  3PT Jump Shot (11 PTS) (Anthony 4 AST),,,89 - 69,-20,4.0,203200,Justin Holiday,1610612752.0,New York,Knicks,NYK,4,2546,Carmelo Anthony,1610612752.0,New York,Knicks,NYK,0,0,,,,,,1
367,0021600768,422,1,1,3,8:52 PM,1:21,,,Nance Jr. 4' Jump Shot (8 PTS) (Clarkson 1 AST),91 - 69,-22,5.0,1626204,Larry Nance Jr.,1610612747.0,Los Angeles,Lakers,LAL,5,203903,Jordan Clarkson,1610612747.0,Los Angeles,Lakers,LAL,0,0,,,,,,1
368,0021600768,423,6,2,3,8:52 PM,1:13,,,Nance Jr. S.FOUL (P4.PN) (D.Taylor),,,5.0,1626204,Larry Nance Jr.,1610612747.0,Los Angeles,Lakers,LAL,4,203124,Kyle O'Quinn,1610612752.0,New York,Knicks,NYK,1,0,,,,,,1
369,0021600768,424,3,11,3,8:52 PM,1:13,O'Quinn Free Throw 1 of 2 (9 PTS),,,91 - 70,-21,4.0,203124,Kyle O'Quinn,1610612752.0,New York,Knicks,NYK,0,0,,,,,,0,0,,,,,,0
370,0021600768,426,3,12,3,8:52 PM,1:13,O'Quinn Free Throw 2 of 2 (10 PTS),,,91 - 71,-20,4.0,203124,Kyle O'Quinn,1610612752.0,New York,Knicks,NYK,0,0,,,,,,0,0,,,,,,0
371,0021600768,428,6,2,3,8:53 PM,1:02,Anthony S.FOUL (P3.PN) (D.Taylor),,,,,4.0,2546,Carmelo Anthony,1610612752.0,New York,Knicks,NYK,5,1626204,Larry Nance Jr.,1610612747.0,Los Angeles,Lakers,LAL,1,0,,,,,,1
372,0021600768,429,3,11,3,8:53 PM,1:02,,,Nance Jr. Free Throw 1 of 2 (9 PTS),92 - 71,-21,5.0,1626204,Larry Nance Jr.,1610612747.0,Los Angeles,Lakers,LAL,0,0,,,,,,0,0,,,,,,0
373,0021600768,431,3,12,3,8:54 PM,1:02,,,Nance Jr. Free Throw 2 of 2 (10 PTS),93 - 71,-22,5.0,1626204,Larry Nance Jr.,1610612747.0,Los Angeles,Lakers,LAL,0,0,,,,,,0,0,,,,,,0
374,0021600768,433,2,1,3,8:54 PM,0:48,MISS O'Quinn 18' Jump Shot,,,,,4.0,203124,Kyle O'Quinn,1610612752.0,New York,Knicks,NYK,0,0,,,,,,0,0,,,,,,1
375,0021600768,434,4,0,3,8:54 PM,0:48,,,Ingram REBOUND (Off:1 Def:5),,,5.0,1627742,Brandon Ingram,1610612747.0,Los Angeles,Lakers,LAL,0,0,,,,,,0,0,,,,,,1
376,0021600768,435,1,41,3,8:54 PM,0:39,,,Clarkson 2' Running Layup (10 PTS),95 - 71,-24,5.0,203903,Jordan Clarkson,1610612747.0,Los Angeles,Lakers,LAL,0,0,,,,,,0,0,,,,,,1
377,0021600768,437,1,63,3,8:55 PM,0:18,Anthony 9' Fadeaway Jumper (26 PTS),,,95 - 73,-22,4.0,2546,Carmelo Anthony,1610612752.0,New York,Knicks,NYK,0,0,,,,,,0,0,,,,,,1
378,0021600768,438,1,78,3,8:55 PM,0:04,,,Williams 7' Floating Jump Shot (16 PTS),97 - 73,-24,5.0,101150,Lou Williams,1610612747.0,Los Angeles,Lakers,LAL,0,0,,,,,,0,0,,,,,,1
379,0021600768,440,13,0,3,8:57 PM,0:00,,,,97 - 73,-24,0.0,0,,,,,,0,0,,,,,,0,0,,,,,,0
380,0021600768,442,12,0,4,8:58 PM,12:00,,,,97 - 73,-24,0.0,0,,,,,,0,0,,,,,,0,0,,,,,,0
381,0021600768,443,1,5,4,8:58 PM,11:48,Hernangomez 2' Layup (8 PTS),,,97 - 75,-22,4.0,1626195,Willy Hernangomez,1610612752.0,New York,Knicks,NYK,0,0,,,,,,0,0,,,,,,1
382,0021600768,444,2,43,4,8:59 PM,11:32,,,MISS Clarkson  Alley Oop Layup,,,5.0,203903,Jordan Clarkson,1610612747.0,Los Angeles,Lakers,LAL,0,0,,,,,,0,0,,,,,,1
383,0021600768,445,4,0,4,8:59 PM,11:30,Hernangomez REBOUND (Off:1 Def:10),,,,,4.0,1626195,Willy Hernangomez,1610612752.0,New York,Knicks,NYK,0,0,,,,,,0,0,,,,,,1
384,0021600768,446,1,52,4,8:59 PM,11:24,Porzingis  Alley Oop Dunk (7 PTS) (Jennings 3 AST),,,97 - 77,-20,4.0,204001,Kristaps Porzingis,1610612752.0,New York,Knicks,NYK,4,201943,Brandon Jennings,1610612752.0,New York,Knicks,NYK,0,0,,,,,,1
385,0021600768,447,9,1,4,8:59 PM,11:24,,,Lakers Timeout: Regular (Reg.4 Short 1),,,3.0,1610612747,,,,,,0,0,,,,,,0,0,,,,,,0
386,0021600768,449,8,0,4,9:01 PM,11:24,,,SUB: Zubac FOR Ingram,,,5.0,1627742,Brandon Ingram,1610612747.0,Los Angeles,Lakers,LAL,5,1627826,Ivica Zubac,1610612747.0,Los Angeles,Lakers,LAL,0,0,,,,,,0
387,0021600768,451,5,1,4,9:01 PM,11:08,Hernangomez STEAL (2 STL),,Williams Bad Pass Turnover (P3.T6),,,5.0,101150,Lou Williams,1610612747.0,Los Angeles,Lakers,LAL,4,1626195,Willy Hernangomez,1610612752.0,New York,Knicks,NYK,0,0,,,,,,1
388,0021600768,452,1,52,4,9:02 PM,11:04,Kuzminskas  Alley Oop Dunk (4 PTS) (Jennings 4 AST),,,97 - 79,-18,4.0,1627851,Mindaugas Kuzminskas,1610612752.0,New York,Knicks,NYK,4,201943,Brandon Jennings,1610612752.0,New York,Knicks,NYK,0,0,,,,,,1
389,0021600768,453,2,1,4,9:02 PM,10:41,,,MISS Deng 26' 3PT Jump Shot,,,5.0,2736,Luol Deng,1610612747.0,Los Angeles,Lakers,LAL,0,0,,,,,,0,0,,,,,,1
390,0021600768,454,4,0,4,9:02 PM,10:40,Jennings REBOUND (Off:0 Def:2),,,,,4.0,201943,Brandon Jennings,1610612752.0,New York,Knicks,NYK,0,0,,,,,,0,0,,,,,,1
391,0021600768,455,5,1,4,9:02 PM,10:33,Jennings Bad Pass Turnover (P1.T11),,Williams STEAL (1 STL),,,4.0,201943,Brandon Jennings,1610612752.0,New York,Knicks,NYK,5,101150,Lou Williams,1610612747.0,Los Angeles,Lakers,LAL,0,0,,,,,,1
392,0021600768,456,5,6,4,9:02 PM,10:31,,,Williams Double Dribble Turnover (P4.T7),,,5.0,101150,Lou Williams,1610612747.0,Los Angeles,Lakers,LAL,0,0,,,,,,1,0,,,,,,1
393,0021600768,457,5,1,4,9:03 PM,10:16,Hernangomez Bad Pass Turnover (P1.T12),,Zubac STEAL (1 STL),,,4.0,1626195,Willy Hernangomez,1610612752.0,New York,Knicks,NYK,5,1627826,Ivica Zubac,1610612747.0,Los Angeles,Lakers,LAL,0,0,,,,,,1
394,0021600768,458,1,78,4,9:03 PM,10:09,,,Clarkson 3' Floating Jump Shot (12 PTS),99 - 79,-20,5.0,203903,Jordan Clarkson,1610612747.0,Los Angeles,Lakers,LAL,0,0,,,,,,0,0,,,,,,1
395,0021600768,459,6,2,4,9:03 PM,10:01,,,Zubac S.FOUL (P3.T1) (Z.Zarba),,,5.0,1627826,Ivica Zubac,1610612747.0,Los Angeles,Lakers,LAL,4,201943,Brandon Jennings,1610612752.0,New York,Knicks,NYK,1,0,,,,,,1
396,0021600768,460,3,11,4,9:03 PM,10:01,Jennings Free Throw 1 of 2 (6 PTS),,,99 - 80,-19,4.0,201943,Brandon Jennings,1610612752.0,New York,Knicks,NYK,0,0,,,,,,0,0,,,,,,0
397,0021600768,462,3,12,4,9:03 PM,10:01,Jennings Free Throw 2 of 2 (7 PTS),,,99 - 81,-18,4.0,201943,Brandon Jennings,1610612752.0,New York,Knicks,NYK,0,0,,,,,,0,0,,,,,,0
398,0021600768,464,2,5,4,9:04 PM,9:45,Hernangomez BLOCK (1 BLK),,MISS Nance Jr.  Layup,,,5.0,1626204,Larry Nance Jr.,1610612747.0,Los Angeles,Lakers,LAL,0,0,,,,,,4,1626195,Willy Hernangomez,1610612752.0,New York,Knicks,NYK,1
399,0021600768,465,4,0,4,9:04 PM,9:45,Holiday REBOUND (Off:0 Def:1),,,,,4.0,203200,Justin Holiday,1610612752.0,New York,Knicks,NYK,0,0,,,,,,0,0,,,,,,1
400,0021600768,466,5,1,4,9:04 PM,9:43,Holiday Bad Pass Turnover (P2.T13),,Deng STEAL (1 STL),,,4.0,203200,Justin Holiday,1610612752.0,New York,Knicks,NYK,5,2736,Luol Deng,1610612747.0,Los Angeles,Lakers,LAL,0,0,,,,,,1
401,0021600768,467,1,78,4,9:04 PM,9:39,,,Williams 4' Floating Jump Shot (18 PTS),101 - 81,-20,5.0,101150,Lou Williams,1610612747.0,Los Angeles,Lakers,LAL,0,0,,,,,,0,0,,,,,,1
402,0021600768,468,1,1,4,9:04 PM,9:22,Holiday  3PT Jump Shot (14 PTS) (Hernangomez 1 AST),,,101 - 84,-17,4.0,203200,Justin Holiday,1610612752.0,New York,Knicks,NYK,4,1626195,Willy Hernangomez,1610612752.0,New York,Knicks,NYK,0,0,,,,,,1
403,0021600768,469,6,1,4,9:04 PM,9:10,Hernangomez P.FOUL (P4.T1) (G.Zielinski),,,,,4.0,1626195,Willy Hernangomez,1610612752.0,New York,Knicks,NYK,5,101150,Lou Williams,1610612747.0,Los Angeles,Lakers,LAL,1,0,,,,,,1
404,0021600768,470,2,1,4,9:05 PM,9:00,,,MISS Clarkson 8' Jump Shot,,,5.0,203903,Jordan Clarkson,1610612747.0,Los Angeles,Lakers,LAL,0,0,,,,,,0,0,,,,,,1
405,0021600768,471,4,0,4,9:05 PM,8:59,Porzingis REBOUND (Off:1 Def:5),,,,,4.0,204001,Kristaps Porzingis,1610612752.0,New York,Knicks,NYK,0,0,,,,,,0,0,,,,,,1
406,0021600768,472,2,1,4,9:05 PM,8:53,MISS Jennings 25' 3PT Jump Shot,,,,,4.0,201943,Brandon Jennings,1610612752.0,New York,Knicks,NYK,0,0,,,,,,0,0,,,,,,1
407,0021600768,473,4,0,4,9:05 PM,8:52,,,Williams REBOUND (Off:1 Def:1),,,5.0,101150,Lou Williams,1610612747.0,Los Angeles,Lakers,LAL,0,0,,,,,,0,0,,,,,,1
408,0021600768,474,2,1,4,9:05 PM,8:42,,,MISS Williams 8' Jump Shot,,,5.0,101150,Lou Williams,1610612747.0,Los Angeles,Lakers,LAL,0,0,,,,,,0,0,,,,,,1
409,0021600768,475,4,0,4,9:05 PM,8:41,Porzingis REBOUND (Off:1 Def:6),,,,,4.0,204001,Kristaps Porzingis,1610612752.0,New York,Knicks,NYK,0,0,,,,,,0,0,,,,,,1
410,0021600768,476,6,1,4,9:05 PM,8:40,,,Clarkson P.FOUL (P2.T2) (D.Taylor),,,5.0,203903,Jordan Clarkson,1610612747.0,Los Angeles,Lakers,LAL,4,201943,Brandon Jennings,1610612752.0,New York,Knicks,NYK,1,0,,,,,,1
411,0021600768,477,2,1,4,9:06 PM,8:24,MISS Holiday 24' 3PT Jump Shot,,,,,4.0,203200,Justin Holiday,1610612752.0,New York,Knicks,NYK,0,0,,,,,,0,0,,,,,,1
412,0021600768,478,4,0,4,9:06 PM,8:23,,,Nance Jr. REBOUND (Off:4 Def:5),,,5.0,1626204,Larry Nance Jr.,1610612747.0,Los Angeles,Lakers,LAL,0,0,,,,,,0,0,,,,,,1
413,0021600768,479,1,7,4,9:06 PM,8:03,,,Zubac  Dunk (6 PTS) (Clarkson 2 AST),103 - 84,-19,5.0,1627826,Ivica Zubac,1610612747.0,Los Angeles,Lakers,LAL,5,203903,Jordan Clarkson,1610612747.0,Los Angeles,Lakers,LAL,0,0,,,,,,1
414,0021600768,480,9,1,4,9:06 PM,8:02,KNICKS Timeout: Regular (Full 4 Short 1),,,,,2.0,1610612752,,,,,,0,0,,,,,,0,0,,,,,,0
415,0021600768,484,1,1,4,9:09 PM,7:45,Porzingis 13' Jump Shot (9 PTS),,,103 - 86,-17,4.0,204001,Kristaps Porzingis,1610612752.0,New York,Knicks,NYK,0,0,,,,,,0,0,,,,,,1
416,0021600768,485,6,2,4,9:09 PM,7:45,,,Nance Jr. S.FOUL (P5.T3) (G.Zielinski),,,5.0,1626204,Larry Nance Jr.,1610612747.0,Los Angeles,Lakers,LAL,4,204001,Kristaps Porzingis,1610612752.0,New York,Knicks,NYK,1,0,,,,,,1
417,0021600768,486,3,10,4,9:09 PM,7:45,Porzingis Free Throw 1 of 1 (10 PTS),,,103 - 87,-16,4.0,204001,Kristaps Porzingis,1610612752.0,New York,Knicks,NYK,0,0,,,,,,0,0,,,,,,0
418,0021600768,488,6,2,4,9:10 PM,7:32,Kuzminskas S.FOUL (P2.T2) (G.Zielinski),,,,,4.0,1627851,Mindaugas Kuzminskas,1610612752.0,New York,Knicks,NYK,5,101150,Lou Williams,1610612747.0,Los Angeles,Lakers,LAL,1,0,,,,,,1
419,0021600768,489,3,11,4,9:10 PM,7:32,,,Williams Free Throw 1 of 2 (19 PTS),104 - 87,-17,5.0,101150,Lou Williams,1610612747.0,Los Angeles,Lakers,LAL,0,0,,,,,,0,0,,,,,,0
420,0021600768,491,8,0,4,9:10 PM,7:32,,,SUB: Randle FOR Nance Jr.,,,5.0,1626204,Larry Nance Jr.,1610612747.0,Los Angeles,Lakers,LAL,5,203944,Julius Randle,1610612747.0,Los Angeles,Lakers,LAL,0,0,,,,,,0
421,0021600768,492,3,12,4,9:10 PM,7:32,,,Williams Free Throw 2 of 2 (20 PTS),105 - 87,-18,5.0,101150,Lou Williams,1610612747.0,Los Angeles,Lakers,LAL,0,0,,,,,,0,0,,,,,,0
422,0021600768,494,1,1,4,9:10 PM,7:20,Porzingis 26' 3PT Jump Shot (13 PTS) (Jennings 5 AST),,,105 - 90,-15,4.0,204001,Kristaps Porzingis,1610612752.0,New York,Knicks,NYK,4,201943,Brandon Jennings,1610612752.0,New York,Knicks,NYK,0,0,,,,,,1
423,0021600768,495,2,5,4,9:11 PM,7:01,,,MISS Clarkson 2' Layup,,,5.0,203903,Jordan Clarkson,1610612747.0,Los Angeles,Lakers,LAL,0,0,,,,,,0,0,,,,,,1
424,0021600768,496,4,0,4,9:11 PM,7:00,,,Zubac REBOUND (Off:2 Def:4),,,5.0,1627826,Ivica Zubac,1610612747.0,Los Angeles,Lakers,LAL,0,0,,,,,,0,0,,,,,,1
425,0021600768,497,1,5,4,9:11 PM,6:58,,,Zubac  Layup (8 PTS),107 - 90,-17,5.0,1627826,Ivica Zubac,1610612747.0,Los Angeles,Lakers,LAL,0,0,,,,,,0,0,,,,,,1
426,0021600768,498,2,5,4,9:11 PM,6:52,MISS Jennings 3' Layup,,,,,4.0,201943,Brandon Jennings,1610612752.0,New York,Knicks,NYK,0,0,,,,,,0,0,,,,,,1
427,0021600768,499,4,0,4,9:11 PM,6:51,KNICKS Rebound,,,,,2.0,1610612752,,,,,,0,0,,,,,,0,0,,,,,,0
428,0021600768,500,6,3,4,9:11 PM,6:51,,,Randle L.B.FOUL (P5.T4) (G.Zielinski),,,5.0,203944,Julius Randle,1610612747.0,Los Angeles,Lakers,LAL,4,1626195,Willy Hernangomez,1610612752.0,New York,Knicks,NYK,1,0,,,,,,1
429,0021600768,502,2,5,4,9:12 PM,6:38,MISS Kuzminskas 1' Layup,,,,,4.0,1627851,Mindaugas Kuzminskas,1610612752.0,New York,Knicks,NYK,0,0,,,,,,0,0,,,,,,1
430,0021600768,503,4,0,4,9:12 PM,6:37,Hernangomez REBOUND (Off:2 Def:10),,,,,4.0,1626195,Willy Hernangomez,1610612752.0,New York,Knicks,NYK,0,0,,,,,,0,0,,,,,,1
431,0021600768,504,2,97,4,9:12 PM,6:37,MISS Hernangomez 1' Tip Layup Shot,,,,,4.0,1626195,Willy Hernangomez,1610612752.0,New York,Knicks,NYK,0,0,,,,,,0,0,,,,,,1
432,0021600768,505,4,0,4,9:12 PM,6:35,Hernangomez REBOUND (Off:3 Def:10),,,,,4.0,1626195,Willy Hernangomez,1610612752.0,New York,Knicks,NYK,0,0,,,,,,0,0,,,,,,1
433,0021600768,506,2,3,4,9:12 PM,6:34,MISS Hernangomez 2' Hook Shot,,,,,4.0,1626195,Willy Hernangomez,1610612752.0,New York,Knicks,NYK,0,0,,,,,,0,0,,,,,,1
434,0021600768,507,4,0,4,9:12 PM,6:32,,,Zubac REBOUND (Off:2 Def:5),,,5.0,1627826,Ivica Zubac,1610612747.0,Los Angeles,Lakers,LAL,0,0,,,,,,0,0,,,,,,1
435,0021600768,508,1,1,4,9:12 PM,6:23,,,Zubac 11' Jump Shot (10 PTS) (Williams 4 AST),109 - 90,-19,5.0,1627826,Ivica Zubac,1610612747.0,Los Angeles,Lakers,LAL,5,101150,Lou Williams,1610612747.0,Los Angeles,Lakers,LAL,0,0,,,,,,1
436,0021600768,509,2,85,4,9:12 PM,6:11,MISS Porzingis 10' Turnaround Bank Shot,,,,,4.0,204001,Kristaps Porzingis,1610612752.0,New York,Knicks,NYK,0,0,,,,,,0,0,,,,,,1
437,0021600768,510,4,0,4,9:12 PM,6:10,,,Clarkson REBOUND (Off:1 Def:5),,,5.0,203903,Jordan Clarkson,1610612747.0,Los Angeles,Lakers,LAL,0,0,,,,,,0,0,,,,,,1
438,0021600768,511,1,5,4,9:13 PM,5:51,,,Randle 2' Layup (14 PTS) (Deng 1 AST),111 - 90,-21,5.0,203944,Julius Randle,1610612747.0,Los Angeles,Lakers,LAL,5,2736,Luol Deng,1610612747.0,Los Angeles,Lakers,LAL,0,0,,,,,,1
439,0021600768,512,9,1,4,9:13 PM,5:51,KNICKS Timeout: Regular (Full 5 Short 1),,,,,2.0,1610612752,,,,,,0,0,,,,,,0,0,,,,,,0
440,0021600768,514,8,0,4,9:15 PM,5:51,SUB: Rose FOR Hernangomez,,,,,4.0,1626195,Willy Hernangomez,1610612752.0,New York,Knicks,NYK,4,201565,Derrick Rose,1610612752.0,New York,Knicks,NYK,0,0,,,,,,0
441,0021600768,515,8,0,4,9:15 PM,5:51,SUB: Lee FOR Holiday,,,,,4.0,203200,Justin Holiday,1610612752.0,New York,Knicks,NYK,4,201584,Courtney Lee,1610612752.0,New York,Knicks,NYK,0,0,,,,,,0
442,0021600768,516,8,0,4,9:15 PM,5:51,SUB: Anthony FOR Kuzminskas,,,,,4.0,1627851,Mindaugas Kuzminskas,1610612752.0,New York,Knicks,NYK,4,2546,Carmelo Anthony,1610612752.0,New York,Knicks,NYK,0,0,,,,,,0
443,0021600768,517,8,0,4,9:15 PM,5:51,,,SUB: Ingram FOR Zubac,,,5.0,1627826,Ivica Zubac,1610612747.0,Los Angeles,Lakers,LAL,5,1627742,Brandon Ingram,1610612747.0,Los Angeles,Lakers,LAL,0,0,,,,,,0
444,0021600768,518,6,2,4,9:16 PM,5:42,,,Randle S.FOUL (P6.PN) (Z.Zarba),,,5.0,203944,Julius Randle,1610612747.0,Los Angeles,Lakers,LAL,4,204001,Kristaps Porzingis,1610612752.0,New York,Knicks,NYK,1,0,,,,,,1
445,0021600768,519,8,0,4,9:16 PM,5:42,,,SUB: Nance Jr. FOR Randle,,,5.0,203944,Julius Randle,1610612747.0,Los Angeles,Lakers,LAL,5,1626204,Larry Nance Jr.,1610612747.0,Los Angeles,Lakers,LAL,0,0,,,,,,0
446,0021600768,520,3,11,4,9:16 PM,5:42,Porzingis Free Throw 1 of 2 (14 PTS),,,111 - 91,-20,4.0,204001,Kristaps Porzingis,1610612752.0,New York,Knicks,NYK,0,0,,,,,,0,0,,,,,,0
447,0021600768,522,3,12,4,9:17 PM,5:42,Porzingis Free Throw 2 of 2 (15 PTS),,,111 - 92,-19,4.0,204001,Kristaps Porzingis,1610612752.0,New York,Knicks,NYK,0,0,,,,,,0,0,,,,,,0
448,0021600768,524,2,1,4,9:17 PM,5:29,,,MISS Williams 26' 3PT Jump Shot,,,5.0,101150,Lou Williams,1610612747.0,Los Angeles,Lakers,LAL,0,0,,,,,,0,0,,,,,,1
449,0021600768,525,4,0,4,9:17 PM,5:28,Jennings REBOUND (Off:0 Def:3),,,,,4.0,201943,Brandon Jennings,1610612752.0,New York,Knicks,NYK,0,0,,,,,,0,0,,,,,,1
450,0021600768,526,1,79,4,9:17 PM,5:22,Jennings 25' 3PT Pullup Jump Shot (10 PTS),,,111 - 95,-16,4.0,201943,Brandon Jennings,1610612752.0,New York,Knicks,NYK,0,0,,,,,,0,0,,,,,,1
451,0021600768,527,6,1,4,9:17 PM,5:09,Jennings P.FOUL (P2.T3) (D.Taylor),,,,,4.0,201943,Brandon Jennings,1610612752.0,New York,Knicks,NYK,5,203903,Jordan Clarkson,1610612747.0,Los Angeles,Lakers,LAL,1,0,,,,,,1
452,0021600768,528,2,1,4,9:18 PM,5:02,,,MISS Williams 10' Jump Shot,,,5.0,101150,Lou Williams,1610612747.0,Los Angeles,Lakers,LAL,0,0,,,,,,0,0,,,,,,1
453,0021600768,529,4,0,4,9:18 PM,5:01,Rose REBOUND (Off:0 Def:4),,,,,4.0,201565,Derrick Rose,1610612752.0,New York,Knicks,NYK,0,0,,,,,,0,0,,,,,,1
454,0021600768,530,5,1,4,9:18 PM,4:54,Rose Bad Pass Turnover (P3.T14),,Ingram STEAL (1 STL),,,4.0,201565,Derrick Rose,1610612752.0,New York,Knicks,NYK,5,1627742,Brandon Ingram,1610612747.0,Los Angeles,Lakers,LAL,0,0,,,,,,1
455,0021600768,531,6,2,4,9:18 PM,4:35,Lee S.FOUL (P2.T4) (D.Taylor),,,,,4.0,201584,Courtney Lee,1610612752.0,New York,Knicks,NYK,5,2736,Luol Deng,1610612747.0,Los Angeles,Lakers,LAL,1,0,,,,,,1
456,0021600768,532,3,11,4,9:18 PM,4:35,,,Deng Free Throw 1 of 2 (4 PTS),112 - 95,-17,5.0,2736,Luol Deng,1610612747.0,Los Angeles,Lakers,LAL,0,0,,,,,,0,0,,,,,,0
457,0021600768,534,3,12,4,9:19 PM,4:35,,,Deng Free Throw 2 of 2 (5 PTS),113 - 95,-18,5.0,2736,Luol Deng,1610612747.0,Los Angeles,Lakers,LAL,0,0,,,,,,0,0,,,,,,0
458,0021600768,536,2,1,4,9:19 PM,4:16,MISS Porzingis 25' 3PT Jump Shot,,,,,4.0,204001,Kristaps Porzingis,1610612752.0,New York,Knicks,NYK,0,0,,,,,,0,0,,,,,,1
459,0021600768,537,4,0,4,9:19 PM,4:15,,,Clarkson REBOUND (Off:1 Def:6),,,5.0,203903,Jordan Clarkson,1610612747.0,Los Angeles,Lakers,LAL,0,0,,,,,,0,0,,,,,,1
460,0021600768,538,2,1,4,9:20 PM,3:51,,,MISS Deng 25' 3PT Jump Shot,,,5.0,2736,Luol Deng,1610612747.0,Los Angeles,Lakers,LAL,0,0,,,,,,0,0,,,,,,1
461,0021600768,539,4,0,4,9:20 PM,3:50,Porzingis REBOUND (Off:1 Def:7),,,,,4.0,204001,Kristaps Porzingis,1610612752.0,New York,Knicks,NYK,0,0,,,,,,0,0,,,,,,1
462,0021600768,541,7,2,4,9:20 PM,3:45,,,Nance Jr. Violation:Defensive Goaltending (D.Taylor),,,5.0,1626204,Larry Nance Jr.,1610612747.0,Los Angeles,Lakers,LAL,0,0,,,,,,1,0,,,,,,1
463,0021600768,540,1,5,4,9:20 PM,3:45,Rose 1' Layup (5 PTS),,,113 - 97,-16,4.0,201565,Derrick Rose,1610612752.0,New York,Knicks,NYK,0,0,,,,,,0,0,,,,,,1
464,0021600768,542,2,1,4,9:20 PM,3:31,,,MISS Nance Jr. 15' Jump Shot,,,5.0,1626204,Larry Nance Jr.,1610612747.0,Los Angeles,Lakers,LAL,0,0,,,,,,0,0,,,,,,1
465,0021600768,543,4,0,4,9:20 PM,3:30,Lee REBOUND (Off:0 Def:3),,,,,4.0,201584,Courtney Lee,1610612752.0,New York,Knicks,NYK,0,0,,,,,,0,0,,,,,,1
466,0021600768,544,2,1,4,9:20 PM,3:17,MISS Jennings 24' 3PT Jump Shot,,,,,4.0,201943,Brandon Jennings,1610612752.0,New York,Knicks,NYK,0,0,,,,,,0,0,,,,,,1
467,0021600768,545,4,0,4,9:20 PM,3:16,,,Deng REBOUND (Off:0 Def:3),,,5.0,2736,Luol Deng,1610612747.0,Los Angeles,Lakers,LAL,0,0,,,,,,0,0,,,,,,1
468,0021600768,546,5,41,4,9:21 PM,3:06,Jennings STEAL (1 STL),,Clarkson Poss Lost Ball Turnover (P1.T8),,,5.0,203903,Jordan Clarkson,1610612747.0,Los Angeles,Lakers,LAL,4,201943,Brandon Jennings,1610612752.0,New York,Knicks,NYK,0,0,,,,,,1
469,0021600768,547,6,1,4,9:21 PM,3:05,,,Clarkson P.FOUL (P3.PN) (G.Zielinski),,,5.0,203903,Jordan Clarkson,1610612747.0,Los Angeles,Lakers,LAL,4,201943,Brandon Jennings,1610612752.0,New York,Knicks,NYK,1,0,,,,,,1
470,0021600768,549,3,11,4,9:21 PM,3:05,Jennings Free Throw 1 of 2 (11 PTS),,,113 - 98,-15,4.0,201943,Brandon Jennings,1610612752.0,New York,Knicks,NYK,0,0,,,,,,0,0,,,,,,0
471,0021600768,551,3,12,4,9:21 PM,3:05,Jennings Free Throw 2 of 2 (12 PTS),,,113 - 99,-14,4.0,201943,Brandon Jennings,1610612752.0,New York,Knicks,NYK,0,0,,,,,,0,0,,,,,,0
472,0021600768,553,6,2,4,9:22 PM,2:49,Porzingis S.FOUL (P2.PN) (Z.Zarba),,,,,4.0,204001,Kristaps Porzingis,1610612752.0,New York,Knicks,NYK,5,2736,Luol Deng,1610612747.0,Los Angeles,Lakers,LAL,1,0,,,,,,1
473,0021600768,554,3,11,4,9:22 PM,2:49,,,Deng Free Throw 1 of 2 (6 PTS),114 - 99,-15,5.0,2736,Luol Deng,1610612747.0,Los Angeles,Lakers,LAL,0,0,,,,,,0,0,,,,,,0
474,0021600768,556,3,12,4,9:22 PM,2:49,,,Deng Free Throw 2 of 2 (7 PTS),115 - 99,-16,5.0,2736,Luol Deng,1610612747.0,Los Angeles,Lakers,LAL,0,0,,,,,,0,0,,,,,,0
475,0021600768,558,6,1,4,9:23 PM,2:35,,,Clarkson P.FOUL (P4.PN) (Z.Zarba),,,5.0,203903,Jordan Clarkson,1610612747.0,Los Angeles,Lakers,LAL,4,204001,Kristaps Porzingis,1610612752.0,New York,Knicks,NYK,1,0,,,,,,1
476,0021600768,559,3,11,4,9:23 PM,2:35,Porzingis Free Throw 1 of 2 (16 PTS),,,115 - 100,-15,4.0,204001,Kristaps Porzingis,1610612752.0,New York,Knicks,NYK,0,0,,,,,,0,0,,,,,,0
477,0021600768,561,3,12,4,9:23 PM,2:35,MISS Porzingis Free Throw 2 of 2,,,,,4.0,204001,Kristaps Porzingis,1610612752.0,New York,Knicks,NYK,0,0,,,,,,0,0,,,,,,0
478,0021600768,563,4,0,4,9:23 PM,2:34,,,Nance Jr. REBOUND (Off:4 Def:6),,,5.0,1626204,Larry Nance Jr.,1610612747.0,Los Angeles,Lakers,LAL,0,0,,,,,,0,0,,,,,,1
479,0021600768,564,6,1,4,9:24 PM,2:33,Rose P.FOUL (P1.PN) (D.Taylor),,,,,4.0,201565,Derrick Rose,1610612752.0,New York,Knicks,NYK,5,1627742,Brandon Ingram,1610612747.0,Los Angeles,Lakers,LAL,1,0,,,,,,1
480,0021600768,565,3,11,4,9:24 PM,2:33,,,Ingram Free Throw 1 of 2 (13 PTS),116 - 100,-16,5.0,1627742,Brandon Ingram,1610612747.0,Los Angeles,Lakers,LAL,0,0,,,,,,0,0,,,,,,0
481,0021600768,567,3,12,4,9:24 PM,2:33,,,Ingram Free Throw 2 of 2 (14 PTS),117 - 100,-17,5.0,1627742,Brandon Ingram,1610612747.0,Los Angeles,Lakers,LAL,0,0,,,,,,0,0,,,,,,0
482,0021600768,569,1,75,4,9:24 PM,2:17,Jennings 2' Driving Finger Roll Layup (14 PTS) (Rose 3 AST),,,117 - 102,-15,4.0,201943,Brandon Jennings,1610612752.0,New York,Knicks,NYK,4,201565,Derrick Rose,1610612752.0,New York,Knicks,NYK,0,0,,,,,,1
483,0021600768,570,6,2,4,9:25 PM,1:58,Rose S.FOUL (P2.PN) (D.Taylor),,,,,4.0,201565,Derrick Rose,1610612752.0,New York,Knicks,NYK,5,101150,Lou Williams,1610612747.0,Los Angeles,Lakers,LAL,1,0,,,,,,1
484,0021600768,571,3,11,4,9:25 PM,1:58,,,Williams Free Throw 1 of 2 (21 PTS),118 - 102,-16,5.0,101150,Lou Williams,1610612747.0,Los Angeles,Lakers,LAL,0,0,,,,,,0,0,,,,,,0
485,0021600768,573,3,12,4,9:25 PM,1:58,,,Williams Free Throw 2 of 2 (22 PTS),119 - 102,-17,5.0,101150,Lou Williams,1610612747.0,Los Angeles,Lakers,LAL,0,0,,,,,,0,0,,,,,,0
486,0021600768,575,9,2,4,9:25 PM,1:58,KNICKS Timeout: Short (Full 5 Short 2),,,,,2.0,1610612752,,,,,,0,0,,,,,,0,0,,,,,,0
487,0021600768,578,8,0,4,9:26 PM,1:58,,,SUB: World Peace FOR Deng,,,5.0,2736,Luol Deng,1610612747.0,Los Angeles,Lakers,LAL,5,1897,Metta World Peace,1610612747.0,Los Angeles,Lakers,LAL,0,0,,,,,,0
488,0021600768,579,8,0,4,9:26 PM,1:58,,,SUB: Young FOR Williams,,,5.0,101150,Lou Williams,1610612747.0,Los Angeles,Lakers,LAL,5,201156,Nick Young,1610612747.0,Los Angeles,Lakers,LAL,0,0,,,,,,0
489,0021600768,580,1,1,4,9:27 PM,1:55,Lee 25' 3PT Jump Shot (8 PTS) (Anthony 5 AST),,,119 - 105,-14,4.0,201584,Courtney Lee,1610612752.0,New York,Knicks,NYK,4,2546,Carmelo Anthony,1610612752.0,New York,Knicks,NYK,0,0,,,,,,1
490,0021600768,581,2,1,4,9:27 PM,1:35,,,MISS Ingram 24' 3PT Jump Shot,,,5.0,1627742,Brandon Ingram,1610612747.0,Los Angeles,Lakers,LAL,0,0,,,,,,0,0,,,,,,1
491,0021600768,582,4,0,4,9:27 PM,1:34,Porzingis REBOUND (Off:1 Def:8),,,,,4.0,204001,Kristaps Porzingis,1610612752.0,New York,Knicks,NYK,0,0,,,,,,0,0,,,,,,1
492,0021600768,583,1,42,4,9:27 PM,1:28,Jennings  Driving Layup (16 PTS),,,119 - 107,-12,4.0,201943,Brandon Jennings,1610612752.0,New York,Knicks,NYK,0,0,,,,,,0,0,,,,,,1
493,0021600768,584,1,80,4,9:28 PM,1:10,,,World Peace 14' Step Back Jump Shot (2 PTS),121 - 107,-14,5.0,1897,Metta World Peace,1610612747.0,Los Angeles,Lakers,LAL,0,0,,,,,,0,0,,,,,,1
494,0021600768,585,5,1,4,9:28 PM,1:02,Jennings Bad Pass Turnover (P2.T15),,Nance Jr. STEAL (3 STL),,,4.0,201943,Brandon Jennings,1610612752.0,New York,Knicks,NYK,5,1626204,Larry Nance Jr.,1610612747.0,Los Angeles,Lakers,LAL,0,0,,,,,,1
495,0021600768,586,6,28,4,9:28 PM,0:54,Jennings Personal Take Foul (P3.PN) (D.Taylor),,,,,4.0,201943,Brandon Jennings,1610612752.0,New York,Knicks,NYK,5,1897,Metta World Peace,1610612747.0,Los Angeles,Lakers,LAL,1,0,,,,,,1
496,0021600768,587,3,11,4,9:29 PM,0:54,,,MISS World Peace Free Throw 1 of 2,,,5.0,1897,Metta World Peace,1610612747.0,Los Angeles,Lakers,LAL,0,0,,,,,,0,0,,,,,,0
497,0021600768,588,4,1,4,9:29 PM,0:54,,,Lakers Rebound,,,3.0,1610612747,,,,,,0,0,,,,,,0,0,,,,,,0
498,0021600768,589,8,0,4,9:29 PM,0:54,SUB: Ndour FOR Anthony,,,,,4.0,2546,Carmelo Anthony,1610612752.0,New York,Knicks,NYK,4,1626254,Maurice Ndour,1610612752.0,New York,Knicks,NYK,0,0,,,,,,0
499,0021600768,590,8,0,4,9:29 PM,0:54,SUB: Plumlee FOR Porzingis,,,,,4.0,204001,Kristaps Porzingis,1610612752.0,New York,Knicks,NYK,4,1627850,Marshall Plumlee,1610612752.0,New York,Knicks,NYK,0,0,,,,,,0
500,0021600768,591,8,0,4,9:29 PM,0:54,SUB: Kuzminskas FOR Lee,,,,,4.0,201584,Courtney Lee,1610612752.0,New York,Knicks,NYK,4,1627851,Mindaugas Kuzminskas,1610612752.0,New York,Knicks,NYK,0,0,,,,,,0
501,0021600768,592,8,0,4,9:29 PM,0:54,SUB: Baker FOR Rose,,,,,4.0,201565,Derrick Rose,1610612752.0,New York,Knicks,NYK,4,1627758,Ron Baker,1610612752.0,New York,Knicks,NYK,0,0,,,,,,0
502,0021600768,593,8,0,4,9:29 PM,0:54,SUB: Vujacic FOR Jennings,,,,,4.0,201943,Brandon Jennings,1610612752.0,New York,Knicks,NYK,4,2756,Sasha Vujacic,1610612752.0,New York,Knicks,NYK,0,0,,,,,,0
503,0021600768,594,3,12,4,9:29 PM,0:54,,,MISS World Peace Free Throw 2 of 2,,,5.0,1897,Metta World Peace,1610612747.0,Los Angeles,Lakers,LAL,0,0,,,,,,0,0,,,,,,0
504,0021600768,596,4,0,4,9:29 PM,0:53,,,Ingram REBOUND (Off:2 Def:5),,,5.0,1627742,Brandon Ingram,1610612747.0,Los Angeles,Lakers,LAL,0,0,,,,,,0,0,,,,,,1
505,0021600768,597,2,1,4,9:29 PM,0:49,,,MISS World Peace 27' 3PT Jump Shot,,,5.0,1897,Metta World Peace,1610612747.0,Los Angeles,Lakers,LAL,0,0,,,,,,0,0,,,,,,1
506,0021600768,598,4,0,4,9:29 PM,0:48,Vujacic REBOUND (Off:0 Def:1),,,,,4.0,2756,Sasha Vujacic,1610612752.0,New York,Knicks,NYK,0,0,,,,,,0,0,,,,,,1
507,0021600768,599,5,40,4,9:29 PM,0:37,Baker Out of Bounds Lost Ball Turnover (P1.T16),,,,,4.0,1627758,Ron Baker,1610612752.0,New York,Knicks,NYK,0,0,,,,,,0,0,,,,,,1
508,0021600768,600,2,63,4,9:30 PM,0:16,,,MISS World Peace 10' Fadeaway Jumper,,,5.0,1897,Metta World Peace,1610612747.0,Los Angeles,Lakers,LAL,0,0,,,,,,0,0,,,,,,1
509,0021600768,601,4,0,4,9:30 PM,0:15,,,Lakers Rebound,,,3.0,1610612747,,,,,,0,0,,,,,,0,0,,,,,,0
510,0021600768,602,13,0,4,9:30 PM,0:00,,,,121 - 107,-14,0.0,0,,,,,,0,0,,,,,,0,0,,,,,,1
