,GAME_ID,EVENTNUM,EVENTMSGTYPE,EVENTMSGACTIONTYPE,PERIOD,WCTIMESTRING,PCTIMESTRING,HOMEDESCRIPTION,NEUTRALDESCRIPTION,VISITORDESCRIPTION,SCORE,SCOREMARGIN,PERSON1TYPE,PLAYER1_ID,PLAYER1_NAME,PLAYER1_TEAM_ID,PLAYER1_TEAM_CITY,PLAYER1_TEAM_NICKNAME,PLAYER1_TEAM_ABBREVIATION,PERSON2TYPE,PLAYER2_ID,PLAYER2_NAME,PLAYER2_TEAM_ID,PLAYER2_TEAM_CITY,PLAYER2_TEAM_NICKNAME,PLAYER2_TEAM_ABBREVIATION,PERSON3TYPE,PLAYER3_ID,PLAYER3_NAME,PLAYER3_TEAM_ID,PLAYER3_TEAM_CITY,PLAYER3_TEAM_NICKNAME,PLAYER3_TEAM_ABBREVIATION,VIDEO_AVAILABLE_FLAG
0,0021500014,0,12,0,1,10:16 PM,12:00,,,,,,0.0,0,,,,,,0,0,,,,,,0,0,,,,,,0
1,0021500014,1,10,0,1,10:16 PM,12:00,Jump Ball Chandler vs. Pachulia: Tip to Nowitzki,,,,,4.0,2199,Tyson Chandler,1610612756.0,Phoenix,Suns,PHX,5,2585,Zaza Pachulia,1610612742.0,Dallas,Mavericks,DAL,5,1717,Dirk Nowitzki,1610612742.0,Dallas,Mavericks,DAL,1
2,0021500014,2,2,1,1,10:16 PM,11:41,,,MISS Nowitzki 20' Jump Shot,,,5.0,1717,Dirk Nowitzki,1610612742.0,Dallas,Mavericks,DAL,0,0,,,,,,0,0,,,,,,1
3,0021500014,3,4,0,1,10:16 PM,11:39,Bledsoe REBOUND (Off:0 Def:1),,,,,4.0,202339,Eric Bledsoe,1610612756.0,Phoenix,Suns,PHX,0,0,,,,,,0,0,,,,,,1
4,0021500014,4,2,1,1,10:17 PM,11:20,MISS Knight 24' 3PT Jump Shot,,,,,4.0,202688,Brandon Knight,1610612756.0,Phoenix,Suns,PHX,0,0,,,,,,0,0,,,,,,1
5,0021500014,5,4,0,1,10:17 PM,11:18,,,Matthews REBOUND (Off:0 Def:1),,,5.0,202083,Wesley Matthews,1610612742.0,Dallas,Mavericks,DAL,0,0,,,,,,0,0,,,,,,1
6,0021500014,6,1,101,1,10:17 PM,11:09,,,D. Williams 4' Driving Floating Jump Shot (2 PTS),2 - 0,-2,5.0,101114,Deron Williams,1610612742.0,Dallas,Mavericks,DAL,0,0,,,,,,0,0,,,,,,1
7,0021500014,7,6,1,1,10:17 PM,10:59,,,Pachulia P.FOUL (P1.T1) (C.Blair),,,5.0,2585,Zaza Pachulia,1610612742.0,Dallas,Mavericks,DAL,4,2199,Tyson Chandler,1610612756.0,Phoenix,Suns,PHX,1,0,,,,,,1
8,0021500014,8,2,47,1,10:17 PM,10:51,MISS Mark Morris 13' Turnaround Jump Shot,,,,,4.0,202693,Markieff Morris,1610612756.0,Phoenix,Suns,PHX,0,0,,,,,,0,0,,,,,,1
9,0021500014,9,4,0,1,10:17 PM,10:48,,,Nowitzki REBOUND (Off:0 Def:1),,,5.0,1717,Dirk Nowitzki,1610612742.0,Dallas,Mavericks,DAL,0,0,,,,,,0,0,,,,,,1
10,0021500014,10,2,80,1,10:18 PM,10:30,Chandler BLOCK (1 BLK),,MISS Nowitzki 16' Step Back Jump Shot,,,5.0,1717,Dirk Nowitzki,1610612742.0,Dallas,Mavericks,DAL,0,0,,,,,,4,2199,Tyson Chandler,1610612756.0,Phoenix,Suns,PHX,1
11,0021500014,11,4,0,1,10:18 PM,10:28,Bledsoe REBOUND (Off:0 Def:2),,,,,4.0,202339,Eric Bledsoe,1610612756.0,Phoenix,Suns,PHX,0,0,,,,,,0,0,,,,,,1
12,0021500014,12,1,7,1,10:18 PM,10:22,Tucker  Dunk (2 PTS) (Bledsoe 1 AST),,,2 - 2,TIE,4.0,200782,P.J. Tucker,1610612756.0,Phoenix,Suns,PHX,4,202339,Eric Bledsoe,1610612756.0,Phoenix,Suns,PHX,0,0,,,,,,1
13,0021500014,13,1,1,1,10:18 PM,10:05,,,D. Williams 25' 3PT Jump Shot (5 PTS) (Pachulia 1 AST),5 - 2,-3,5.0,101114,Deron Williams,1610612742.0,Dallas,Mavericks,DAL,5,2585,Zaza Pachulia,1610612742.0,Dallas,Mavericks,DAL,0,0,,,,,,1
14,0021500014,14,2,47,1,10:18 PM,9:51,MISS Mark Morris 16' Turnaround Jump Shot,,,,,4.0,202693,Markieff Morris,1610612756.0,Phoenix,Suns,PHX,0,0,,,,,,0,0,,,,,,1
15,0021500014,15,4,0,1,10:18 PM,9:48,,,D. Williams REBOUND (Off:0 Def:1),,,5.0,101114,Deron Williams,1610612742.0,Dallas,Mavericks,DAL,0,0,,,,,,0,0,,,,,,1
16,0021500014,16,6,1,1,10:19 PM,9:41,Tucker P.FOUL (P1.T1) (T.Washington),,,,,4.0,200782,P.J. Tucker,1610612756.0,Phoenix,Suns,PHX,5,101109,Raymond Felton,1610612742.0,Dallas,Mavericks,DAL,1,0,,,,,,1
17,0021500014,17,2,79,1,10:19 PM,9:35,,,MISS Felton 9' Pullup Jump Shot,,,5.0,101109,Raymond Felton,1610612742.0,Dallas,Mavericks,DAL,0,0,,,,,,0,0,,,,,,1
18,0021500014,18,4,0,1,10:19 PM,9:31,Knight REBOUND (Off:0 Def:1),,,,,4.0,202688,Brandon Knight,1610612756.0,Phoenix,Suns,PHX,0,0,,,,,,0,0,,,,,,1
19,0021500014,19,1,79,1,10:19 PM,9:26,Knight 16' Pullup Jump Shot (2 PTS),,,5 - 4,-1,4.0,202688,Brandon Knight,1610612756.0,Phoenix,Suns,PHX,0,0,,,,,,0,0,,,,,,1
20,0021500014,20,2,1,1,10:20 PM,9:04,,,MISS Matthews 24' 3PT Jump Shot,,,5.0,202083,Wesley Matthews,1610612742.0,Dallas,Mavericks,DAL,0,0,,,,,,0,0,,,,,,1
21,0021500014,21,4,0,1,10:20 PM,9:02,Chandler REBOUND (Off:0 Def:1),,,,,4.0,2199,Tyson Chandler,1610612756.0,Phoenix,Suns,PHX,0,0,,,,,,0,0,,,,,,1
22,0021500014,22,1,1,1,10:20 PM,8:50,Bledsoe 15' Jump Shot (2 PTS),,,5 - 6,1,4.0,202339,Eric Bledsoe,1610612756.0,Phoenix,Suns,PHX,0,0,,,,,,0,0,,,,,,1
23,0021500014,23,6,1,1,10:20 PM,8:41,Mark Morris P.FOUL (P1.T2) (D.Collins),,,,,4.0,202693,Markieff Morris,1610612756.0,Phoenix,Suns,PHX,5,1717,Dirk Nowitzki,1610612742.0,Dallas,Mavericks,DAL,1,0,,,,,,1
24,0021500014,24,6,2,1,10:20 PM,8:30,Tucker S.FOUL (P2.T3) (C.Blair),,,,,4.0,200782,P.J. Tucker,1610612756.0,Phoenix,Suns,PHX,5,202083,Wesley Matthews,1610612742.0,Dallas,Mavericks,DAL,1,0,,,,,,1
25,0021500014,25,3,11,1,10:21 PM,8:30,,,MISS Matthews Free Throw 1 of 2,,,5.0,202083,Wesley Matthews,1610612742.0,Dallas,Mavericks,DAL,0,0,,,,,,0,0,,,,,,0
26,0021500014,26,4,1,1,10:21 PM,8:30,,,Mavericks Rebound,,,3.0,1610612742,,,,,,0,0,,,,,,0,0,,,,,,0
27,0021500014,27,8,0,1,10:21 PM,8:30,SUB: Warren FOR Tucker,,,,,4.0,200782,P.J. Tucker,1610612756.0,Phoenix,Suns,PHX,4,203933,T.J. Warren,1610612756.0,Phoenix,Suns,PHX,0,0,,,,,,0
28,0021500014,28,3,12,1,10:21 PM,8:30,,,Matthews Free Throw 2 of 2 (1 PTS),6 - 6,TIE,5.0,202083,Wesley Matthews,1610612742.0,Dallas,Mavericks,DAL,0,0,,,,,,0,0,,,,,,0
29,0021500014,30,2,1,1,10:22 PM,8:21,MISS Bledsoe 25' 3PT Jump Shot,,,,,4.0,202339,Eric Bledsoe,1610612756.0,Phoenix,Suns,PHX,0,0,,,,,,0,0,,,,,,1
30,0021500014,31,4,0,1,10:22 PM,8:20,Chandler REBOUND (Off:1 Def:1),,,,,4.0,2199,Tyson Chandler,1610612756.0,Phoenix,Suns,PHX,0,0,,,,,,0,0,,,,,,1
31,0021500014,32,6,29,1,10:22 PM,8:16,,,D. Williams Shooting Block Foul (P1.T2) (D.Collins),,,5.0,101114,Deron Williams,1610612742.0,Dallas,Mavericks,DAL,4,202339,Eric Bledsoe,1610612756.0,Phoenix,Suns,PHX,1,0,,,,,,1
32,0021500014,33,3,11,1,10:22 PM,8:16,Bledsoe Free Throw 1 of 2 (3 PTS),,,6 - 7,1,4.0,202339,Eric Bledsoe,1610612756.0,Phoenix,Suns,PHX,0,0,,,,,,0,0,,,,,,0
33,0021500014,35,3,12,1,10:22 PM,8:16,MISS Bledsoe Free Throw 2 of 2,,,,,4.0,202339,Eric Bledsoe,1610612756.0,Phoenix,Suns,PHX,0,0,,,,,,0,0,,,,,,0
34,0021500014,37,4,0,1,10:22 PM,8:15,,,Nowitzki REBOUND (Off:0 Def:2),,,5.0,1717,Dirk Nowitzki,1610612742.0,Dallas,Mavericks,DAL,0,0,,,,,,0,0,,,,,,1
35,0021500014,38,6,1,1,10:22 PM,8:08,Bledsoe P.FOUL (P1.T4) (T.Washington),,,,,4.0,202339,Eric Bledsoe,1610612756.0,Phoenix,Suns,PHX,5,2585,Zaza Pachulia,1610612742.0,Dallas,Mavericks,DAL,1,0,,,,,,1
36,0021500014,39,1,5,1,10:23 PM,8:05,,,Felton 2' Layup (2 PTS) (Matthews 1 AST),8 - 7,-1,5.0,101109,Raymond Felton,1610612742.0,Dallas,Mavericks,DAL,5,202083,Wesley Matthews,1610612742.0,Dallas,Mavericks,DAL,0,0,,,,,,1
37,0021500014,40,2,1,1,10:23 PM,7:57,MISS Bledsoe 8' Jump Shot,,,,,4.0,202339,Eric Bledsoe,1610612756.0,Phoenix,Suns,PHX,0,0,,,,,,0,0,,,,,,1
38,0021500014,41,4,0,1,10:23 PM,7:54,,,Pachulia REBOUND (Off:0 Def:1),,,5.0,2585,Zaza Pachulia,1610612742.0,Dallas,Mavericks,DAL,0,0,,,,,,0,0,,,,,,1
39,0021500014,42,1,79,1,10:23 PM,7:48,,,D. Williams 24' 3PT Pullup Jump Shot (8 PTS),11 - 7,-4,5.0,101114,Deron Williams,1610612742.0,Dallas,Mavericks,DAL,0,0,,,,,,0,0,,,,,,1
40,0021500014,43,7,1,1,10:23 PM,7:48,,,Mavericks Violation: Delay of game Violation,,,3.0,1610612742,,,,,,0,0,,,,,,1,0,,,,,,0
41,0021500014,44,1,1,1,10:24 PM,7:36,Knight  3PT Jump Shot (5 PTS) (Chandler 1 AST),,,11 - 10,-1,4.0,202688,Brandon Knight,1610612756.0,Phoenix,Suns,PHX,4,2199,Tyson Chandler,1610612756.0,Phoenix,Suns,PHX,0,0,,,,,,1
42,0021500014,45,2,5,1,10:24 PM,7:25,,,MISS Pachulia 2' Layup,,,5.0,2585,Zaza Pachulia,1610612742.0,Dallas,Mavericks,DAL,0,0,,,,,,0,0,,,,,,1
43,0021500014,46,4,0,1,10:24 PM,7:23,Warren REBOUND (Off:0 Def:1),,,,,4.0,203933,T.J. Warren,1610612756.0,Phoenix,Suns,PHX,0,0,,,,,,0,0,,,,,,1
44,0021500014,47,2,1,1,10:24 PM,7:12,MISS Knight 25' 3PT Jump Shot,,,,,4.0,202688,Brandon Knight,1610612756.0,Phoenix,Suns,PHX,0,0,,,,,,0,0,,,,,,1
45,0021500014,48,4,0,1,10:24 PM,7:12,SUNS Rebound,,,,,2.0,1610612756,,,,,,0,0,,,,,,0,0,,,,,,0
46,0021500014,49,6,3,1,10:24 PM,7:12,,,Felton L.B.FOUL (P1.T3) (T.Washington),,,5.0,101109,Raymond Felton,1610612742.0,Dallas,Mavericks,DAL,4,202339,Eric Bledsoe,1610612756.0,Phoenix,Suns,PHX,1,0,,,,,,1
47,0021500014,50,8,0,1,10:24 PM,7:12,,,SUB: Powell FOR Nowitzki,,,5.0,1717,Dirk Nowitzki,1610612742.0,Dallas,Mavericks,DAL,5,203939,Dwight Powell,1610612742.0,Dallas,Mavericks,DAL,0,0,,,,,,0
48,0021500014,51,8,0,1,10:24 PM,7:12,,,SUB: Evans FOR Matthews,,,5.0,202083,Wesley Matthews,1610612742.0,Dallas,Mavericks,DAL,5,202379,Jeremy Evans,1610612742.0,Dallas,Mavericks,DAL,0,0,,,,,,0
49,0021500014,52,2,57,1,10:25 PM,7:05,MISS Mark Morris 8' Driving Hook Shot,,,,,4.0,202693,Markieff Morris,1610612756.0,Phoenix,Suns,PHX,0,0,,,,,,0,0,,,,,,1
50,0021500014,53,4,0,1,10:25 PM,7:03,,,Powell REBOUND (Off:0 Def:1),,,5.0,203939,Dwight Powell,1610612742.0,Dallas,Mavericks,DAL,0,0,,,,,,0,0,,,,,,1
51,0021500014,54,5,1,1,10:25 PM,6:53,Mark Morris STEAL (1 STL),,D. Williams Bad Pass Turnover (P1.T1),,,5.0,101114,Deron Williams,1610612742.0,Dallas,Mavericks,DAL,4,202693,Markieff Morris,1610612756.0,Phoenix,Suns,PHX,0,0,,,,,,1
52,0021500014,55,1,5,1,10:25 PM,6:49,Knight 2' Layup (7 PTS) (Bledsoe 2 AST),,,11 - 12,1,4.0,202688,Brandon Knight,1610612756.0,Phoenix,Suns,PHX,4,202339,Eric Bledsoe,1610612756.0,Phoenix,Suns,PHX,0,0,,,,,,1
53,0021500014,56,6,1,1,10:25 PM,6:38,Knight P.FOUL (P1.PN) (C.Blair),,,,,4.0,202688,Brandon Knight,1610612756.0,Phoenix,Suns,PHX,5,203939,Dwight Powell,1610612742.0,Dallas,Mavericks,DAL,1,0,,,,,,1
54,0021500014,57,3,11,1,10:26 PM,6:38,,,MISS Powell Free Throw 1 of 2,,,5.0,203939,Dwight Powell,1610612742.0,Dallas,Mavericks,DAL,0,0,,,,,,0,0,,,,,,0
55,0021500014,58,4,1,1,10:26 PM,6:38,,,Mavericks Rebound,,,3.0,1610612742,,,,,,0,0,,,,,,0,0,,,,,,0
56,0021500014,59,3,12,1,10:26 PM,6:38,,,Powell Free Throw 2 of 2 (1 PTS),12 - 12,TIE,5.0,203939,Dwight Powell,1610612742.0,Dallas,Mavericks,DAL,0,0,,,,,,0,0,,,,,,0
57,0021500014,61,5,1,1,10:26 PM,6:29,Knight Bad Pass Turnover (P1.T1),,Pachulia STEAL (1 STL),,,4.0,202688,Brandon Knight,1610612756.0,Phoenix,Suns,PHX,5,2585,Zaza Pachulia,1610612742.0,Dallas,Mavericks,DAL,0,0,,,,,,1
58,0021500014,62,2,1,1,10:26 PM,6:22,,,MISS D. Williams 9' Jump Shot,,,5.0,101114,Deron Williams,1610612742.0,Dallas,Mavericks,DAL,0,0,,,,,,0,0,,,,,,1
59,0021500014,63,4,0,1,10:26 PM,6:20,Mark Morris REBOUND (Off:0 Def:1),,,,,4.0,202693,Markieff Morris,1610612756.0,Phoenix,Suns,PHX,0,0,,,,,,0,0,,,,,,1
60,0021500014,64,6,4,1,10:27 PM,6:13,Chandler OFF.Foul (P1) (D.Collins),,,,,4.0,2199,Tyson Chandler,1610612756.0,Phoenix,Suns,PHX,5,2585,Zaza Pachulia,1610612742.0,Dallas,Mavericks,DAL,1,0,,,,,,1
61,0021500014,65,5,5,1,10:27 PM,6:13,Chandler Foul Turnover (P1.T2),,,,,4.0,2199,Tyson Chandler,1610612756.0,Phoenix,Suns,PHX,0,0,,,,,,1,0,,,,,,1
62,0021500014,66,8,0,1,10:27 PM,6:13,,,SUB: Harris FOR D. Williams,,,5.0,101114,Deron Williams,1610612742.0,Dallas,Mavericks,DAL,5,2734,Devin Harris,1610612742.0,Dallas,Mavericks,DAL,0,0,,,,,,0
63,0021500014,67,2,1,1,10:27 PM,5:58,,,MISS Pachulia 17' Jump Shot,,,5.0,2585,Zaza Pachulia,1610612742.0,Dallas,Mavericks,DAL,0,0,,,,,,0,0,,,,,,1
64,0021500014,68,4,0,1,10:27 PM,5:56,SUNS Rebound,,,,,2.0,1610612756,,,,,,0,0,,,,,,0,0,,,,,,0
65,0021500014,69,9,1,1,10:27 PM,5:56,SUNS Timeout: Regular (Full 1 Short 0),,,,,2.0,1610612756,,,,,,0,0,,,,,,0,0,,,,,,0
66,0021500014,73,7,1,1,10:30 PM,5:56,SUNS Violation: Delay of game Violation,,,,,2.0,1610612756,,,,,,0,0,,,,,,1,0,,,,,,0
67,0021500014,74,2,1,1,10:30 PM,5:45,MISS Warren 17' Jump Shot,,,,,4.0,203933,T.J. Warren,1610612756.0,Phoenix,Suns,PHX,0,0,,,,,,0,0,,,,,,1
68,0021500014,75,4,0,1,10:30 PM,5:42,,,Powell REBOUND (Off:0 Def:2),,,5.0,203939,Dwight Powell,1610612742.0,Dallas,Mavericks,DAL,0,0,,,,,,0,0,,,,,,1
69,0021500014,76,6,1,1,10:31 PM,5:38,Mark Morris P.FOUL (P2.PN) (D.Collins),,,,,4.0,202693,Markieff Morris,1610612756.0,Phoenix,Suns,PHX,5,203939,Dwight Powell,1610612742.0,Dallas,Mavericks,DAL,1,0,,,,,,1
70,0021500014,77,3,11,1,10:31 PM,5:38,,,Powell Free Throw 1 of 2 (2 PTS),13 - 12,-1,5.0,203939,Dwight Powell,1610612742.0,Dallas,Mavericks,DAL,0,0,,,,,,0,0,,,,,,0
71,0021500014,79,8,0,1,10:31 PM,5:38,SUB: Teletovic FOR Mark Morris,,,,,4.0,202693,Markieff Morris,1610612756.0,Phoenix,Suns,PHX,4,203141,Mirza Teletovic,1610612756.0,Phoenix,Suns,PHX,0,0,,,,,,0
72,0021500014,80,3,12,1,10:31 PM,5:38,,,MISS Powell Free Throw 2 of 2,,,5.0,203939,Dwight Powell,1610612742.0,Dallas,Mavericks,DAL,0,0,,,,,,0,0,,,,,,0
73,0021500014,82,4,0,1,10:31 PM,5:37,Teletovic REBOUND (Off:0 Def:1),,,,,4.0,203141,Mirza Teletovic,1610612756.0,Phoenix,Suns,PHX,0,0,,,,,,0,0,,,,,,1
74,0021500014,83,6,4,1,10:32 PM,5:26,Chandler OFF.Foul (P2) (T.Washington),,,,,4.0,2199,Tyson Chandler,1610612756.0,Phoenix,Suns,PHX,5,2734,Devin Harris,1610612742.0,Dallas,Mavericks,DAL,1,0,,,,,,1
75,0021500014,84,5,5,1,10:32 PM,5:26,Chandler Foul Turnover (P2.T3),,,,,4.0,2199,Tyson Chandler,1610612756.0,Phoenix,Suns,PHX,0,0,,,,,,1,0,,,,,,1
76,0021500014,85,8,0,1,10:32 PM,5:26,SUB: Len FOR Chandler,,,,,4.0,2199,Tyson Chandler,1610612756.0,Phoenix,Suns,PHX,4,203458,Alex Len,1610612756.0,Phoenix,Suns,PHX,0,0,,,,,,0
77,0021500014,86,5,45,1,10:32 PM,5:17,,,Harris Out of Bounds - Bad Pass Turnover Turnover (P1.T2),,,5.0,2734,Devin Harris,1610612742.0,Dallas,Mavericks,DAL,0,0,,,,,,1,0,,,,,,1
78,0021500014,87,2,42,1,10:32 PM,5:07,MISS Bledsoe 3' Driving Layup,,,,,4.0,202339,Eric Bledsoe,1610612756.0,Phoenix,Suns,PHX,0,0,,,,,,0,0,,,,,,1
79,0021500014,88,4,0,1,10:32 PM,5:03,,,Pachulia REBOUND (Off:0 Def:2),,,5.0,2585,Zaza Pachulia,1610612742.0,Dallas,Mavericks,DAL,0,0,,,,,,0,0,,,,,,1
80,0021500014,89,1,79,1,10:33 PM,4:58,,,Felton 21' Pullup Jump Shot (4 PTS),15 - 12,-3,5.0,101109,Raymond Felton,1610612742.0,Dallas,Mavericks,DAL,0,0,,,,,,0,0,,,,,,1
81,0021500014,90,5,1,1,10:33 PM,4:48,Knight Bad Pass Turnover (P2.T4),,Pachulia STEAL (2 STL),,,4.0,202688,Brandon Knight,1610612756.0,Phoenix,Suns,PHX,5,2585,Zaza Pachulia,1610612742.0,Dallas,Mavericks,DAL,0,0,,,,,,1
82,0021500014,91,2,1,1,10:33 PM,4:37,,,MISS Felton 14' Jump Shot,,,5.0,101109,Raymond Felton,1610612742.0,Dallas,Mavericks,DAL,0,0,,,,,,0,0,,,,,,1
83,0021500014,92,4,0,1,10:33 PM,4:35,Warren REBOUND (Off:0 Def:2),,,,,4.0,203933,T.J. Warren,1610612756.0,Phoenix,Suns,PHX,0,0,,,,,,0,0,,,,,,1
84,0021500014,93,2,42,1,10:33 PM,4:19,MISS Bledsoe 1' Driving Layup,,,,,4.0,202339,Eric Bledsoe,1610612756.0,Phoenix,Suns,PHX,0,0,,,,,,0,0,,,,,,1
85,0021500014,94,4,0,1,10:33 PM,4:16,,,Powell REBOUND (Off:0 Def:3),,,5.0,203939,Dwight Powell,1610612742.0,Dallas,Mavericks,DAL,0,0,,,,,,0,0,,,,,,1
86,0021500014,95,6,29,1,10:33 PM,4:12,Len Shooting Block Foul (P1.PN) (C.Blair),,,,,4.0,203458,Alex Len,1610612756.0,Phoenix,Suns,PHX,5,2585,Zaza Pachulia,1610612742.0,Dallas,Mavericks,DAL,1,0,,,,,,1
87,0021500014,96,3,11,1,10:34 PM,4:12,,,Pachulia Free Throw 1 of 2 (1 PTS),16 - 12,-4,5.0,2585,Zaza Pachulia,1610612742.0,Dallas,Mavericks,DAL,0,0,,,,,,0,0,,,,,,0
88,0021500014,98,8,0,1,10:34 PM,4:12,,,SUB: Barea FOR Felton,,,5.0,101109,Raymond Felton,1610612742.0,Dallas,Mavericks,DAL,5,200826,J.J. Barea,1610612742.0,Dallas,Mavericks,DAL,0,0,,,,,,0
89,0021500014,99,8,0,1,10:34 PM,4:12,SUB: Weems FOR Bledsoe,,,,,4.0,202339,Eric Bledsoe,1610612756.0,Phoenix,Suns,PHX,4,201603,Sonny Weems,1610612756.0,Phoenix,Suns,PHX,0,0,,,,,,0
90,0021500014,100,3,12,1,10:34 PM,4:12,,,Pachulia Free Throw 2 of 2 (2 PTS),17 - 12,-5,5.0,2585,Zaza Pachulia,1610612742.0,Dallas,Mavericks,DAL,0,0,,,,,,0,0,,,,,,0
91,0021500014,102,6,1,1,10:34 PM,4:04,,,Evans P.FOUL (P1.T4) (D.Collins),,,5.0,202379,Jeremy Evans,1610612742.0,Dallas,Mavericks,DAL,4,203933,T.J. Warren,1610612756.0,Phoenix,Suns,PHX,1,0,,,,,,1
92,0021500014,103,1,1,1,10:35 PM,4:00,Warren 25' 3PT Jump Shot (3 PTS) (Teletovic 1 AST),,,17 - 15,-2,4.0,203933,T.J. Warren,1610612756.0,Phoenix,Suns,PHX,4,203141,Mirza Teletovic,1610612756.0,Phoenix,Suns,PHX,0,0,,,,,,1
93,0021500014,104,2,1,1,10:35 PM,3:45,,,MISS Pachulia 17' Jump Shot,,,5.0,2585,Zaza Pachulia,1610612742.0,Dallas,Mavericks,DAL,0,0,,,,,,0,0,,,,,,1
94,0021500014,105,4,0,1,10:35 PM,3:43,Knight REBOUND (Off:0 Def:2),,,,,4.0,202688,Brandon Knight,1610612756.0,Phoenix,Suns,PHX,0,0,,,,,,0,0,,,,,,1
95,0021500014,106,1,50,1,10:35 PM,3:40,Len  Running Dunk (2 PTS) (Knight 1 AST),,,17 - 17,TIE,4.0,203458,Alex Len,1610612756.0,Phoenix,Suns,PHX,4,202688,Brandon Knight,1610612756.0,Phoenix,Suns,PHX,0,0,,,,,,1
96,0021500014,107,9,1,1,10:35 PM,3:39,,,Mavericks Timeout: Regular (Reg.1 Short 0),,,3.0,1610612742,,,,,,0,0,,,,,,0,0,,,,,,0
97,0021500014,110,8,0,1,10:38 PM,3:39,,,SUB: Nowitzki FOR Pachulia,,,5.0,2585,Zaza Pachulia,1610612742.0,Dallas,Mavericks,DAL,5,1717,Dirk Nowitzki,1610612742.0,Dallas,Mavericks,DAL,0,0,,,,,,0
98,0021500014,111,2,1,1,10:38 PM,3:26,,,MISS Powell 7' Jump Shot,,,5.0,203939,Dwight Powell,1610612742.0,Dallas,Mavericks,DAL,0,0,,,,,,0,0,,,,,,1
99,0021500014,112,4,0,1,10:38 PM,3:24,Teletovic REBOUND (Off:0 Def:2),,,,,4.0,203141,Mirza Teletovic,1610612756.0,Phoenix,Suns,PHX,0,0,,,,,,0,0,,,,,,1
100,0021500014,113,5,4,1,10:38 PM,3:19,Knight Traveling Turnover (P3.T5),,,,,4.0,202688,Brandon Knight,1610612756.0,Phoenix,Suns,PHX,0,0,,,,,,1,0,,,,,,1
101,0021500014,114,2,1,1,10:38 PM,3:11,,,MISS Powell 3' Jump Shot,,,5.0,203939,Dwight Powell,1610612742.0,Dallas,Mavericks,DAL,0,0,,,,,,0,0,,,,,,1
102,0021500014,115,4,0,1,10:38 PM,3:09,Len REBOUND (Off:0 Def:1),,,,,4.0,203458,Alex Len,1610612756.0,Phoenix,Suns,PHX,0,0,,,,,,0,0,,,,,,1
103,0021500014,116,2,1,1,10:39 PM,3:04,MISS Teletovic 5' Jump Shot,,,,,4.0,203141,Mirza Teletovic,1610612756.0,Phoenix,Suns,PHX,0,0,,,,,,0,0,,,,,,1
104,0021500014,117,4,0,1,10:39 PM,3:02,,,Powell REBOUND (Off:0 Def:4),,,5.0,203939,Dwight Powell,1610612742.0,Dallas,Mavericks,DAL,0,0,,,,,,0,0,,,,,,1
105,0021500014,119,6,2,1,10:39 PM,2:49,Len S.FOUL (P2.PN) (D.Collins),,,,,4.0,203458,Alex Len,1610612756.0,Phoenix,Suns,PHX,5,203939,Dwight Powell,1610612742.0,Dallas,Mavericks,DAL,1,0,,,,,,1
106,0021500014,120,3,11,1,10:39 PM,2:49,,,Powell Free Throw 1 of 2 (3 PTS),18 - 17,-1,5.0,203939,Dwight Powell,1610612742.0,Dallas,Mavericks,DAL,0,0,,,,,,0,0,,,,,,0
107,0021500014,122,8,0,1,10:40 PM,2:49,,,SUB: Matthews FOR Evans,,,5.0,202379,Jeremy Evans,1610612742.0,Dallas,Mavericks,DAL,5,202083,Wesley Matthews,1610612742.0,Dallas,Mavericks,DAL,0,0,,,,,,0
108,0021500014,123,3,12,1,10:40 PM,2:49,,,MISS Powell Free Throw 2 of 2,,,5.0,203939,Dwight Powell,1610612742.0,Dallas,Mavericks,DAL,0,0,,,,,,0,0,,,,,,0
109,0021500014,125,4,0,1,10:40 PM,2:48,Len REBOUND (Off:0 Def:2),,,,,4.0,203458,Alex Len,1610612756.0,Phoenix,Suns,PHX,0,0,,,,,,0,0,,,,,,1
110,0021500014,126,2,5,1,10:40 PM,2:31,MISS Warren 2' Layup,,,,,4.0,203933,T.J. Warren,1610612756.0,Phoenix,Suns,PHX,0,0,,,,,,0,0,,,,,,1
111,0021500014,128,4,0,1,10:40 PM,2:29,Len REBOUND (Off:1 Def:2),,,,,4.0,203458,Alex Len,1610612756.0,Phoenix,Suns,PHX,0,0,,,,,,0,0,,,,,,1
112,0021500014,127,2,87,1,10:40 PM,2:29,MISS Len  Putback Dunk,,,,,4.0,203458,Alex Len,1610612756.0,Phoenix,Suns,PHX,0,0,,,,,,0,0,,,,,,1
113,0021500014,129,4,0,1,10:40 PM,2:28,Len REBOUND (Off:2 Def:2),,,,,4.0,203458,Alex Len,1610612756.0,Phoenix,Suns,PHX,0,0,,,,,,0,0,,,,,,1
114,0021500014,130,6,4,1,10:40 PM,2:25,Teletovic OFF.Foul (P1) (T.Washington),,,,,4.0,203141,Mirza Teletovic,1610612756.0,Phoenix,Suns,PHX,5,200826,J.J. Barea,1610612742.0,Dallas,Mavericks,DAL,1,0,,,,,,1
115,0021500014,131,5,5,1,10:40 PM,2:25,Teletovic Foul Turnover (P1.T6),,,,,4.0,203141,Mirza Teletovic,1610612756.0,Phoenix,Suns,PHX,0,0,,,,,,1,0,,,,,,1
116,0021500014,132,1,44,1,10:41 PM,2:14,,,Barea 1' Reverse Layup (2 PTS) (Nowitzki 1 AST),20 - 17,-3,5.0,200826,J.J. Barea,1610612742.0,Dallas,Mavericks,DAL,5,1717,Dirk Nowitzki,1610612742.0,Dallas,Mavericks,DAL,0,0,,,,,,1
117,0021500014,133,2,1,1,10:41 PM,2:00,MISS Teletovic 25' 3PT Jump Shot,,,,,4.0,203141,Mirza Teletovic,1610612756.0,Phoenix,Suns,PHX,0,0,,,,,,0,0,,,,,,1
118,0021500014,134,4,0,1,10:41 PM,1:58,Len REBOUND (Off:3 Def:2),,,,,4.0,203458,Alex Len,1610612756.0,Phoenix,Suns,PHX,0,0,,,,,,0,0,,,,,,1
119,0021500014,135,2,1,1,10:41 PM,1:54,MISS Teletovic 24' 3PT Jump Shot,,,,,4.0,203141,Mirza Teletovic,1610612756.0,Phoenix,Suns,PHX,0,0,,,,,,0,0,,,,,,1
120,0021500014,136,4,0,1,10:41 PM,1:52,Knight REBOUND (Off:1 Def:2),,,,,4.0,202688,Brandon Knight,1610612756.0,Phoenix,Suns,PHX,0,0,,,,,,0,0,,,,,,1
121,0021500014,137,2,1,1,10:41 PM,1:49,MISS Weems 26' 3PT Jump Shot,,,,,4.0,201603,Sonny Weems,1610612756.0,Phoenix,Suns,PHX,0,0,,,,,,0,0,,,,,,1
122,0021500014,138,4,0,1,10:41 PM,1:47,,,Barea REBOUND (Off:0 Def:1),,,5.0,200826,J.J. Barea,1610612742.0,Dallas,Mavericks,DAL,0,0,,,,,,0,0,,,,,,1
123,0021500014,139,1,1,1,10:41 PM,1:35,,,Nowitzki 15' Jump Shot (2 PTS),22 - 17,-5,5.0,1717,Dirk Nowitzki,1610612742.0,Dallas,Mavericks,DAL,0,0,,,,,,0,0,,,,,,1
124,0021500014,140,1,1,1,10:41 PM,1:21,Warren 19' Jump Shot (5 PTS),,,22 - 19,-3,4.0,203933,T.J. Warren,1610612756.0,Phoenix,Suns,PHX,0,0,,,,,,0,0,,,,,,1
125,0021500014,141,2,1,1,10:42 PM,1:10,,,MISS Barea 22' Jump Shot,,,5.0,200826,J.J. Barea,1610612742.0,Dallas,Mavericks,DAL,0,0,,,,,,0,0,,,,,,1
126,0021500014,142,4,0,1,10:42 PM,1:08,Len REBOUND (Off:3 Def:3),,,,,4.0,203458,Alex Len,1610612756.0,Phoenix,Suns,PHX,0,0,,,,,,0,0,,,,,,1
127,0021500014,143,6,2,1,10:42 PM,0:54,,,Powell S.FOUL (P1.PN) (D.Collins),,,5.0,203939,Dwight Powell,1610612742.0,Dallas,Mavericks,DAL,4,203458,Alex Len,1610612756.0,Phoenix,Suns,PHX,1,0,,,,,,1
128,0021500014,144,3,11,1,10:42 PM,0:54,MISS Len Free Throw 1 of 2,,,,,4.0,203458,Alex Len,1610612756.0,Phoenix,Suns,PHX,0,0,,,,,,0,0,,,,,,0
129,0021500014,145,4,1,1,10:42 PM,0:54,SUNS Rebound,,,,,2.0,1610612756,,,,,,0,0,,,,,,0,0,,,,,,0
130,0021500014,146,3,12,1,10:43 PM,0:54,Len Free Throw 2 of 2 (3 PTS),,,22 - 20,-2,4.0,203458,Alex Len,1610612756.0,Phoenix,Suns,PHX,0,0,,,,,,0,0,,,,,,0
131,0021500014,148,5,1,1,10:43 PM,0:34,Weems STEAL (1 STL),,Barea Bad Pass Turnover (P1.T3),,,5.0,200826,J.J. Barea,1610612742.0,Dallas,Mavericks,DAL,4,201603,Sonny Weems,1610612756.0,Phoenix,Suns,PHX,0,0,,,,,,1
132,0021500014,150,2,1,1,10:43 PM,0:28,MISS Warren 19' Jump Shot,,,,,4.0,203933,T.J. Warren,1610612756.0,Phoenix,Suns,PHX,0,0,,,,,,0,0,,,,,,1
133,0021500014,151,4,0,1,10:43 PM,0:25,,,Harris REBOUND (Off:0 Def:1),,,5.0,2734,Devin Harris,1610612742.0,Dallas,Mavericks,DAL,0,0,,,,,,0,0,,,,,,1
134,0021500014,152,6,2,1,10:43 PM,0:23,Weems S.FOUL (P1.PN) (D.Collins),,,,,4.0,201603,Sonny Weems,1610612756.0,Phoenix,Suns,PHX,5,2734,Devin Harris,1610612742.0,Dallas,Mavericks,DAL,1,0,,,,,,1
135,0021500014,153,3,11,1,10:44 PM,0:23,,,Harris Free Throw 1 of 2 (1 PTS),23 - 20,-3,5.0,2734,Devin Harris,1610612742.0,Dallas,Mavericks,DAL,0,0,,,,,,0,0,,,,,,0
136,0021500014,155,8,0,1,10:44 PM,0:23,SUB: Leuer FOR Len,,,,,4.0,203458,Alex Len,1610612756.0,Phoenix,Suns,PHX,4,202720,Jon Leuer,1610612756.0,Phoenix,Suns,PHX,0,0,,,,,,0
137,0021500014,156,8,0,1,10:44 PM,0:23,,,SUB: Evans FOR Nowitzki,,,5.0,1717,Dirk Nowitzki,1610612742.0,Dallas,Mavericks,DAL,5,202379,Jeremy Evans,1610612742.0,Dallas,Mavericks,DAL,0,0,,,,,,0
138,0021500014,157,3,12,1,10:44 PM,0:23,,,Harris Free Throw 2 of 2 (2 PTS),24 - 20,-4,5.0,2734,Devin Harris,1610612742.0,Dallas,Mavericks,DAL,0,0,,,,,,0,0,,,,,,0
139,0021500014,159,1,1,1,10:45 PM,0:00,Leuer 15' Jump Shot (2 PTS) (Knight 2 AST),,,24 - 22,-2,4.0,202720,Jon Leuer,1610612756.0,Phoenix,Suns,PHX,4,202688,Brandon Knight,1610612756.0,Phoenix,Suns,PHX,0,0,,,,,,1
140,0021500014,160,18,0,1,10:45 PM,0:00,,,,,,,159,,,,,,0,0,,,,,,1,0,,,,,,0
141,0021500014,161,13,0,1,10:45 PM,0:00,,,,24 - 22,-2,0.0,0,,,,,,0,0,,,,,,0,0,,,,,,0
142,0021500014,163,12,0,2,10:47 PM,12:00,,,,24 - 22,-2,0.0,0,,,,,,0,0,,,,,,0,0,,,,,,0
143,0021500014,164,1,1,2,10:48 PM,11:39,Leuer 15' Jump Shot (4 PTS),,,24 - 24,TIE,4.0,202720,Jon Leuer,1610612756.0,Phoenix,Suns,PHX,0,0,,,,,,0,0,,,,,,1
144,0021500014,165,6,4,2,10:48 PM,11:26,,,Powell OFF.Foul (P2) (T.Washington),,,5.0,203939,Dwight Powell,1610612742.0,Dallas,Mavericks,DAL,4,201603,Sonny Weems,1610612756.0,Phoenix,Suns,PHX,1,0,,,,,,1
145,0021500014,166,5,5,2,10:48 PM,11:26,,,Powell Foul Turnover (P1.T4),,,5.0,203939,Dwight Powell,1610612742.0,Dallas,Mavericks,DAL,0,0,,,,,,1,0,,,,,,1
146,0021500014,167,5,1,2,10:49 PM,11:09,Price Bad Pass Turnover (P1.T7),,Harris STEAL (1 STL),,,4.0,101179,Ronnie Price,1610612756.0,Phoenix,Suns,PHX,5,2734,Devin Harris,1610612742.0,Dallas,Mavericks,DAL,0,0,,,,,,1
147,0021500014,168,2,1,2,10:49 PM,11:02,,,MISS Matthews 26' 3PT Jump Shot,,,5.0,202083,Wesley Matthews,1610612742.0,Dallas,Mavericks,DAL,0,0,,,,,,0,0,,,,,,1
148,0021500014,169,4,0,2,10:49 PM,11:00,Leuer REBOUND (Off:0 Def:1),,,,,4.0,202720,Jon Leuer,1610612756.0,Phoenix,Suns,PHX,0,0,,,,,,0,0,,,,,,1
149,0021500014,170,1,73,2,10:49 PM,10:52,Leuer 1' Driving Reverse Layup (6 PTS),,,24 - 26,2,4.0,202720,Jon Leuer,1610612756.0,Phoenix,Suns,PHX,0,0,,,,,,0,0,,,,,,1
150,0021500014,171,6,2,2,10:49 PM,10:52,,,Nowitzki S.FOUL (P1.T1) (D.Collins),,,5.0,1717,Dirk Nowitzki,1610612742.0,Dallas,Mavericks,DAL,4,202720,Jon Leuer,1610612756.0,Phoenix,Suns,PHX,1,0,,,,,,1
151,0021500014,172,8,0,2,10:49 PM,10:52,,,SUB: Evans FOR Powell,,,5.0,203939,Dwight Powell,1610612742.0,Dallas,Mavericks,DAL,5,202379,Jeremy Evans,1610612742.0,Dallas,Mavericks,DAL,0,0,,,,,,0
152,0021500014,173,3,10,2,10:49 PM,10:52,MISS Leuer Free Throw 1 of 1,,,,,4.0,202720,Jon Leuer,1610612756.0,Phoenix,Suns,PHX,0,0,,,,,,0,0,,,,,,0
153,0021500014,175,4,0,2,10:49 PM,10:52,Leuer REBOUND (Off:1 Def:1),,,,,4.0,202720,Jon Leuer,1610612756.0,Phoenix,Suns,PHX,0,0,,,,,,0,0,,,,,,1
154,0021500014,176,2,66,2,10:49 PM,10:50,MISS Teletovic 13' Jump Bank Shot,,,,,4.0,203141,Mirza Teletovic,1610612756.0,Phoenix,Suns,PHX,0,0,,,,,,0,0,,,,,,1
155,0021500014,177,4,0,2,10:49 PM,10:47,,,Nowitzki REBOUND (Off:0 Def:3),,,5.0,1717,Dirk Nowitzki,1610612742.0,Dallas,Mavericks,DAL,0,0,,,,,,0,0,,,,,,1
156,0021500014,178,2,1,2,10:49 PM,10:43,,,MISS Harris 7' Jump Shot,,,5.0,2734,Devin Harris,1610612742.0,Dallas,Mavericks,DAL,0,0,,,,,,0,0,,,,,,1
157,0021500014,179,4,0,2,10:50 PM,10:41,SUNS Rebound,,,,,2.0,1610612756,,,,,,0,0,,,,,,0,0,,,,,,0
158,0021500014,180,8,0,2,10:50 PM,10:40,,,SUB: D. Williams FOR Harris,,,5.0,2734,Devin Harris,1610612742.0,Dallas,Mavericks,DAL,5,101114,Deron Williams,1610612742.0,Dallas,Mavericks,DAL,0,0,,,,,,0
159,0021500014,181,2,1,2,10:50 PM,10:27,MISS Warren 24' 3PT Jump Shot,,,,,4.0,203933,T.J. Warren,1610612756.0,Phoenix,Suns,PHX,0,0,,,,,,0,0,,,,,,1
160,0021500014,182,4,0,2,10:50 PM,10:25,,,Barea REBOUND (Off:0 Def:2),,,5.0,200826,J.J. Barea,1610612742.0,Dallas,Mavericks,DAL,0,0,,,,,,0,0,,,,,,1
161,0021500014,183,6,2,2,10:50 PM,10:20,Leuer S.FOUL (P1.T1) (D.Collins),,,,,4.0,202720,Jon Leuer,1610612756.0,Phoenix,Suns,PHX,5,200826,J.J. Barea,1610612742.0,Dallas,Mavericks,DAL,1,0,,,,,,1
162,0021500014,184,3,11,2,10:50 PM,10:20,,,MISS Barea Free Throw 1 of 2,,,5.0,200826,J.J. Barea,1610612742.0,Dallas,Mavericks,DAL,0,0,,,,,,0,0,,,,,,0
163,0021500014,185,4,1,2,10:50 PM,10:20,,,Mavericks Rebound,,,3.0,1610612742,,,,,,0,0,,,,,,0,0,,,,,,0
164,0021500014,186,8,0,2,10:51 PM,10:20,SUB: Mark Morris FOR Teletovic,,,,,4.0,203141,Mirza Teletovic,1610612756.0,Phoenix,Suns,PHX,4,202693,Markieff Morris,1610612756.0,Phoenix,Suns,PHX,0,0,,,,,,0
165,0021500014,187,3,12,2,10:51 PM,10:20,,,Barea Free Throw 2 of 2 (3 PTS),25 - 26,1,5.0,200826,J.J. Barea,1610612742.0,Dallas,Mavericks,DAL,0,0,,,,,,0,0,,,,,,0
166,0021500014,189,2,1,2,10:51 PM,10:05,MISS Price 25' 3PT Jump Shot,,,,,4.0,101179,Ronnie Price,1610612756.0,Phoenix,Suns,PHX,0,0,,,,,,0,0,,,,,,1
167,0021500014,190,4,0,2,10:51 PM,10:03,Leuer REBOUND (Off:2 Def:1),,,,,4.0,202720,Jon Leuer,1610612756.0,Phoenix,Suns,PHX,0,0,,,,,,0,0,,,,,,1
168,0021500014,191,1,85,2,10:51 PM,9:57,Mark Morris 10' Turnaround Bank Shot (2 PTS),,,25 - 28,3,4.0,202693,Markieff Morris,1610612756.0,Phoenix,Suns,PHX,0,0,,,,,,0,0,,,,,,1
169,0021500014,192,6,1,2,10:51 PM,9:55,Mark Morris P.FOUL (P3.T2) (C.Blair),,,,,4.0,202693,Markieff Morris,1610612756.0,Phoenix,Suns,PHX,5,202083,Wesley Matthews,1610612742.0,Dallas,Mavericks,DAL,1,0,,,,,,0
170,0021500014,193,8,0,2,10:52 PM,9:55,SUB: Chandler FOR Mark Morris,,,,,4.0,202693,Markieff Morris,1610612756.0,Phoenix,Suns,PHX,4,2199,Tyson Chandler,1610612756.0,Phoenix,Suns,PHX,0,0,,,,,,0
171,0021500014,194,8,0,2,10:52 PM,9:55,,,SUB: Pachulia FOR Evans,,,5.0,202379,Jeremy Evans,1610612742.0,Dallas,Mavericks,DAL,5,2585,Zaza Pachulia,1610612742.0,Dallas,Mavericks,DAL,0,0,,,,,,0
172,0021500014,195,6,1,2,10:52 PM,9:48,Leuer P.FOUL (P2.T3) (C.Blair),,,,,4.0,202720,Jon Leuer,1610612756.0,Phoenix,Suns,PHX,5,1717,Dirk Nowitzki,1610612742.0,Dallas,Mavericks,DAL,1,0,,,,,,1
173,0021500014,196,2,47,2,10:53 PM,9:33,,,MISS Nowitzki 18' Turnaround Jump Shot,,,5.0,1717,Dirk Nowitzki,1610612742.0,Dallas,Mavericks,DAL,0,0,,,,,,0,0,,,,,,1
174,0021500014,197,4,0,2,10:53 PM,9:30,Weems REBOUND (Off:0 Def:1),,,,,4.0,201603,Sonny Weems,1610612756.0,Phoenix,Suns,PHX,0,0,,,,,,0,0,,,,,,1
175,0021500014,198,2,1,2,10:53 PM,9:26,MISS Warren 15' Jump Shot,,,,,4.0,203933,T.J. Warren,1610612756.0,Phoenix,Suns,PHX,0,0,,,,,,0,0,,,,,,1
176,0021500014,200,4,0,2,10:53 PM,9:20,Chandler REBOUND (Off:2 Def:1),,,,,4.0,2199,Tyson Chandler,1610612756.0,Phoenix,Suns,PHX,0,0,,,,,,0,0,,,,,,1
177,0021500014,199,1,5,2,10:53 PM,9:20,Chandler 1' Layup (2 PTS),,,25 - 30,5,4.0,2199,Tyson Chandler,1610612756.0,Phoenix,Suns,PHX,0,0,,,,,,0,0,,,,,,1
178,0021500014,201,2,5,2,10:53 PM,9:13,,,MISS Pachulia 1' Layup,,,5.0,2585,Zaza Pachulia,1610612742.0,Dallas,Mavericks,DAL,0,0,,,,,,0,0,,,,,,1
179,0021500014,202,4,0,2,10:53 PM,9:11,,,Pachulia REBOUND (Off:1 Def:2),,,5.0,2585,Zaza Pachulia,1610612742.0,Dallas,Mavericks,DAL,0,0,,,,,,0,0,,,,,,1
180,0021500014,203,1,5,2,10:53 PM,9:06,,,Pachulia 1' Layup (4 PTS),27 - 30,3,5.0,2585,Zaza Pachulia,1610612742.0,Dallas,Mavericks,DAL,0,0,,,,,,0,0,,,,,,1
181,0021500014,204,2,1,2,10:54 PM,8:51,MISS Leuer 8' Jump Shot,,,,,4.0,202720,Jon Leuer,1610612756.0,Phoenix,Suns,PHX,0,0,,,,,,0,0,,,,,,1
182,0021500014,205,4,0,2,10:54 PM,8:50,,,Nowitzki REBOUND (Off:0 Def:4),,,5.0,1717,Dirk Nowitzki,1610612742.0,Dallas,Mavericks,DAL,0,0,,,,,,0,0,,,,,,1
183,0021500014,206,6,2,2,10:54 PM,8:45,Price S.FOUL (P1.T4) (D.Collins),,,,,4.0,101179,Ronnie Price,1610612756.0,Phoenix,Suns,PHX,5,200826,J.J. Barea,1610612742.0,Dallas,Mavericks,DAL,1,0,,,,,,1
184,0021500014,207,9,4,2,10:54 PM,8:45,,,,,,1.0,0,,,,,,0,0,,,,,,0,0,,,,,,0
185,0021500014,209,8,0,2,10:56 PM,8:45,SUB: Bledsoe FOR Warren,,,,,4.0,203933,T.J. Warren,1610612756.0,Phoenix,Suns,PHX,4,202339,Eric Bledsoe,1610612756.0,Phoenix,Suns,PHX,0,0,,,,,,0
186,0021500014,210,8,0,2,10:56 PM,8:45,,,SUB: Villanueva FOR Nowitzki,,,5.0,1717,Dirk Nowitzki,1610612742.0,Dallas,Mavericks,DAL,5,101111,Charlie Villanueva,1610612742.0,Dallas,Mavericks,DAL,0,0,,,,,,0
187,0021500014,211,3,11,2,10:56 PM,8:45,,,Barea Free Throw 1 of 2 (4 PTS),28 - 30,2,5.0,200826,J.J. Barea,1610612742.0,Dallas,Mavericks,DAL,0,0,,,,,,0,0,,,,,,0
188,0021500014,213,3,12,2,10:57 PM,8:45,,,Barea Free Throw 2 of 2 (5 PTS),29 - 30,1,5.0,200826,J.J. Barea,1610612742.0,Dallas,Mavericks,DAL,0,0,,,,,,0,0,,,,,,0
189,0021500014,215,2,1,2,10:57 PM,8:27,MISS Bledsoe 22' Jump Shot,,,,,4.0,202339,Eric Bledsoe,1610612756.0,Phoenix,Suns,PHX,0,0,,,,,,0,0,,,,,,1
190,0021500014,216,4,0,2,10:57 PM,8:25,,,Matthews REBOUND (Off:0 Def:2),,,5.0,202083,Wesley Matthews,1610612742.0,Dallas,Mavericks,DAL,0,0,,,,,,0,0,,,,,,1
191,0021500014,217,1,1,2,10:57 PM,8:10,,,Matthews 25' 3PT Jump Shot (4 PTS) (D. Williams 1 AST),32 - 30,-2,5.0,202083,Wesley Matthews,1610612742.0,Dallas,Mavericks,DAL,5,101114,Deron Williams,1610612742.0,Dallas,Mavericks,DAL,0,0,,,,,,1
192,0021500014,218,2,1,2,10:58 PM,7:52,MISS Weems 21' Jump Shot,,,,,4.0,201603,Sonny Weems,1610612756.0,Phoenix,Suns,PHX,0,0,,,,,,0,0,,,,,,1
193,0021500014,219,4,0,2,10:58 PM,7:50,,,D. Williams REBOUND (Off:0 Def:2),,,5.0,101114,Deron Williams,1610612742.0,Dallas,Mavericks,DAL,0,0,,,,,,0,0,,,,,,1
194,0021500014,220,6,26,2,10:58 PM,7:48,,,Barea Offensive Charge Foul (P1.T2) (T.Washington),,,5.0,200826,J.J. Barea,1610612742.0,Dallas,Mavericks,DAL,4,101179,Ronnie Price,1610612756.0,Phoenix,Suns,PHX,1,0,,,,,,1
195,0021500014,221,5,5,2,10:58 PM,7:48,,,Barea Foul Turnover (P2.T5),,,5.0,200826,J.J. Barea,1610612742.0,Dallas,Mavericks,DAL,0,0,,,,,,1,0,,,,,,1
196,0021500014,222,8,0,2,10:58 PM,7:48,SUB: Goodwin FOR Weems,,,,,4.0,201603,Sonny Weems,1610612756.0,Phoenix,Suns,PHX,4,203462,Archie Goodwin,1610612756.0,Phoenix,Suns,PHX,0,0,,,,,,0
197,0021500014,223,8,0,2,10:58 PM,7:48,,,SUB: Felton FOR Barea,,,5.0,200826,J.J. Barea,1610612742.0,Dallas,Mavericks,DAL,5,101109,Raymond Felton,1610612742.0,Dallas,Mavericks,DAL,0,0,,,,,,0
198,0021500014,224,6,2,2,10:58 PM,7:33,,,Villanueva S.FOUL (P1.T3) (C.Blair),,,5.0,101111,Charlie Villanueva,1610612742.0,Dallas,Mavericks,DAL,4,202720,Jon Leuer,1610612756.0,Phoenix,Suns,PHX,1,0,,,,,,1
199,0021500014,225,3,11,2,10:59 PM,7:33,Leuer Free Throw 1 of 2 (7 PTS),,,32 - 31,-1,4.0,202720,Jon Leuer,1610612756.0,Phoenix,Suns,PHX,0,0,,,,,,0,0,,,,,,0
200,0021500014,226,8,0,2,10:59 PM,7:33,SUB: Booker FOR Price,,,,,4.0,101179,Ronnie Price,1610612756.0,Phoenix,Suns,PHX,4,1626164,Devin Booker,1610612756.0,Phoenix,Suns,PHX,0,0,,,,,,0
201,0021500014,227,3,12,2,10:59 PM,7:33,Leuer Free Throw 2 of 2 (8 PTS),,,32 - 32,TIE,4.0,202720,Jon Leuer,1610612756.0,Phoenix,Suns,PHX,0,0,,,,,,0,0,,,,,,0
202,0021500014,229,1,1,2,10:59 PM,7:22,,,Pachulia 15' Jump Shot (6 PTS),34 - 32,-2,5.0,2585,Zaza Pachulia,1610612742.0,Dallas,Mavericks,DAL,0,0,,,,,,0,0,,,,,,1
203,0021500014,230,2,1,2,11:00 PM,6:59,MISS Bledsoe 25' 3PT Jump Shot,,,,,4.0,202339,Eric Bledsoe,1610612756.0,Phoenix,Suns,PHX,0,0,,,,,,0,0,,,,,,1
204,0021500014,231,4,0,2,11:00 PM,6:57,Bledsoe REBOUND (Off:1 Def:2),,,,,4.0,202339,Eric Bledsoe,1610612756.0,Phoenix,Suns,PHX,0,0,,,,,,0,0,,,,,,1
205,0021500014,232,1,5,2,11:00 PM,6:56,Bledsoe 2' Layup (5 PTS),,,34 - 34,TIE,4.0,202339,Eric Bledsoe,1610612756.0,Phoenix,Suns,PHX,0,0,,,,,,0,0,,,,,,1
206,0021500014,233,1,78,2,11:00 PM,6:33,,,Villanueva 9' Floating Jump Shot (2 PTS),36 - 34,-2,5.0,101111,Charlie Villanueva,1610612742.0,Dallas,Mavericks,DAL,0,0,,,,,,0,0,,,,,,1
207,0021500014,234,5,4,2,11:00 PM,6:12,Goodwin Traveling Turnover (P1.T8),,,,,4.0,203462,Archie Goodwin,1610612756.0,Phoenix,Suns,PHX,0,0,,,,,,1,0,,,,,,1
208,0021500014,235,2,3,2,11:01 PM,6:01,,,MISS Pachulia 5' Hook Shot,,,5.0,2585,Zaza Pachulia,1610612742.0,Dallas,Mavericks,DAL,0,0,,,,,,0,0,,,,,,1
209,0021500014,236,4,0,2,11:01 PM,5:58,Chandler REBOUND (Off:2 Def:2),,,,,4.0,2199,Tyson Chandler,1610612756.0,Phoenix,Suns,PHX,0,0,,,,,,0,0,,,,,,1
210,0021500014,237,2,1,2,11:01 PM,5:45,MISS Bledsoe 19' Jump Shot,,,,,4.0,202339,Eric Bledsoe,1610612756.0,Phoenix,Suns,PHX,0,0,,,,,,0,0,,,,,,1
211,0021500014,238,4,0,2,11:01 PM,5:43,,,Pachulia REBOUND (Off:1 Def:3),,,5.0,2585,Zaza Pachulia,1610612742.0,Dallas,Mavericks,DAL,0,0,,,,,,0,0,,,,,,1
212,0021500014,239,1,1,2,11:01 PM,5:37,,,Villanueva 24' 3PT Jump Shot (5 PTS) (D. Williams 2 AST),39 - 34,-5,5.0,101111,Charlie Villanueva,1610612742.0,Dallas,Mavericks,DAL,5,101114,Deron Williams,1610612742.0,Dallas,Mavericks,DAL,0,0,,,,,,1
213,0021500014,240,1,42,2,11:02 PM,5:23,Goodwin 2' Driving Layup (2 PTS),,,39 - 36,-3,4.0,203462,Archie Goodwin,1610612756.0,Phoenix,Suns,PHX,0,0,,,,,,0,0,,,,,,1
214,0021500014,241,2,1,2,11:02 PM,5:12,,,MISS Felton 20' Jump Shot,,,5.0,101109,Raymond Felton,1610612742.0,Dallas,Mavericks,DAL,0,0,,,,,,0,0,,,,,,1
215,0021500014,242,4,0,2,11:02 PM,5:10,Leuer REBOUND (Off:2 Def:2),,,,,4.0,202720,Jon Leuer,1610612756.0,Phoenix,Suns,PHX,0,0,,,,,,0,0,,,,,,1
216,0021500014,243,2,1,2,11:02 PM,5:01,MISS Leuer 24' 3PT Jump Shot,,,,,4.0,202720,Jon Leuer,1610612756.0,Phoenix,Suns,PHX,0,0,,,,,,0,0,,,,,,1
217,0021500014,244,4,0,2,11:02 PM,4:59,,,Pachulia REBOUND (Off:1 Def:4),,,5.0,2585,Zaza Pachulia,1610612742.0,Dallas,Mavericks,DAL,0,0,,,,,,0,0,,,,,,1
218,0021500014,245,9,1,2,11:02 PM,4:54,,,Mavericks Timeout: Regular (Reg.2 Short 0),,,3.0,1610612742,,,,,,0,0,,,,,,0,0,,,,,,0
219,0021500014,247,8,0,2,11:04 PM,4:54,SUB: Teletovic FOR Leuer,,,,,4.0,202720,Jon Leuer,1610612756.0,Phoenix,Suns,PHX,4,203141,Mirza Teletovic,1610612756.0,Phoenix,Suns,PHX,0,0,,,,,,0
220,0021500014,248,8,0,2,11:04 PM,4:54,SUB: Knight FOR Booker,,,,,4.0,1626164,Devin Booker,1610612756.0,Phoenix,Suns,PHX,4,202688,Brandon Knight,1610612756.0,Phoenix,Suns,PHX,0,0,,,,,,0
221,0021500014,250,6,2,2,11:05 PM,4:47,Chandler S.FOUL (P3.PN) (C.Blair),,,,,4.0,2199,Tyson Chandler,1610612756.0,Phoenix,Suns,PHX,5,2585,Zaza Pachulia,1610612742.0,Dallas,Mavericks,DAL,1,0,,,,,,1
222,0021500014,251,3,11,2,11:05 PM,4:47,,,Pachulia Free Throw 1 of 2 (7 PTS),40 - 36,-4,5.0,2585,Zaza Pachulia,1610612742.0,Dallas,Mavericks,DAL,0,0,,,,,,0,0,,,,,,0
223,0021500014,253,8,0,2,11:05 PM,4:47,SUB: Len FOR Chandler,,,,,4.0,2199,Tyson Chandler,1610612756.0,Phoenix,Suns,PHX,4,203458,Alex Len,1610612756.0,Phoenix,Suns,PHX,0,0,,,,,,0
224,0021500014,254,8,0,2,11:05 PM,4:47,,,SUB: Evans FOR Matthews,,,5.0,202083,Wesley Matthews,1610612742.0,Dallas,Mavericks,DAL,5,202379,Jeremy Evans,1610612742.0,Dallas,Mavericks,DAL,0,0,,,,,,0
225,0021500014,255,3,12,2,11:06 PM,4:47,,,Pachulia Free Throw 2 of 2 (8 PTS),41 - 36,-5,5.0,2585,Zaza Pachulia,1610612742.0,Dallas,Mavericks,DAL,0,0,,,,,,0,0,,,,,,0
226,0021500014,257,6,2,2,11:06 PM,4:36,,,Pachulia S.FOUL (P2.T4) (T.Washington),,,5.0,2585,Zaza Pachulia,1610612742.0,Dallas,Mavericks,DAL,4,203462,Archie Goodwin,1610612756.0,Phoenix,Suns,PHX,1,0,,,,,,1
227,0021500014,258,3,11,2,11:06 PM,4:36,Goodwin Free Throw 1 of 2 (3 PTS),,,41 - 37,-4,4.0,203462,Archie Goodwin,1610612756.0,Phoenix,Suns,PHX,0,0,,,,,,0,0,,,,,,0
228,0021500014,260,8,0,2,11:06 PM,4:36,,,SUB: Powell FOR Pachulia,,,5.0,2585,Zaza Pachulia,1610612742.0,Dallas,Mavericks,DAL,5,203939,Dwight Powell,1610612742.0,Dallas,Mavericks,DAL,0,0,,,,,,0
229,0021500014,261,3,12,2,11:07 PM,4:36,Goodwin Free Throw 2 of 2 (4 PTS),,,41 - 38,-3,4.0,203462,Archie Goodwin,1610612756.0,Phoenix,Suns,PHX,0,0,,,,,,0,0,,,,,,0
230,0021500014,263,2,1,2,11:07 PM,4:22,,,MISS D. Williams 21' Jump Shot,,,5.0,101114,Deron Williams,1610612742.0,Dallas,Mavericks,DAL,0,0,,,,,,0,0,,,,,,1
231,0021500014,264,4,0,2,11:07 PM,4:20,Len REBOUND (Off:3 Def:4),,,,,4.0,203458,Alex Len,1610612756.0,Phoenix,Suns,PHX,0,0,,,,,,0,0,,,,,,1
232,0021500014,265,1,1,2,11:07 PM,4:04,Goodwin 24' 3PT Jump Shot (7 PTS) (Bledsoe 3 AST),,,41 - 41,TIE,4.0,203462,Archie Goodwin,1610612756.0,Phoenix,Suns,PHX,4,202339,Eric Bledsoe,1610612756.0,Phoenix,Suns,PHX,0,0,,,,,,1
233,0021500014,266,1,66,2,11:07 PM,3:47,,,D. Williams 8' Jump Bank Shot (10 PTS) (Felton 1 AST),43 - 41,-2,5.0,101114,Deron Williams,1610612742.0,Dallas,Mavericks,DAL,5,101109,Raymond Felton,1610612742.0,Dallas,Mavericks,DAL,0,0,,,,,,1
234,0021500014,267,2,1,2,11:08 PM,3:40,MISS Teletovic 24' 3PT Jump Shot,,,,,4.0,203141,Mirza Teletovic,1610612756.0,Phoenix,Suns,PHX,0,0,,,,,,0,0,,,,,,1
235,0021500014,268,4,0,2,11:08 PM,3:37,,,Evans REBOUND (Off:0 Def:1),,,5.0,202379,Jeremy Evans,1610612742.0,Dallas,Mavericks,DAL,0,0,,,,,,0,0,,,,,,1
236,0021500014,269,1,5,2,11:08 PM,3:32,,,Felton 1' Layup (6 PTS) (D. Williams 3 AST),45 - 41,-4,5.0,101109,Raymond Felton,1610612742.0,Dallas,Mavericks,DAL,5,101114,Deron Williams,1610612742.0,Dallas,Mavericks,DAL,0,0,,,,,,1
237,0021500014,270,2,47,2,11:08 PM,3:08,MISS Len 12' Turnaround Jump Shot,,,,,4.0,203458,Alex Len,1610612756.0,Phoenix,Suns,PHX,0,0,,,,,,0,0,,,,,,1
238,0021500014,271,4,0,2,11:08 PM,3:06,,,Powell REBOUND (Off:0 Def:5),,,5.0,203939,Dwight Powell,1610612742.0,Dallas,Mavericks,DAL,0,0,,,,,,0,0,,,,,,1
239,0021500014,272,1,5,2,11:08 PM,2:59,,,Powell 1' Layup (5 PTS) (Felton 2 AST),47 - 41,-6,5.0,203939,Dwight Powell,1610612742.0,Dallas,Mavericks,DAL,5,101109,Raymond Felton,1610612742.0,Dallas,Mavericks,DAL,0,0,,,,,,1
240,0021500014,273,9,1,2,11:08 PM,2:53,SUNS Timeout: Regular (Full 2 Short 0),,,,,2.0,1610612756,,,,,,0,0,,,,,,0,0,,,,,,0
241,0021500014,276,8,0,2,11:11 PM,2:53,,,SUB: Harris FOR D. Williams,,,5.0,101114,Deron Williams,1610612742.0,Dallas,Mavericks,DAL,5,2734,Devin Harris,1610612742.0,Dallas,Mavericks,DAL,0,0,,,,,,0
242,0021500014,277,6,2,2,11:11 PM,2:44,,,Villanueva S.FOUL (P2.PN) (C.Blair),,,5.0,101111,Charlie Villanueva,1610612742.0,Dallas,Mavericks,DAL,4,202339,Eric Bledsoe,1610612756.0,Phoenix,Suns,PHX,1,0,,,,,,1
243,0021500014,278,3,11,2,11:11 PM,2:44,Bledsoe Free Throw 1 of 2 (6 PTS),,,47 - 42,-5,4.0,202339,Eric Bledsoe,1610612756.0,Phoenix,Suns,PHX,0,0,,,,,,0,0,,,,,,0
244,0021500014,280,3,12,2,11:11 PM,2:44,Bledsoe Free Throw 2 of 2 (7 PTS),,,47 - 43,-4,4.0,202339,Eric Bledsoe,1610612756.0,Phoenix,Suns,PHX,0,0,,,,,,0,0,,,,,,0
245,0021500014,282,2,1,2,11:12 PM,2:29,,,MISS Villanueva 25' 3PT Jump Shot,,,5.0,101111,Charlie Villanueva,1610612742.0,Dallas,Mavericks,DAL,0,0,,,,,,0,0,,,,,,1
246,0021500014,283,4,0,2,11:12 PM,2:26,Goodwin REBOUND (Off:0 Def:1),,,,,4.0,203462,Archie Goodwin,1610612756.0,Phoenix,Suns,PHX,0,0,,,,,,0,0,,,,,,1
247,0021500014,284,2,1,2,11:12 PM,2:19,MISS Knight 25' 3PT Jump Shot,,,,,4.0,202688,Brandon Knight,1610612756.0,Phoenix,Suns,PHX,0,0,,,,,,0,0,,,,,,1
248,0021500014,285,4,0,2,11:12 PM,2:17,,,Evans REBOUND (Off:0 Def:2),,,5.0,202379,Jeremy Evans,1610612742.0,Dallas,Mavericks,DAL,0,0,,,,,,0,0,,,,,,1
249,0021500014,286,2,1,2,11:12 PM,2:02,,,MISS Harris 25' 3PT Jump Shot,,,5.0,2734,Devin Harris,1610612742.0,Dallas,Mavericks,DAL,0,0,,,,,,0,0,,,,,,1
250,0021500014,287,4,0,2,11:12 PM,2:00,Goodwin REBOUND (Off:0 Def:2),,,,,4.0,203462,Archie Goodwin,1610612756.0,Phoenix,Suns,PHX,0,0,,,,,,0,0,,,,,,1
251,0021500014,288,2,1,2,11:12 PM,1:53,MISS Teletovic 26' 3PT Jump Shot,,,,,4.0,203141,Mirza Teletovic,1610612756.0,Phoenix,Suns,PHX,0,0,,,,,,0,0,,,,,,1
252,0021500014,289,4,0,2,11:12 PM,1:51,,,Powell REBOUND (Off:0 Def:6),,,5.0,203939,Dwight Powell,1610612742.0,Dallas,Mavericks,DAL,0,0,,,,,,0,0,,,,,,1
253,0021500014,290,1,1,2,11:13 PM,1:39,,,Villanueva 22' Jump Shot (7 PTS) (Powell 1 AST),49 - 43,-6,5.0,101111,Charlie Villanueva,1610612742.0,Dallas,Mavericks,DAL,5,203939,Dwight Powell,1610612742.0,Dallas,Mavericks,DAL,0,0,,,,,,1
254,0021500014,292,8,0,2,11:13 PM,1:25,SUB: Tucker FOR Teletovic,,,,,4.0,203141,Mirza Teletovic,1610612756.0,Phoenix,Suns,PHX,4,200782,P.J. Tucker,1610612756.0,Phoenix,Suns,PHX,0,0,,,,,,0
255,0021500014,293,6,1,2,11:13 PM,1:25,,,Powell P.FOUL (P3.PN) (D.Collins),,,5.0,203939,Dwight Powell,1610612742.0,Dallas,Mavericks,DAL,4,202688,Brandon Knight,1610612756.0,Phoenix,Suns,PHX,1,0,,,,,,1
256,0021500014,294,3,11,2,11:14 PM,1:25,Knight Free Throw 1 of 2 (8 PTS),,,49 - 44,-5,4.0,202688,Brandon Knight,1610612756.0,Phoenix,Suns,PHX,0,0,,,,,,0,0,,,,,,0
257,0021500014,296,8,0,2,11:14 PM,1:25,,,SUB: Pachulia FOR Powell,,,5.0,203939,Dwight Powell,1610612742.0,Dallas,Mavericks,DAL,5,2585,Zaza Pachulia,1610612742.0,Dallas,Mavericks,DAL,0,0,,,,,,0
258,0021500014,297,3,12,2,11:14 PM,1:25,Knight Free Throw 2 of 2 (9 PTS),,,49 - 45,-4,4.0,202688,Brandon Knight,1610612756.0,Phoenix,Suns,PHX,0,0,,,,,,0,0,,,,,,0
259,0021500014,299,1,1,2,11:14 PM,1:06,,,Villanueva 25' 3PT Jump Shot (10 PTS) (Harris 1 AST),52 - 45,-7,5.0,101111,Charlie Villanueva,1610612742.0,Dallas,Mavericks,DAL,5,2734,Devin Harris,1610612742.0,Dallas,Mavericks,DAL,0,0,,,,,,1
260,0021500014,300,6,26,2,11:15 PM,0:58,Knight Offensive Charge Foul (P2.PN) (C.Blair),,,,,4.0,202688,Brandon Knight,1610612756.0,Phoenix,Suns,PHX,5,2734,Devin Harris,1610612742.0,Dallas,Mavericks,DAL,1,0,,,,,,1
261,0021500014,301,5,5,2,11:15 PM,0:58,Knight Foul Turnover (P4.T9),,,,,4.0,202688,Brandon Knight,1610612756.0,Phoenix,Suns,PHX,0,0,,,,,,1,0,,,,,,1
262,0021500014,302,6,1,2,11:15 PM,0:40,Bledsoe P.FOUL (P2.PN) (C.Blair),,,,,4.0,202339,Eric Bledsoe,1610612756.0,Phoenix,Suns,PHX,5,2734,Devin Harris,1610612742.0,Dallas,Mavericks,DAL,1,0,,,,,,1
263,0021500014,303,3,11,2,11:16 PM,0:40,,,Harris Free Throw 1 of 2 (3 PTS),53 - 45,-8,5.0,2734,Devin Harris,1610612742.0,Dallas,Mavericks,DAL,0,0,,,,,,0,0,,,,,,0
264,0021500014,305,8,0,2,11:16 PM,0:40,,,SUB: Matthews FOR Villanueva,,,5.0,101111,Charlie Villanueva,1610612742.0,Dallas,Mavericks,DAL,5,202083,Wesley Matthews,1610612742.0,Dallas,Mavericks,DAL,0,0,,,,,,0
265,0021500014,306,3,12,2,11:16 PM,0:40,,,Harris Free Throw 2 of 2 (4 PTS),54 - 45,-9,5.0,2734,Devin Harris,1610612742.0,Dallas,Mavericks,DAL,0,0,,,,,,0,0,,,,,,0
266,0021500014,309,2,1,2,11:17 PM,0:25,MISS Goodwin 6' Jump Shot,,Evans BLOCK (1 BLK),,,4.0,203462,Archie Goodwin,1610612756.0,Phoenix,Suns,PHX,0,0,,,,,,5,202379,Jeremy Evans,1610612742.0,Dallas,Mavericks,DAL,1
267,0021500014,310,4,0,2,11:17 PM,0:25,SUNS Rebound,,,,,2.0,1610612756,,,,,,0,0,,,,,,0,0,,,,,,0
268,0021500014,312,9,2,2,11:17 PM,0:22,SUNS Timeout: Short (Full 2 Short 1),,,,,2.0,1610612756,,,,,,0,0,,,,,,0,0,,,,,,0
269,0021500014,316,5,1,2,11:19 PM,0:16,Len Bad Pass Turnover (P1.T10),,Evans STEAL (1 STL),,,4.0,203458,Alex Len,1610612756.0,Phoenix,Suns,PHX,5,202379,Jeremy Evans,1610612742.0,Dallas,Mavericks,DAL,0,0,,,,,,1
270,0021500014,317,2,1,2,11:19 PM,0:01,,,MISS Felton 19' Jump Shot,,,5.0,101109,Raymond Felton,1610612742.0,Dallas,Mavericks,DAL,0,0,,,,,,0,0,,,,,,1
271,0021500014,318,4,0,2,11:19 PM,0:00,Knight REBOUND (Off:1 Def:3),,,,,4.0,202688,Brandon Knight,1610612756.0,Phoenix,Suns,PHX,0,0,,,,,,0,0,,,,,,1
272,0021500014,319,13,0,2,11:19 PM,0:00,,,,54 - 45,-9,0.0,0,,,,,,0,0,,,,,,0,0,,,,,,0
273,0021500014,321,12,0,3,11:35 PM,12:00,,,,54 - 45,-9,0.0,0,,,,,,0,0,,,,,,0,0,,,,,,0
274,0021500014,322,2,44,3,11:35 PM,11:44,MISS Tucker 2' Reverse Layup,,Pachulia BLOCK (1 BLK),,,4.0,200782,P.J. Tucker,1610612756.0,Phoenix,Suns,PHX,0,0,,,,,,5,2585,Zaza Pachulia,1610612742.0,Dallas,Mavericks,DAL,1
275,0021500014,323,4,0,3,11:35 PM,11:43,SUNS Rebound,,,,,2.0,1610612756,,,,,,0,0,,,,,,0,0,,,,,,0
276,0021500014,324,2,1,3,11:36 PM,11:40,MISS Mark Morris 13' Jump Shot,,,,,4.0,202693,Markieff Morris,1610612756.0,Phoenix,Suns,PHX,0,0,,,,,,0,0,,,,,,1
277,0021500014,325,4,0,3,11:36 PM,11:38,Tucker REBOUND (Off:1 Def:0),,,,,4.0,200782,P.J. Tucker,1610612756.0,Phoenix,Suns,PHX,0,0,,,,,,0,0,,,,,,1
278,0021500014,328,6,2,3,11:36 PM,11:35,,,Nowitzki S.FOUL (P2.T1) (C.Blair),,,5.0,1717,Dirk Nowitzki,1610612742.0,Dallas,Mavericks,DAL,4,2199,Tyson Chandler,1610612756.0,Phoenix,Suns,PHX,1,0,,,,,,1
279,0021500014,329,3,11,3,11:36 PM,11:35,Chandler Free Throw 1 of 2 (3 PTS),,,54 - 46,-8,4.0,2199,Tyson Chandler,1610612756.0,Phoenix,Suns,PHX,0,0,,,,,,0,0,,,,,,0
280,0021500014,331,3,12,3,11:36 PM,11:35,MISS Chandler Free Throw 2 of 2,,,,,4.0,2199,Tyson Chandler,1610612756.0,Phoenix,Suns,PHX,0,0,,,,,,0,0,,,,,,0
281,0021500014,333,4,0,3,11:36 PM,11:34,,,Pachulia REBOUND (Off:1 Def:5),,,5.0,2585,Zaza Pachulia,1610612742.0,Dallas,Mavericks,DAL,0,0,,,,,,0,0,,,,,,1
282,0021500014,334,1,1,3,11:37 PM,11:21,,,Nowitzki 17' Jump Shot (4 PTS) (D. Williams 4 AST),56 - 46,-10,5.0,1717,Dirk Nowitzki,1610612742.0,Dallas,Mavericks,DAL,5,101114,Deron Williams,1610612742.0,Dallas,Mavericks,DAL,0,0,,,,,,1
283,0021500014,335,6,2,3,11:37 PM,11:11,,,D. Williams S.FOUL (P2.T2) (T.Washington),,,5.0,101114,Deron Williams,1610612742.0,Dallas,Mavericks,DAL,4,202339,Eric Bledsoe,1610612756.0,Phoenix,Suns,PHX,1,0,,,,,,1
284,0021500014,336,3,11,3,11:37 PM,11:11,MISS Bledsoe Free Throw 1 of 2,,,,,4.0,202339,Eric Bledsoe,1610612756.0,Phoenix,Suns,PHX,0,0,,,,,,0,0,,,,,,0
285,0021500014,337,4,1,3,11:37 PM,11:11,SUNS Rebound,,,,,2.0,1610612756,,,,,,0,0,,,,,,0,0,,,,,,0
286,0021500014,338,3,12,3,11:37 PM,11:11,Bledsoe Free Throw 2 of 2 (8 PTS),,,56 - 47,-9,4.0,202339,Eric Bledsoe,1610612756.0,Phoenix,Suns,PHX,0,0,,,,,,0,0,,,,,,0
287,0021500014,340,1,1,3,11:38 PM,10:57,,,Matthews 25' 3PT Jump Shot (7 PTS) (D. Williams 5 AST),59 - 47,-12,5.0,202083,Wesley Matthews,1610612742.0,Dallas,Mavericks,DAL,5,101114,Deron Williams,1610612742.0,Dallas,Mavericks,DAL,0,0,,,,,,1
288,0021500014,341,2,5,3,11:38 PM,10:43,MISS Mark Morris 2' Layup,,,,,4.0,202693,Markieff Morris,1610612756.0,Phoenix,Suns,PHX,0,0,,,,,,0,0,,,,,,1
289,0021500014,342,4,0,3,11:38 PM,10:37,Chandler REBOUND (Off:3 Def:2),,,,,4.0,2199,Tyson Chandler,1610612756.0,Phoenix,Suns,PHX,0,0,,,,,,0,0,,,,,,1
290,0021500014,343,2,97,3,11:38 PM,10:36,MISS Chandler 2' Tip Layup Shot,,,,,4.0,2199,Tyson Chandler,1610612756.0,Phoenix,Suns,PHX,0,0,,,,,,0,0,,,,,,1
291,0021500014,344,4,0,3,11:38 PM,10:35,,,Nowitzki REBOUND (Off:0 Def:5),,,5.0,1717,Dirk Nowitzki,1610612742.0,Dallas,Mavericks,DAL,0,0,,,,,,0,0,,,,,,1
292,0021500014,345,1,1,3,11:38 PM,10:34,,,Nowitzki 24' 3PT Jump Shot (7 PTS) (Felton 3 AST),62 - 47,-15,5.0,1717,Dirk Nowitzki,1610612742.0,Dallas,Mavericks,DAL,5,101109,Raymond Felton,1610612742.0,Dallas,Mavericks,DAL,0,0,,,,,,1
293,0021500014,346,2,1,3,11:38 PM,10:20,MISS Knight 21' Jump Shot,,,,,4.0,202688,Brandon Knight,1610612756.0,Phoenix,Suns,PHX,0,0,,,,,,0,0,,,,,,1
294,0021500014,347,4,0,3,11:38 PM,10:18,,,Nowitzki REBOUND (Off:0 Def:6),,,5.0,1717,Dirk Nowitzki,1610612742.0,Dallas,Mavericks,DAL,0,0,,,,,,0,0,,,,,,1
295,0021500014,348,2,1,3,11:38 PM,10:09,,,MISS Nowitzki 20' Jump Shot,,,5.0,1717,Dirk Nowitzki,1610612742.0,Dallas,Mavericks,DAL,0,0,,,,,,0,0,,,,,,1
296,0021500014,349,4,0,3,11:38 PM,10:08,,,Pachulia REBOUND (Off:2 Def:5),,,5.0,2585,Zaza Pachulia,1610612742.0,Dallas,Mavericks,DAL,0,0,,,,,,0,0,,,,,,1
297,0021500014,350,1,5,3,11:39 PM,10:06,,,Nowitzki 2' Layup (9 PTS) (Pachulia 2 AST),64 - 47,-17,5.0,1717,Dirk Nowitzki,1610612742.0,Dallas,Mavericks,DAL,5,2585,Zaza Pachulia,1610612742.0,Dallas,Mavericks,DAL,0,0,,,,,,1
298,0021500014,351,9,1,3,11:39 PM,10:06,SUNS Timeout: Regular (Full 3 Short 1),,,,,2.0,1610612756,,,,,,0,0,,,,,,0,0,,,,,,0
299,0021500014,356,2,1,3,11:41 PM,9:51,MISS Tucker 25' 3PT Jump Shot,,,,,4.0,200782,P.J. Tucker,1610612756.0,Phoenix,Suns,PHX,0,0,,,,,,0,0,,,,,,1
300,0021500014,357,4,0,3,11:41 PM,9:49,,,Pachulia REBOUND (Off:2 Def:6),,,5.0,2585,Zaza Pachulia,1610612742.0,Dallas,Mavericks,DAL,0,0,,,,,,0,0,,,,,,1
301,0021500014,358,2,1,3,11:42 PM,9:33,,,MISS Matthews 21' Jump Shot,,,5.0,202083,Wesley Matthews,1610612742.0,Dallas,Mavericks,DAL,0,0,,,,,,0,0,,,,,,1
302,0021500014,359,4,0,3,11:42 PM,9:32,Knight REBOUND (Off:1 Def:4),,,,,4.0,202688,Brandon Knight,1610612756.0,Phoenix,Suns,PHX,0,0,,,,,,0,0,,,,,,1
303,0021500014,360,1,42,3,11:42 PM,9:27,Knight  Driving Layup (11 PTS),,,64 - 49,-15,4.0,202688,Brandon Knight,1610612756.0,Phoenix,Suns,PHX,0,0,,,,,,0,0,,,,,,1
304,0021500014,361,1,1,3,11:42 PM,9:07,,,Nowitzki 22' Jump Shot (11 PTS) (Felton 4 AST),66 - 49,-17,5.0,1717,Dirk Nowitzki,1610612742.0,Dallas,Mavericks,DAL,5,101109,Raymond Felton,1610612742.0,Dallas,Mavericks,DAL,0,0,,,,,,1
305,0021500014,362,6,2,3,11:42 PM,8:59,,,Matthews S.FOUL (P1.T3) (C.Blair),,,5.0,202083,Wesley Matthews,1610612742.0,Dallas,Mavericks,DAL,4,202693,Markieff Morris,1610612756.0,Phoenix,Suns,PHX,1,0,,,,,,1
306,0021500014,363,3,11,3,11:42 PM,8:59,Mark Morris Free Throw 1 of 2 (3 PTS),,,66 - 50,-16,4.0,202693,Markieff Morris,1610612756.0,Phoenix,Suns,PHX,0,0,,,,,,0,0,,,,,,0
307,0021500014,365,3,12,3,11:43 PM,8:59,Mark Morris Free Throw 2 of 2 (4 PTS),,,66 - 51,-15,4.0,202693,Markieff Morris,1610612756.0,Phoenix,Suns,PHX,0,0,,,,,,0,0,,,,,,0
308,0021500014,367,2,3,3,11:43 PM,8:45,,,MISS Pachulia 5' Hook Shot,,,5.0,2585,Zaza Pachulia,1610612742.0,Dallas,Mavericks,DAL,0,0,,,,,,0,0,,,,,,1
309,0021500014,368,4,0,3,11:43 PM,8:44,Chandler REBOUND (Off:3 Def:3),,,,,4.0,2199,Tyson Chandler,1610612756.0,Phoenix,Suns,PHX,0,0,,,,,,0,0,,,,,,1
310,0021500014,369,6,2,3,11:43 PM,8:40,,,Matthews S.FOUL (P2.T4) (D.Collins),,,5.0,202083,Wesley Matthews,1610612742.0,Dallas,Mavericks,DAL,4,200782,P.J. Tucker,1610612756.0,Phoenix,Suns,PHX,1,0,,,,,,1
311,0021500014,370,3,11,3,11:43 PM,8:40,MISS Tucker Free Throw 1 of 2,,,,,4.0,200782,P.J. Tucker,1610612756.0,Phoenix,Suns,PHX,0,0,,,,,,0,0,,,,,,0
312,0021500014,371,4,1,3,11:43 PM,8:40,SUNS Rebound,,,,,2.0,1610612756,,,,,,0,0,,,,,,0,0,,,,,,0
313,0021500014,372,3,12,3,11:44 PM,8:40,MISS Tucker Free Throw 2 of 2,,,,,4.0,200782,P.J. Tucker,1610612756.0,Phoenix,Suns,PHX,0,0,,,,,,0,0,,,,,,0
314,0021500014,374,4,0,3,11:44 PM,8:40,,,Nowitzki REBOUND (Off:0 Def:7),,,5.0,1717,Dirk Nowitzki,1610612742.0,Dallas,Mavericks,DAL,0,0,,,,,,0,0,,,,,,1
315,0021500014,375,1,42,3,11:44 PM,8:29,,,Matthews 2' Driving Layup (9 PTS),68 - 51,-17,5.0,202083,Wesley Matthews,1610612742.0,Dallas,Mavericks,DAL,0,0,,,,,,0,0,,,,,,1
316,0021500014,376,5,1,3,11:44 PM,8:17,Knight Bad Pass Turnover (P5.T11),,Nowitzki STEAL (1 STL),,,4.0,202688,Brandon Knight,1610612756.0,Phoenix,Suns,PHX,5,1717,Dirk Nowitzki,1610612742.0,Dallas,Mavericks,DAL,0,0,,,,,,1
317,0021500014,377,2,5,3,11:44 PM,8:13,,,MISS Felton 1' Layup,,,5.0,101109,Raymond Felton,1610612742.0,Dallas,Mavericks,DAL,0,0,,,,,,0,0,,,,,,1
318,0021500014,378,4,0,3,11:44 PM,8:10,,,Nowitzki REBOUND (Off:1 Def:7),,,5.0,1717,Dirk Nowitzki,1610612742.0,Dallas,Mavericks,DAL,0,0,,,,,,0,0,,,,,,1
319,0021500014,379,1,78,3,11:44 PM,8:06,,,D. Williams 7' Floating Jump Shot (12 PTS),70 - 51,-19,5.0,101114,Deron Williams,1610612742.0,Dallas,Mavericks,DAL,0,0,,,,,,0,0,,,,,,1
320,0021500014,380,2,1,3,11:45 PM,7:53,MISS Bledsoe 19' Jump Shot,,,,,4.0,202339,Eric Bledsoe,1610612756.0,Phoenix,Suns,PHX,0,0,,,,,,0,0,,,,,,1
321,0021500014,381,4,0,3,11:45 PM,7:51,,,Felton REBOUND (Off:0 Def:1),,,5.0,101109,Raymond Felton,1610612742.0,Dallas,Mavericks,DAL,0,0,,,,,,0,0,,,,,,1
322,0021500014,382,6,1,3,11:45 PM,7:45,Mark Morris P.FOUL (P4.T1) (D.Collins),,,,,4.0,202693,Markieff Morris,1610612756.0,Phoenix,Suns,PHX,5,2585,Zaza Pachulia,1610612742.0,Dallas,Mavericks,DAL,1,0,,,,,,1
323,0021500014,383,8,0,3,11:45 PM,7:45,SUB: Warren FOR Tucker,,,,,4.0,200782,P.J. Tucker,1610612756.0,Phoenix,Suns,PHX,4,203933,T.J. Warren,1610612756.0,Phoenix,Suns,PHX,0,0,,,,,,0
324,0021500014,385,9,2,3,11:46 PM,7:36,,,Mavericks Timeout: Short (Reg.2 Short 1),,,3.0,1610612742,,,,,,0,0,,,,,,0,0,,,,,,0
325,0021500014,387,8,0,3,11:46 PM,7:36,,,SUB: Harris FOR D. Williams,,,5.0,101114,Deron Williams,1610612742.0,Dallas,Mavericks,DAL,5,2734,Devin Harris,1610612742.0,Dallas,Mavericks,DAL,0,0,,,,,,0
326,0021500014,390,6,2,3,11:47 PM,7:34,Mark Morris S.FOUL (P5.T2) (C.Blair),,,,,4.0,202693,Markieff Morris,1610612756.0,Phoenix,Suns,PHX,5,2585,Zaza Pachulia,1610612742.0,Dallas,Mavericks,DAL,1,0,,,,,,1
327,0021500014,391,3,11,3,11:48 PM,7:34,,,Pachulia Free Throw 1 of 2 (9 PTS),71 - 51,-20,5.0,2585,Zaza Pachulia,1610612742.0,Dallas,Mavericks,DAL,0,0,,,,,,0,0,,,,,,0
328,0021500014,393,8,0,3,11:48 PM,7:34,SUB: Leuer FOR Mark Morris,,,,,4.0,202693,Markieff Morris,1610612756.0,Phoenix,Suns,PHX,4,202720,Jon Leuer,1610612756.0,Phoenix,Suns,PHX,0,0,,,,,,0
329,0021500014,394,3,12,3,11:48 PM,7:34,,,Pachulia Free Throw 2 of 2 (10 PTS),72 - 51,-21,5.0,2585,Zaza Pachulia,1610612742.0,Dallas,Mavericks,DAL,0,0,,,,,,0,0,,,,,,0
330,0021500014,396,5,2,3,11:48 PM,7:22,Bledsoe Lost Ball Turnover (P1.T12),,Matthews STEAL (1 STL),,,4.0,202339,Eric Bledsoe,1610612756.0,Phoenix,Suns,PHX,5,202083,Wesley Matthews,1610612742.0,Dallas,Mavericks,DAL,0,0,,,,,,1
331,0021500014,397,1,5,3,11:48 PM,7:18,,,Harris 1' Layup (6 PTS) (Felton 5 AST),74 - 51,-23,5.0,2734,Devin Harris,1610612742.0,Dallas,Mavericks,DAL,5,101109,Raymond Felton,1610612742.0,Dallas,Mavericks,DAL,0,0,,,,,,1
332,0021500014,398,1,1,3,11:49 PM,7:03,Warren 14' Jump Shot (7 PTS) (Leuer 1 AST),,,74 - 53,-21,4.0,203933,T.J. Warren,1610612756.0,Phoenix,Suns,PHX,4,202720,Jon Leuer,1610612756.0,Phoenix,Suns,PHX,0,0,,,,,,1
333,0021500014,399,1,42,3,11:49 PM,6:53,,,Felton 2' Driving Layup (8 PTS),76 - 53,-23,5.0,101109,Raymond Felton,1610612742.0,Dallas,Mavericks,DAL,0,0,,,,,,0,0,,,,,,1
334,0021500014,401,8,0,3,11:49 PM,6:41,SUB: Booker FOR Bledsoe,,,,,4.0,202339,Eric Bledsoe,1610612756.0,Phoenix,Suns,PHX,4,1626164,Devin Booker,1610612756.0,Phoenix,Suns,PHX,0,0,,,,,,0
335,0021500014,402,8,0,3,11:49 PM,6:41,SUB: Len FOR Chandler,,,,,4.0,2199,Tyson Chandler,1610612756.0,Phoenix,Suns,PHX,4,203458,Alex Len,1610612756.0,Phoenix,Suns,PHX,0,0,,,,,,0
336,0021500014,403,8,0,3,11:49 PM,6:41,,,SUB: Evans FOR Matthews,,,5.0,202083,Wesley Matthews,1610612742.0,Dallas,Mavericks,DAL,5,202379,Jeremy Evans,1610612742.0,Dallas,Mavericks,DAL,0,0,,,,,,0
337,0021500014,404,5,4,3,11:49 PM,6:39,Len Traveling Turnover (P2.T13),,,,,4.0,203458,Alex Len,1610612756.0,Phoenix,Suns,PHX,0,0,,,,,,1,0,,,,,,1
338,0021500014,405,1,1,3,11:50 PM,6:20,,,Evans  3PT Jump Shot (3 PTS) (Nowitzki 2 AST),79 - 53,-26,5.0,202379,Jeremy Evans,1610612742.0,Dallas,Mavericks,DAL,5,1717,Dirk Nowitzki,1610612742.0,Dallas,Mavericks,DAL,0,0,,,,,,1
339,0021500014,406,1,78,3,11:50 PM,6:04,Warren 8' Floating Jump Shot (9 PTS),,,79 - 55,-24,4.0,203933,T.J. Warren,1610612756.0,Phoenix,Suns,PHX,0,0,,,,,,0,0,,,,,,1
340,0021500014,407,1,78,3,11:51 PM,5:44,,,Felton 9' Floating Jump Shot (10 PTS),81 - 55,-26,5.0,101109,Raymond Felton,1610612742.0,Dallas,Mavericks,DAL,0,0,,,,,,0,0,,,,,,1
341,0021500014,408,5,4,3,11:51 PM,5:32,Warren Traveling Turnover (P1.T14),,,,,4.0,203933,T.J. Warren,1610612756.0,Phoenix,Suns,PHX,0,0,,,,,,1,0,,,,,,1
342,0021500014,409,8,0,3,11:51 PM,5:32,,,SUB: Powell FOR Nowitzki,,,5.0,1717,Dirk Nowitzki,1610612742.0,Dallas,Mavericks,DAL,5,203939,Dwight Powell,1610612742.0,Dallas,Mavericks,DAL,0,0,,,,,,0
343,0021500014,410,2,1,3,11:51 PM,5:14,,,MISS Powell 5' Jump Shot,,,5.0,203939,Dwight Powell,1610612742.0,Dallas,Mavericks,DAL,0,0,,,,,,0,0,,,,,,1
344,0021500014,411,4,0,3,11:51 PM,5:12,,,Pachulia REBOUND (Off:3 Def:6),,,5.0,2585,Zaza Pachulia,1610612742.0,Dallas,Mavericks,DAL,0,0,,,,,,0,0,,,,,,1
345,0021500014,412,2,97,3,11:51 PM,5:12,,,MISS Pachulia 1' Tip Layup Shot,,,5.0,2585,Zaza Pachulia,1610612742.0,Dallas,Mavericks,DAL,0,0,,,,,,0,0,,,,,,1
346,0021500014,413,4,0,3,11:51 PM,5:12,SUNS Rebound,,,,,2.0,1610612756,,,,,,0,0,,,,,,0,0,,,,,,0
347,0021500014,414,6,3,3,11:51 PM,5:12,,,Powell L.B.FOUL (P4.PN) (T.Washington),,,5.0,203939,Dwight Powell,1610612742.0,Dallas,Mavericks,DAL,4,203458,Alex Len,1610612756.0,Phoenix,Suns,PHX,1,0,,,,,,1
348,0021500014,415,3,11,3,11:52 PM,5:12,MISS Len Free Throw 1 of 2,,,,,4.0,203458,Alex Len,1610612756.0,Phoenix,Suns,PHX,0,0,,,,,,0,0,,,,,,0
349,0021500014,416,4,1,3,11:52 PM,5:12,SUNS Rebound,,,,,2.0,1610612756,,,,,,0,0,,,,,,0,0,,,,,,0
350,0021500014,417,3,12,3,11:52 PM,5:12,Len Free Throw 2 of 2 (4 PTS),,,81 - 56,-25,4.0,203458,Alex Len,1610612756.0,Phoenix,Suns,PHX,0,0,,,,,,0,0,,,,,,0
351,0021500014,419,1,7,3,11:52 PM,4:59,,,Powell  Dunk (7 PTS) (Pachulia 3 AST),83 - 56,-27,5.0,203939,Dwight Powell,1610612742.0,Dallas,Mavericks,DAL,5,2585,Zaza Pachulia,1610612742.0,Dallas,Mavericks,DAL,0,0,,,,,,1
352,0021500014,420,2,1,3,11:53 PM,4:40,MISS Warren 18' Jump Shot,,,,,4.0,203933,T.J. Warren,1610612756.0,Phoenix,Suns,PHX,0,0,,,,,,0,0,,,,,,1
353,0021500014,421,4,0,3,11:53 PM,4:38,,,Pachulia REBOUND (Off:3 Def:7),,,5.0,2585,Zaza Pachulia,1610612742.0,Dallas,Mavericks,DAL,0,0,,,,,,0,0,,,,,,1
354,0021500014,422,2,44,3,11:53 PM,4:32,,,MISS Harris 3' Reverse Layup,,,5.0,2734,Devin Harris,1610612742.0,Dallas,Mavericks,DAL,0,0,,,,,,0,0,,,,,,1
355,0021500014,423,4,0,3,11:53 PM,4:31,Len REBOUND (Off:3 Def:5),,,,,4.0,203458,Alex Len,1610612756.0,Phoenix,Suns,PHX,0,0,,,,,,0,0,,,,,,1
356,0021500014,424,1,79,3,11:53 PM,4:23,Knight 12' Pullup Jump Shot (13 PTS),,,83 - 58,-25,4.0,202688,Brandon Knight,1610612756.0,Phoenix,Suns,PHX,0,0,,,,,,0,0,,,,,,1
357,0021500014,425,9,1,3,11:53 PM,4:22,,,Mavericks Timeout: Regular (Reg.3 Short 1),,,3.0,1610612742,,,,,,0,0,,,,,,0,0,,,,,,0
358,0021500014,427,8,0,3,11:55 PM,4:22,,,SUB: Villanueva FOR Felton,,,5.0,101109,Raymond Felton,1610612742.0,Dallas,Mavericks,DAL,5,101111,Charlie Villanueva,1610612742.0,Dallas,Mavericks,DAL,0,0,,,,,,0
359,0021500014,428,8,0,3,11:55 PM,4:22,,,SUB: Barea FOR Powell,,,5.0,203939,Dwight Powell,1610612742.0,Dallas,Mavericks,DAL,5,200826,J.J. Barea,1610612742.0,Dallas,Mavericks,DAL,0,0,,,,,,0
360,0021500014,429,8,0,3,11:55 PM,4:22,SUB: Bledsoe FOR Knight,,,,,4.0,202688,Brandon Knight,1610612756.0,Phoenix,Suns,PHX,4,202339,Eric Bledsoe,1610612756.0,Phoenix,Suns,PHX,0,0,,,,,,0
361,0021500014,430,5,4,3,11:56 PM,4:11,,,Harris Traveling Turnover (P2.T6),,,5.0,2734,Devin Harris,1610612742.0,Dallas,Mavericks,DAL,0,0,,,,,,1,0,,,,,,1
362,0021500014,431,2,44,3,11:56 PM,3:58,MISS Leuer 1' Reverse Layup,,,,,4.0,202720,Jon Leuer,1610612756.0,Phoenix,Suns,PHX,0,0,,,,,,0,0,,,,,,1
363,0021500014,432,4,0,3,11:56 PM,3:55,,,Evans REBOUND (Off:0 Def:3),,,5.0,202379,Jeremy Evans,1610612742.0,Dallas,Mavericks,DAL,0,0,,,,,,0,0,,,,,,1
364,0021500014,433,6,2,3,11:56 PM,3:42,Bledsoe S.FOUL (P3.T3) (C.Blair),,,,,4.0,202339,Eric Bledsoe,1610612756.0,Phoenix,Suns,PHX,5,200826,J.J. Barea,1610612742.0,Dallas,Mavericks,DAL,1,0,,,,,,1
365,0021500014,434,18,0,3,11:57 PM,3:42,,,,,,,433,Buck Williams,,,,,0,0,,,,,,1,0,,,,,,0
366,0021500014,435,6,11,3,11:59 PM,3:42,Bledsoe T.FOUL (P3.T3) (C.Blair),,,,,4.0,202339,Eric Bledsoe,1610612756.0,Phoenix,Suns,PHX,0,0,,,,,,1,0,,,,,,0
367,0021500014,436,3,16,3,11:59 PM,3:42,,,MISS Harris Free Throw Technical,,,5.0,2734,Devin Harris,1610612742.0,Dallas,Mavericks,DAL,0,0,,,,,,0,0,,,,,,0
368,0021500014,437,4,1,3,11:59 PM,3:42,,,Mavericks Rebound,,,3.0,1610612742,,,,,,0,0,,,,,,0,0,,,,,,0
369,0021500014,438,3,11,3,11:59 PM,3:42,,,Barea Free Throw 1 of 2 (6 PTS),84 - 58,-26,5.0,200826,J.J. Barea,1610612742.0,Dallas,Mavericks,DAL,0,0,,,,,,0,0,,,,,,0
370,0021500014,440,3,12,3,11:59 PM,3:42,,,MISS Barea Free Throw 2 of 2,,,5.0,200826,J.J. Barea,1610612742.0,Dallas,Mavericks,DAL,0,0,,,,,,0,0,,,,,,0
371,0021500014,442,4,0,3,11:59 PM,3:39,Leuer REBOUND (Off:2 Def:3),,,,,4.0,202720,Jon Leuer,1610612756.0,Phoenix,Suns,PHX,0,0,,,,,,0,0,,,,,,1
372,0021500014,443,2,1,3,12:00 AM,3:21,MISS Warren 26' 3PT Jump Shot,,,,,4.0,203933,T.J. Warren,1610612756.0,Phoenix,Suns,PHX,0,0,,,,,,0,0,,,,,,1
373,0021500014,444,4,0,3,12:00 AM,3:19,,,Villanueva REBOUND (Off:0 Def:1),,,5.0,101111,Charlie Villanueva,1610612742.0,Dallas,Mavericks,DAL,0,0,,,,,,0,0,,,,,,1
374,0021500014,445,2,1,3,12:00 AM,3:11,,,MISS Pachulia 18' Jump Shot,,,5.0,2585,Zaza Pachulia,1610612742.0,Dallas,Mavericks,DAL,0,0,,,,,,0,0,,,,,,1
375,0021500014,446,4,0,3,12:00 AM,3:09,Bledsoe REBOUND (Off:1 Def:3),,,,,4.0,202339,Eric Bledsoe,1610612756.0,Phoenix,Suns,PHX,0,0,,,,,,0,0,,,,,,1
376,0021500014,447,7,5,3,12:00 AM,2:57,,,Villanueva Violation:Kicked Ball (T.Washington),,,5.0,101111,Charlie Villanueva,1610612742.0,Dallas,Mavericks,DAL,0,0,,,,,,1,0,,,,,,0
377,0021500014,448,8,0,3,12:00 AM,2:57,SUB: Knight FOR Len,,,,,4.0,203458,Alex Len,1610612756.0,Phoenix,Suns,PHX,4,202688,Brandon Knight,1610612756.0,Phoenix,Suns,PHX,0,0,,,,,,0
378,0021500014,449,1,1,3,12:01 AM,2:50,Booker 15' Jump Shot (2 PTS) (Bledsoe 4 AST),,,84 - 60,-24,4.0,1626164,Devin Booker,1610612756.0,Phoenix,Suns,PHX,4,202339,Eric Bledsoe,1610612756.0,Phoenix,Suns,PHX,0,0,,,,,,1
379,0021500014,450,2,1,3,12:01 AM,2:24,,,MISS Harris 25' 3PT Jump Shot,,,5.0,2734,Devin Harris,1610612742.0,Dallas,Mavericks,DAL,0,0,,,,,,0,0,,,,,,1
380,0021500014,451,4,0,3,12:01 AM,2:22,Booker REBOUND (Off:0 Def:1),,,,,4.0,1626164,Devin Booker,1610612756.0,Phoenix,Suns,PHX,0,0,,,,,,0,0,,,,,,1
381,0021500014,452,2,79,3,12:01 AM,2:16,MISS Warren 16' Pullup Jump Shot,,,,,4.0,203933,T.J. Warren,1610612756.0,Phoenix,Suns,PHX,0,0,,,,,,0,0,,,,,,1
382,0021500014,453,4,0,3,12:01 AM,2:13,,,Evans REBOUND (Off:0 Def:4),,,5.0,202379,Jeremy Evans,1610612742.0,Dallas,Mavericks,DAL,0,0,,,,,,0,0,,,,,,1
383,0021500014,454,5,45,3,12:01 AM,2:05,,,Pachulia Out of Bounds - Bad Pass Turnover Turnover (P1.T7),,,5.0,2585,Zaza Pachulia,1610612742.0,Dallas,Mavericks,DAL,0,0,,,,,,1,0,,,,,,1
384,0021500014,455,8,0,3,12:02 AM,2:05,,,SUB: D. Williams FOR Pachulia,,,5.0,2585,Zaza Pachulia,1610612742.0,Dallas,Mavericks,DAL,5,101114,Deron Williams,1610612742.0,Dallas,Mavericks,DAL,0,0,,,,,,0
385,0021500014,456,6,26,3,12:02 AM,1:52,Bledsoe Offensive Charge Foul (P4.T4) (D.Collins),,,,,4.0,202339,Eric Bledsoe,1610612756.0,Phoenix,Suns,PHX,5,2734,Devin Harris,1610612742.0,Dallas,Mavericks,DAL,1,0,,,,,,1
386,0021500014,457,5,5,3,12:02 AM,1:52,Bledsoe Foul Turnover (P2.T15),,,,,4.0,202339,Eric Bledsoe,1610612756.0,Phoenix,Suns,PHX,0,0,,,,,,1,0,,,,,,1
387,0021500014,458,6,27,3,12:02 AM,1:38,Booker Personal Block Foul (P1.PN) (C.Blair),,,,,4.0,1626164,Devin Booker,1610612756.0,Phoenix,Suns,PHX,5,200826,J.J. Barea,1610612742.0,Dallas,Mavericks,DAL,1,0,,,,,,1
388,0021500014,459,2,1,3,12:03 AM,1:26,,,MISS Barea 11' Jump Shot,,,5.0,200826,J.J. Barea,1610612742.0,Dallas,Mavericks,DAL,0,0,,,,,,0,0,,,,,,1
389,0021500014,460,4,0,3,12:03 AM,1:25,Warren REBOUND (Off:0 Def:3),,,,,4.0,203933,T.J. Warren,1610612756.0,Phoenix,Suns,PHX,0,0,,,,,,0,0,,,,,,1
390,0021500014,461,5,1,3,12:03 AM,1:16,Knight Bad Pass Turnover (P6.T16),,D. Williams STEAL (1 STL),,,4.0,202688,Brandon Knight,1610612756.0,Phoenix,Suns,PHX,5,101114,Deron Williams,1610612742.0,Dallas,Mavericks,DAL,0,0,,,,,,1
391,0021500014,462,1,44,3,12:03 AM,1:12,,,Barea 3' Reverse Layup (8 PTS) (D. Williams 6 AST),86 - 60,-26,5.0,200826,J.J. Barea,1610612742.0,Dallas,Mavericks,DAL,5,101114,Deron Williams,1610612742.0,Dallas,Mavericks,DAL,0,0,,,,,,1
392,0021500014,463,1,42,3,12:04 AM,0:55,Leuer 1' Driving Layup (10 PTS),,,86 - 62,-24,4.0,202720,Jon Leuer,1610612756.0,Phoenix,Suns,PHX,0,0,,,,,,0,0,,,,,,1
393,0021500014,464,6,2,3,12:04 AM,0:55,,,Villanueva S.FOUL (P3.PN) (T.Washington),,,5.0,101111,Charlie Villanueva,1610612742.0,Dallas,Mavericks,DAL,4,202720,Jon Leuer,1610612756.0,Phoenix,Suns,PHX,1,0,,,,,,1
394,0021500014,465,3,10,3,12:04 AM,0:55,Leuer Free Throw 1 of 1 (11 PTS),,,86 - 63,-23,4.0,202720,Jon Leuer,1610612756.0,Phoenix,Suns,PHX,0,0,,,,,,0,0,,,,,,0
395,0021500014,467,1,5,3,12:04 AM,0:34,,,Harris 2' Layup (8 PTS) (D. Williams 7 AST),88 - 63,-25,5.0,2734,Devin Harris,1610612742.0,Dallas,Mavericks,DAL,5,101114,Deron Williams,1610612742.0,Dallas,Mavericks,DAL,0,0,,,,,,1
396,0021500014,468,1,1,3,12:05 AM,0:26,Booker  3PT Jump Shot (5 PTS) (Leuer 2 AST),,,88 - 66,-22,4.0,1626164,Devin Booker,1610612756.0,Phoenix,Suns,PHX,4,202720,Jon Leuer,1610612756.0,Phoenix,Suns,PHX,0,0,,,,,,1
397,0021500014,469,2,63,3,12:05 AM,0:01,,,MISS D. Williams 17' Fadeaway Jumper,,,5.0,101114,Deron Williams,1610612742.0,Dallas,Mavericks,DAL,0,0,,,,,,0,0,,,,,,1
398,0021500014,470,4,0,3,12:05 AM,0:00,Leuer REBOUND (Off:2 Def:4),,,,,4.0,202720,Jon Leuer,1610612756.0,Phoenix,Suns,PHX,0,0,,,,,,0,0,,,,,,1
399,0021500014,471,13,0,3,12:05 AM,0:00,,,,88 - 66,-22,0.0,0,,,,,,0,0,,,,,,0,0,,,,,,0
400,0021500014,473,12,0,4,12:08 AM,12:00,,,,88 - 66,-22,0.0,0,,,,,,0,0,,,,,,0,0,,,,,,0
401,0021500014,474,1,52,4,12:08 AM,11:50,,,Evans  Alley Oop Dunk (5 PTS) (Harris 2 AST),90 - 66,-24,5.0,202379,Jeremy Evans,1610612742.0,Dallas,Mavericks,DAL,5,2734,Devin Harris,1610612742.0,Dallas,Mavericks,DAL,0,0,,,,,,1
402,0021500014,475,2,1,4,12:08 AM,11:27,MISS Knight 17' Jump Shot,,,,,4.0,202688,Brandon Knight,1610612756.0,Phoenix,Suns,PHX,0,0,,,,,,0,0,,,,,,1
403,0021500014,476,4,0,4,12:08 AM,11:25,Warren REBOUND (Off:1 Def:3),,,,,4.0,203933,T.J. Warren,1610612756.0,Phoenix,Suns,PHX,0,0,,,,,,0,0,,,,,,1
404,0021500014,477,2,5,4,12:09 AM,11:24,MISS Warren 3' Layup,,,,,4.0,203933,T.J. Warren,1610612756.0,Phoenix,Suns,PHX,0,0,,,,,,0,0,,,,,,1
405,0021500014,478,4,0,4,12:09 AM,11:23,SUNS Rebound,,,,,2.0,1610612756,,,,,,0,0,,,,,,0,0,,,,,,0
406,0021500014,479,8,0,4,12:09 AM,11:23,SUB: Goodwin FOR Warren,,,,,4.0,203933,T.J. Warren,1610612756.0,Phoenix,Suns,PHX,4,203462,Archie Goodwin,1610612756.0,Phoenix,Suns,PHX,0,0,,,,,,0
407,0021500014,480,1,1,4,12:09 AM,11:20,Leuer 25' 3PT Jump Shot (14 PTS) (Knight 3 AST),,,90 - 69,-21,4.0,202720,Jon Leuer,1610612756.0,Phoenix,Suns,PHX,4,202688,Brandon Knight,1610612756.0,Phoenix,Suns,PHX,0,0,,,,,,1
408,0021500014,481,6,1,4,12:09 AM,11:05,Booker P.FOUL (P2.T1) (C.Blair),,,,,4.0,1626164,Devin Booker,1610612756.0,Phoenix,Suns,PHX,5,202083,Wesley Matthews,1610612742.0,Dallas,Mavericks,DAL,1,0,,,,,,1
409,0021500014,482,2,86,4,12:10 AM,10:50,Knight BLOCK (1 BLK),,MISS Matthews 14' Turnaround Fadeaway Shot,,,5.0,202083,Wesley Matthews,1610612742.0,Dallas,Mavericks,DAL,0,0,,,,,,4,202688,Brandon Knight,1610612756.0,Phoenix,Suns,PHX,1
410,0021500014,483,4,0,4,12:10 AM,10:47,Knight REBOUND (Off:1 Def:5),,,,,4.0,202688,Brandon Knight,1610612756.0,Phoenix,Suns,PHX,0,0,,,,,,0,0,,,,,,1
411,0021500014,484,1,5,4,12:10 AM,10:39,Booker 1' Layup (7 PTS) (Leuer 3 AST),,,90 - 71,-19,4.0,1626164,Devin Booker,1610612756.0,Phoenix,Suns,PHX,4,202720,Jon Leuer,1610612756.0,Phoenix,Suns,PHX,0,0,,,,,,1
412,0021500014,485,2,5,4,12:10 AM,10:17,Leuer BLOCK (1 BLK),,MISS Barea 3' Layup,,,5.0,200826,J.J. Barea,1610612742.0,Dallas,Mavericks,DAL,0,0,,,,,,4,202720,Jon Leuer,1610612756.0,Phoenix,Suns,PHX,1
413,0021500014,486,4,0,4,12:10 AM,10:15,Goodwin REBOUND (Off:0 Def:3),,,,,4.0,203462,Archie Goodwin,1610612756.0,Phoenix,Suns,PHX,0,0,,,,,,0,0,,,,,,1
414,0021500014,487,2,1,4,12:11 AM,10:03,MISS Goodwin 25' 3PT Jump Shot,,,,,4.0,203462,Archie Goodwin,1610612756.0,Phoenix,Suns,PHX,0,0,,,,,,0,0,,,,,,1
415,0021500014,488,4,0,4,12:11 AM,10:01,,,Barea REBOUND (Off:0 Def:3),,,5.0,200826,J.J. Barea,1610612742.0,Dallas,Mavericks,DAL,0,0,,,,,,0,0,,,,,,1
416,0021500014,489,6,2,4,12:11 AM,9:55,Leuer S.FOUL (P3.T2) (C.Blair),,,,,4.0,202720,Jon Leuer,1610612756.0,Phoenix,Suns,PHX,5,2734,Devin Harris,1610612742.0,Dallas,Mavericks,DAL,1,0,,,,,,1
417,0021500014,490,3,11,4,12:11 AM,9:55,,,MISS Harris Free Throw 1 of 2,,,5.0,2734,Devin Harris,1610612742.0,Dallas,Mavericks,DAL,0,0,,,,,,0,0,,,,,,0
418,0021500014,491,4,1,4,12:11 AM,9:55,,,Mavericks Rebound,,,3.0,1610612742,,,,,,0,0,,,,,,0,0,,,,,,0
419,0021500014,492,8,0,4,12:11 AM,9:55,,,SUB: Felton FOR Matthews,,,5.0,202083,Wesley Matthews,1610612742.0,Dallas,Mavericks,DAL,5,101109,Raymond Felton,1610612742.0,Dallas,Mavericks,DAL,0,0,,,,,,0
420,0021500014,493,3,12,4,12:11 AM,9:55,,,MISS Harris Free Throw 2 of 2,,,5.0,2734,Devin Harris,1610612742.0,Dallas,Mavericks,DAL,0,0,,,,,,0,0,,,,,,0
421,0021500014,495,4,0,4,12:11 AM,9:54,Booker REBOUND (Off:0 Def:2),,,,,4.0,1626164,Devin Booker,1610612756.0,Phoenix,Suns,PHX,0,0,,,,,,0,0,,,,,,1
422,0021500014,496,6,1,4,12:12 AM,9:48,,,Harris P.FOUL (P1.T1) (T.Washington),,,5.0,2734,Devin Harris,1610612742.0,Dallas,Mavericks,DAL,4,202688,Brandon Knight,1610612756.0,Phoenix,Suns,PHX,1,0,,,,,,1
423,0021500014,497,8,0,4,12:12 AM,9:48,,,SUB: Nowitzki FOR Villanueva,,,5.0,101111,Charlie Villanueva,1610612742.0,Dallas,Mavericks,DAL,5,1717,Dirk Nowitzki,1610612742.0,Dallas,Mavericks,DAL,0,0,,,,,,0
424,0021500014,498,1,42,4,12:12 AM,9:32,Knight 1' Driving Layup (15 PTS),,,90 - 73,-17,4.0,202688,Brandon Knight,1610612756.0,Phoenix,Suns,PHX,0,0,,,,,,0,0,,,,,,1
425,0021500014,499,6,1,4,12:12 AM,9:30,Knight P.FOUL (P3.T3) (D.Collins),,,,,4.0,202688,Brandon Knight,1610612756.0,Phoenix,Suns,PHX,5,2734,Devin Harris,1610612742.0,Dallas,Mavericks,DAL,1,0,,,,,,1
426,0021500014,500,2,1,4,12:13 AM,9:17,,,MISS Harris 25' 3PT Jump Shot,,,5.0,2734,Devin Harris,1610612742.0,Dallas,Mavericks,DAL,0,0,,,,,,0,0,,,,,,1
427,0021500014,501,4,0,4,12:13 AM,9:15,Leuer REBOUND (Off:2 Def:5),,,,,4.0,202720,Jon Leuer,1610612756.0,Phoenix,Suns,PHX,0,0,,,,,,0,0,,,,,,1
428,0021500014,502,2,1,4,12:13 AM,9:07,MISS Leuer 25' 3PT Jump Shot,,,,,4.0,202720,Jon Leuer,1610612756.0,Phoenix,Suns,PHX,0,0,,,,,,0,0,,,,,,1
429,0021500014,503,4,0,4,12:13 AM,9:05,,,Barea REBOUND (Off:0 Def:4),,,5.0,200826,J.J. Barea,1610612742.0,Dallas,Mavericks,DAL,0,0,,,,,,0,0,,,,,,1
430,0021500014,504,6,2,4,12:13 AM,8:50,Knight S.FOUL (P4.T4) (T.Washington),,,,,4.0,202688,Brandon Knight,1610612756.0,Phoenix,Suns,PHX,5,101109,Raymond Felton,1610612742.0,Dallas,Mavericks,DAL,1,0,,,,,,1
431,0021500014,505,9,4,4,12:13 AM,8:50,,,,,,1.0,0,,,,,,0,0,,,,,,0,0,,,,,,0
432,0021500014,509,3,11,4,12:16 AM,8:50,,,Felton Free Throw 1 of 2 (11 PTS),91 - 73,-18,5.0,101109,Raymond Felton,1610612742.0,Dallas,Mavericks,DAL,0,0,,,,,,0,0,,,,,,0
433,0021500014,511,3,12,4,12:16 AM,8:50,,,Felton Free Throw 2 of 2 (12 PTS),92 - 73,-19,5.0,101109,Raymond Felton,1610612742.0,Dallas,Mavericks,DAL,0,0,,,,,,0,0,,,,,,0
434,0021500014,513,1,5,4,12:17 AM,8:42,Bledsoe 3' Layup (10 PTS),,,92 - 75,-17,4.0,202339,Eric Bledsoe,1610612756.0,Phoenix,Suns,PHX,0,0,,,,,,0,0,,,,,,1
435,0021500014,514,6,2,4,12:17 AM,8:42,,,Barea S.FOUL (P2.T2) (T.Washington),,,5.0,200826,J.J. Barea,1610612742.0,Dallas,Mavericks,DAL,4,202339,Eric Bledsoe,1610612756.0,Phoenix,Suns,PHX,1,0,,,,,,1
436,0021500014,515,3,10,4,12:17 AM,8:42,Bledsoe Free Throw 1 of 1 (11 PTS),,,92 - 76,-16,4.0,202339,Eric Bledsoe,1610612756.0,Phoenix,Suns,PHX,0,0,,,,,,0,0,,,,,,0
437,0021500014,517,2,1,4,12:18 AM,8:22,,,MISS Nowitzki 17' Jump Shot,,,5.0,1717,Dirk Nowitzki,1610612742.0,Dallas,Mavericks,DAL,0,0,,,,,,0,0,,,,,,1
438,0021500014,518,4,0,4,12:18 AM,8:21,Goodwin REBOUND (Off:0 Def:4),,,,,4.0,203462,Archie Goodwin,1610612756.0,Phoenix,Suns,PHX,0,0,,,,,,0,0,,,,,,1
439,0021500014,519,1,1,4,12:18 AM,8:06,Bledsoe 13' Jump Shot (13 PTS),,,92 - 78,-14,4.0,202339,Eric Bledsoe,1610612756.0,Phoenix,Suns,PHX,0,0,,,,,,0,0,,,,,,1
440,0021500014,520,1,42,4,12:18 AM,7:53,,,Harris 1' Driving Layup (10 PTS),94 - 78,-16,5.0,2734,Devin Harris,1610612742.0,Dallas,Mavericks,DAL,0,0,,,,,,0,0,,,,,,1
441,0021500014,521,2,1,4,12:19 AM,7:34,MISS Booker 24' 3PT Jump Shot,,,,,4.0,1626164,Devin Booker,1610612756.0,Phoenix,Suns,PHX,0,0,,,,,,0,0,,,,,,1
442,0021500014,522,4,0,4,12:19 AM,7:32,,,Felton REBOUND (Off:0 Def:2),,,5.0,101109,Raymond Felton,1610612742.0,Dallas,Mavericks,DAL,0,0,,,,,,0,0,,,,,,1
443,0021500014,523,2,5,4,12:19 AM,7:23,,,MISS Evans 3' Layup,,,5.0,202379,Jeremy Evans,1610612742.0,Dallas,Mavericks,DAL,0,0,,,,,,0,0,,,,,,1
444,0021500014,525,4,0,4,12:19 AM,7:22,,,Evans REBOUND (Off:1 Def:4),,,5.0,202379,Jeremy Evans,1610612742.0,Dallas,Mavericks,DAL,0,0,,,,,,0,0,,,,,,1
445,0021500014,524,1,72,4,12:19 AM,7:22,,,Evans 1' Putback Layup (7 PTS),96 - 78,-18,5.0,202379,Jeremy Evans,1610612742.0,Dallas,Mavericks,DAL,0,0,,,,,,0,0,,,,,,1
446,0021500014,526,2,1,4,12:19 AM,7:09,MISS Goodwin 6' Jump Shot,,Nowitzki BLOCK (1 BLK),,,4.0,203462,Archie Goodwin,1610612756.0,Phoenix,Suns,PHX,0,0,,,,,,5,1717,Dirk Nowitzki,1610612742.0,Dallas,Mavericks,DAL,1
447,0021500014,527,4,0,4,12:19 AM,7:07,,,Nowitzki REBOUND (Off:1 Def:8),,,5.0,1717,Dirk Nowitzki,1610612742.0,Dallas,Mavericks,DAL,0,0,,,,,,0,0,,,,,,1
448,0021500014,528,1,1,4,12:19 AM,6:54,,,Felton 25' 3PT Jump Shot (15 PTS) (Nowitzki 3 AST),99 - 78,-21,5.0,101109,Raymond Felton,1610612742.0,Dallas,Mavericks,DAL,5,1717,Dirk Nowitzki,1610612742.0,Dallas,Mavericks,DAL,0,0,,,,,,1
449,0021500014,529,9,1,4,12:19 AM,6:51,SUNS Timeout: Regular (Full 4 Short 1),,,,,2.0,1610612756,,,,,,0,0,,,,,,0,0,,,,,,0
450,0021500014,531,8,0,4,12:22 AM,6:51,,,SUB: Powell FOR Nowitzki,,,5.0,1717,Dirk Nowitzki,1610612742.0,Dallas,Mavericks,DAL,5,203939,Dwight Powell,1610612742.0,Dallas,Mavericks,DAL,0,0,,,,,,0
451,0021500014,532,8,0,4,12:22 AM,6:51,,,SUB: Matthews FOR Harris,,,5.0,2734,Devin Harris,1610612742.0,Dallas,Mavericks,DAL,5,202083,Wesley Matthews,1610612742.0,Dallas,Mavericks,DAL,0,0,,,,,,0
452,0021500014,533,8,0,4,12:22 AM,6:51,SUB: Weems FOR Bledsoe,,,,,4.0,202339,Eric Bledsoe,1610612756.0,Phoenix,Suns,PHX,4,201603,Sonny Weems,1610612756.0,Phoenix,Suns,PHX,0,0,,,,,,0
453,0021500014,534,8,0,4,12:22 AM,6:51,SUB: Price FOR Leuer,,,,,4.0,202720,Jon Leuer,1610612756.0,Phoenix,Suns,PHX,4,101179,Ronnie Price,1610612756.0,Phoenix,Suns,PHX,0,0,,,,,,0
454,0021500014,535,8,0,4,12:22 AM,6:51,SUB: Teletovic FOR Goodwin,,,,,4.0,203462,Archie Goodwin,1610612756.0,Phoenix,Suns,PHX,4,203141,Mirza Teletovic,1610612756.0,Phoenix,Suns,PHX,0,0,,,,,,0
455,0021500014,536,2,1,4,12:22 AM,6:39,MISS Knight 5' Jump Shot,,,,,4.0,202688,Brandon Knight,1610612756.0,Phoenix,Suns,PHX,0,0,,,,,,0,0,,,,,,1
456,0021500014,537,4,0,4,12:22 AM,6:37,,,Evans REBOUND (Off:1 Def:5),,,5.0,202379,Jeremy Evans,1610612742.0,Dallas,Mavericks,DAL,0,0,,,,,,0,0,,,,,,1
457,0021500014,538,1,44,4,12:22 AM,6:20,,,Powell 2' Reverse Layup (9 PTS) (Barea 1 AST),101 - 78,-23,5.0,203939,Dwight Powell,1610612742.0,Dallas,Mavericks,DAL,5,200826,J.J. Barea,1610612742.0,Dallas,Mavericks,DAL,0,0,,,,,,1
458,0021500014,540,1,66,4,12:23 AM,6:03,Teletovic 8' Jump Bank Shot (2 PTS),,,101 - 80,-21,4.0,203141,Mirza Teletovic,1610612756.0,Phoenix,Suns,PHX,0,0,,,,,,0,0,,,,,,1
459,0021500014,541,6,2,4,12:23 AM,6:03,,,Barea S.FOUL (P3.T3) (D.Collins),,,5.0,200826,J.J. Barea,1610612742.0,Dallas,Mavericks,DAL,4,203141,Mirza Teletovic,1610612756.0,Phoenix,Suns,PHX,1,0,,,,,,1
460,0021500014,542,3,10,4,12:23 AM,6:03,MISS Teletovic Free Throw 1 of 1,,,,,4.0,203141,Mirza Teletovic,1610612756.0,Phoenix,Suns,PHX,0,0,,,,,,0,0,,,,,,0
461,0021500014,544,4,0,4,12:23 AM,6:02,,,Matthews REBOUND (Off:0 Def:3),,,5.0,202083,Wesley Matthews,1610612742.0,Dallas,Mavericks,DAL,0,0,,,,,,0,0,,,,,,1
462,0021500014,545,1,1,4,12:24 AM,5:45,,,Barea 5' Jump Shot (10 PTS),103 - 80,-23,5.0,200826,J.J. Barea,1610612742.0,Dallas,Mavericks,DAL,0,0,,,,,,0,0,,,,,,1
463,0021500014,546,2,1,4,12:24 AM,5:36,MISS Knight 8' Jump Shot,,,,,4.0,202688,Brandon Knight,1610612756.0,Phoenix,Suns,PHX,0,0,,,,,,0,0,,,,,,1
464,0021500014,547,4,0,4,12:24 AM,5:35,,,Mavericks Rebound,,,3.0,1610612742,,,,,,0,0,,,,,,0,0,,,,,,0
465,0021500014,548,1,7,4,12:24 AM,5:16,,,Powell  Dunk (11 PTS) (Felton 6 AST),105 - 80,-25,5.0,203939,Dwight Powell,1610612742.0,Dallas,Mavericks,DAL,5,101109,Raymond Felton,1610612742.0,Dallas,Mavericks,DAL,0,0,,,,,,1
466,0021500014,549,6,26,4,12:25 AM,5:04,Price Offensive Charge Foul (P2.PN) (T.Washington),,,,,4.0,101179,Ronnie Price,1610612756.0,Phoenix,Suns,PHX,5,101109,Raymond Felton,1610612742.0,Dallas,Mavericks,DAL,1,0,,,,,,1
467,0021500014,550,5,5,4,12:25 AM,5:04,Price Foul Turnover (P2.T17),,,,,4.0,101179,Ronnie Price,1610612756.0,Phoenix,Suns,PHX,0,0,,,,,,1,0,,,,,,1
468,0021500014,551,8,0,4,12:25 AM,5:04,SUB: Goodwin FOR Knight,,,,,4.0,202688,Brandon Knight,1610612756.0,Phoenix,Suns,PHX,4,203462,Archie Goodwin,1610612756.0,Phoenix,Suns,PHX,0,0,,,,,,0
469,0021500014,552,2,1,4,12:25 AM,4:49,,,MISS Barea 26' 3PT Jump Shot,,,5.0,200826,J.J. Barea,1610612742.0,Dallas,Mavericks,DAL,0,0,,,,,,0,0,,,,,,1
470,0021500014,553,4,0,4,12:25 AM,4:48,Goodwin REBOUND (Off:0 Def:5),,,,,4.0,203462,Archie Goodwin,1610612756.0,Phoenix,Suns,PHX,0,0,,,,,,0,0,,,,,,1
471,0021500014,554,2,1,4,12:25 AM,4:37,MISS Teletovic 7' Jump Shot,,,,,4.0,203141,Mirza Teletovic,1610612756.0,Phoenix,Suns,PHX,0,0,,,,,,0,0,,,,,,1
472,0021500014,556,4,0,4,12:25 AM,4:36,Teletovic REBOUND (Off:1 Def:2),,,,,4.0,203141,Mirza Teletovic,1610612756.0,Phoenix,Suns,PHX,0,0,,,,,,0,0,,,,,,1
473,0021500014,555,2,97,4,12:25 AM,4:36,MISS Teletovic 1' Tip Layup Shot,,,,,4.0,203141,Mirza Teletovic,1610612756.0,Phoenix,Suns,PHX,0,0,,,,,,0,0,,,,,,1
474,0021500014,557,4,0,4,12:25 AM,4:32,,,Felton REBOUND (Off:0 Def:3),,,5.0,101109,Raymond Felton,1610612742.0,Dallas,Mavericks,DAL,0,0,,,,,,0,0,,,,,,1
475,0021500014,558,1,1,4,12:26 AM,4:11,,,Felton 26' 3PT Jump Shot (18 PTS),108 - 80,-28,5.0,101109,Raymond Felton,1610612742.0,Dallas,Mavericks,DAL,0,0,,,,,,0,0,,,,,,1
476,0021500014,559,1,5,4,12:26 AM,3:49,Goodwin 1' Layup (9 PTS),,,108 - 82,-26,4.0,203462,Archie Goodwin,1610612756.0,Phoenix,Suns,PHX,0,0,,,,,,0,0,,,,,,1
477,0021500014,560,9,1,4,12:26 AM,3:39,,,Mavericks Timeout: Regular (Reg.4 Short 1),,,3.0,1610612742,,,,,,0,0,,,,,,0,0,,,,,,0
478,0021500014,563,8,0,4,12:28 AM,3:39,,,SUB: Jenkins FOR Matthews,,,5.0,202083,Wesley Matthews,1610612742.0,Dallas,Mavericks,DAL,5,203098,John Jenkins,1610612742.0,Dallas,Mavericks,DAL,0,0,,,,,,0
479,0021500014,564,6,1,4,12:29 AM,3:28,Teletovic P.FOUL (P2.PN) (C.Blair),,,,,4.0,203141,Mirza Teletovic,1610612756.0,Phoenix,Suns,PHX,5,203939,Dwight Powell,1610612742.0,Dallas,Mavericks,DAL,1,0,,,,,,1
480,0021500014,565,3,11,4,12:29 AM,3:28,,,MISS Powell Free Throw 1 of 2,,,5.0,203939,Dwight Powell,1610612742.0,Dallas,Mavericks,DAL,0,0,,,,,,0,0,,,,,,0
481,0021500014,566,4,1,4,12:29 AM,3:28,,,Mavericks Rebound,,,3.0,1610612742,,,,,,0,0,,,,,,0,0,,,,,,0
482,0021500014,567,8,0,4,12:30 AM,3:28,,,SUB: Anderson FOR Evans,,,5.0,202379,Jeremy Evans,1610612742.0,Dallas,Mavericks,DAL,5,1626147,Justin Anderson,1610612742.0,Dallas,Mavericks,DAL,0,0,,,,,,0
483,0021500014,568,3,12,4,12:30 AM,3:28,,,Powell Free Throw 2 of 2 (12 PTS),109 - 82,-27,5.0,203939,Dwight Powell,1610612742.0,Dallas,Mavericks,DAL,0,0,,,,,,0,0,,,,,,0
484,0021500014,570,1,42,4,12:30 AM,3:19,Booker 2' Driving Layup (9 PTS),,,109 - 84,-25,4.0,1626164,Devin Booker,1610612756.0,Phoenix,Suns,PHX,0,0,,,,,,0,0,,,,,,1
485,0021500014,571,2,1,4,12:30 AM,2:58,,,MISS Barea 25' 3PT Jump Shot,,,5.0,200826,J.J. Barea,1610612742.0,Dallas,Mavericks,DAL,0,0,,,,,,0,0,,,,,,1
486,0021500014,572,4,0,4,12:30 AM,2:56,Weems REBOUND (Off:0 Def:2),,,,,4.0,201603,Sonny Weems,1610612756.0,Phoenix,Suns,PHX,0,0,,,,,,0,0,,,,,,1
487,0021500014,573,6,2,4,12:31 AM,2:47,,,Felton S.FOUL (P2.T4) (C.Blair),,,5.0,101109,Raymond Felton,1610612742.0,Dallas,Mavericks,DAL,4,1626164,Devin Booker,1610612756.0,Phoenix,Suns,PHX,1,0,,,,,,1
488,0021500014,574,3,11,4,12:31 AM,2:47,MISS Booker Free Throw 1 of 2,,,,,4.0,1626164,Devin Booker,1610612756.0,Phoenix,Suns,PHX,0,0,,,,,,0,0,,,,,,0
489,0021500014,575,4,1,4,12:31 AM,2:47,SUNS Rebound,,,,,2.0,1610612756,,,,,,0,0,,,,,,0,0,,,,,,0
490,0021500014,576,3,12,4,12:31 AM,2:47,MISS Booker Free Throw 2 of 2,,,,,4.0,1626164,Devin Booker,1610612756.0,Phoenix,Suns,PHX,0,0,,,,,,0,0,,,,,,0
491,0021500014,578,4,0,4,12:31 AM,2:46,,,Anderson REBOUND (Off:0 Def:1),,,5.0,1626147,Justin Anderson,1610612742.0,Dallas,Mavericks,DAL,0,0,,,,,,0,0,,,,,,1
492,0021500014,579,2,5,4,12:32 AM,2:27,,,MISS Felton 1' Layup,,,5.0,101109,Raymond Felton,1610612742.0,Dallas,Mavericks,DAL,0,0,,,,,,0,0,,,,,,1
493,0021500014,580,4,0,4,12:32 AM,2:26,,,Felton REBOUND (Off:1 Def:3),,,5.0,101109,Raymond Felton,1610612742.0,Dallas,Mavericks,DAL,0,0,,,,,,0,0,,,,,,1
494,0021500014,581,7,5,4,12:32 AM,2:13,Teletovic Violation:Kicked Ball (D.Collins),,,,,4.0,203141,Mirza Teletovic,1610612756.0,Phoenix,Suns,PHX,0,0,,,,,,1,0,,,,,,0
495,0021500014,582,8,0,4,12:32 AM,2:13,,,SUB: Mejri FOR Powell,,,5.0,203939,Dwight Powell,1610612742.0,Dallas,Mavericks,DAL,5,1626257,Salah Mejri,1610612742.0,Dallas,Mavericks,DAL,0,0,,,,,,0
496,0021500014,583,2,1,4,12:32 AM,1:58,,,MISS Felton 26' 3PT Jump Shot,,,5.0,101109,Raymond Felton,1610612742.0,Dallas,Mavericks,DAL,0,0,,,,,,0,0,,,,,,1
497,0021500014,584,4,0,4,12:32 AM,1:56,Booker REBOUND (Off:0 Def:3),,,,,4.0,1626164,Devin Booker,1610612756.0,Phoenix,Suns,PHX,0,0,,,,,,0,0,,,,,,1
498,0021500014,586,1,43,4,12:33 AM,1:51,Booker 3' Alley Oop Layup (11 PTS) (Weems 1 AST),,,109 - 86,-23,4.0,1626164,Devin Booker,1610612756.0,Phoenix,Suns,PHX,4,201603,Sonny Weems,1610612756.0,Phoenix,Suns,PHX,0,0,,,,,,1
499,0021500014,587,6,2,4,12:33 AM,1:51,,,Anderson S.FOUL (P1.PN) (C.Blair),,,5.0,1626147,Justin Anderson,1610612742.0,Dallas,Mavericks,DAL,4,1626164,Devin Booker,1610612756.0,Phoenix,Suns,PHX,1,0,,,,,,1
500,0021500014,588,3,10,4,12:33 AM,1:51,Booker Free Throw 1 of 1 (12 PTS),,,109 - 87,-22,4.0,1626164,Devin Booker,1610612756.0,Phoenix,Suns,PHX,0,0,,,,,,0,0,,,,,,0
501,0021500014,590,5,1,4,12:33 AM,1:38,Booker STEAL (1 STL),,Barea Bad Pass Turnover (P3.T8),,,5.0,200826,J.J. Barea,1610612742.0,Dallas,Mavericks,DAL,4,1626164,Devin Booker,1610612756.0,Phoenix,Suns,PHX,0,0,,,,,,1
502,0021500014,591,5,45,4,12:33 AM,1:35,Weems Out of Bounds - Bad Pass Turnover Turnover (P1.T18),,,,,4.0,201603,Sonny Weems,1610612756.0,Phoenix,Suns,PHX,0,0,,,,,,1,0,,,,,,1
503,0021500014,592,2,1,4,12:34 AM,1:13,,,MISS Barea 27' 3PT Jump Shot,,,5.0,200826,J.J. Barea,1610612742.0,Dallas,Mavericks,DAL,0,0,,,,,,0,0,,,,,,1
504,0021500014,593,4,0,4,12:34 AM,1:11,Weems REBOUND (Off:0 Def:3),,,,,4.0,201603,Sonny Weems,1610612756.0,Phoenix,Suns,PHX,0,0,,,,,,0,0,,,,,,1
505,0021500014,594,1,1,4,12:34 AM,1:05,Teletovic 26' 3PT Jump Shot (5 PTS) (Weems 2 AST),,,109 - 90,-19,4.0,203141,Mirza Teletovic,1610612756.0,Phoenix,Suns,PHX,4,201603,Sonny Weems,1610612756.0,Phoenix,Suns,PHX,0,0,,,,,,1
506,0021500014,595,2,1,4,12:34 AM,0:48,,,MISS Anderson  3PT Jump Shot,,,5.0,1626147,Justin Anderson,1610612742.0,Dallas,Mavericks,DAL,0,0,,,,,,0,0,,,,,,1
507,0021500014,596,4,0,4,12:34 AM,0:46,Teletovic REBOUND (Off:1 Def:3),,,,,4.0,203141,Mirza Teletovic,1610612756.0,Phoenix,Suns,PHX,0,0,,,,,,0,0,,,,,,1
508,0021500014,597,1,7,4,12:35 AM,0:43,Booker  Dunk (14 PTS) (Goodwin 1 AST),,,109 - 92,-17,4.0,1626164,Devin Booker,1610612756.0,Phoenix,Suns,PHX,4,203462,Archie Goodwin,1610612756.0,Phoenix,Suns,PHX,0,0,,,,,,1
509,0021500014,598,2,1,4,12:35 AM,0:29,,,MISS Jenkins 18' Jump Shot,,,5.0,203098,John Jenkins,1610612742.0,Dallas,Mavericks,DAL,0,0,,,,,,0,0,,,,,,1
510,0021500014,599,4,0,4,12:35 AM,0:27,Teletovic REBOUND (Off:1 Def:4),,,,,4.0,203141,Mirza Teletovic,1610612756.0,Phoenix,Suns,PHX,0,0,,,,,,0,0,,,,,,1
511,0021500014,600,6,2,4,12:35 AM,0:24,,,Jenkins S.FOUL (P1.PN) (T.Washington),,,5.0,203098,John Jenkins,1610612742.0,Dallas,Mavericks,DAL,4,203462,Archie Goodwin,1610612756.0,Phoenix,Suns,PHX,1,0,,,,,,1
512,0021500014,601,3,11,4,12:35 AM,0:24,Goodwin Free Throw 1 of 2 (10 PTS),,,109 - 93,-16,4.0,203462,Archie Goodwin,1610612756.0,Phoenix,Suns,PHX,0,0,,,,,,0,0,,,,,,0
513,0021500014,603,3,12,4,12:36 AM,0:24,Goodwin Free Throw 2 of 2 (11 PTS),,,109 - 94,-15,4.0,203462,Archie Goodwin,1610612756.0,Phoenix,Suns,PHX,0,0,,,,,,0,0,,,,,,0
514,0021500014,605,1,5,4,12:36 AM,0:15,,,Anderson 1' Layup (2 PTS),111 - 94,-17,5.0,1626147,Justin Anderson,1610612742.0,Dallas,Mavericks,DAL,0,0,,,,,,0,0,,,,,,1
515,0021500014,606,6,2,4,12:36 AM,0:06,,,Anderson S.FOUL (P2.PN) (D.Collins),,,5.0,1626147,Justin Anderson,1610612742.0,Dallas,Mavericks,DAL,4,203462,Archie Goodwin,1610612756.0,Phoenix,Suns,PHX,1,0,,,,,,1
516,0021500014,607,3,11,4,12:36 AM,0:06,Goodwin Free Throw 1 of 2 (12 PTS),,,111 - 95,-16,4.0,203462,Archie Goodwin,1610612756.0,Phoenix,Suns,PHX,0,0,,,,,,0,0,,,,,,0
517,0021500014,609,3,12,4,12:37 AM,0:06,MISS Goodwin Free Throw 2 of 2,,,,,4.0,203462,Archie Goodwin,1610612756.0,Phoenix,Suns,PHX,0,0,,,,,,0,0,,,,,,0
518,0021500014,611,4,0,4,12:37 AM,0:06,,,Mejri REBOUND (Off:0 Def:1),,,5.0,1626257,Salah Mejri,1610612742.0,Dallas,Mavericks,DAL,0,0,,,,,,0,0,,,,,,1
519,0021500014,612,13,0,4,12:37 AM,0:00,,,,111 - 95,-16,0.0,0,,,,,,0,0,,,,,,0,0,,,,,,0
