,GAME_ID,EVENTNUM,EVENTMSGTYPE,EVENTMSGACTIONTYPE,PERIOD,WCTIMESTRING,PCTIMESTRING,HOMEDESCRIPTION,NEUTRALDESCRIPTION,VISITORDESCRIPTION,SCORE,SCOREMARGIN,PERSON1TYPE,PLAYER1_ID,PLAYER1_NAME,PLAYER1_TEAM_ID,PLAYER1_TEAM_CITY,PLAYER1_TEAM_NICKNAME,PLAYER1_TEAM_ABBREVIATION,PERSON2TYPE,PLAYER2_ID,PLAYER2_NAME,PLAYER2_TEAM_ID,PLAYER2_TEAM_CITY,PLAYER2_TEAM_NICKNAME,PLAYER2_TEAM_ABBREVIATION,PERSON3TYPE,PLAYER3_ID,PLAYER3_NAME,PLAYER3_TEAM_ID,PLAYER3_TEAM_CITY,PLAYER3_TEAM_NICKNAME,PLAYER3_TEAM_ABBREVIATION,VIDEO_AVAILABLE_FLAG
0,0021700496,2,12,0,1,8:11 PM,12:00,,,,,,0,0,,,,,,0,0,,,,,,0,0,,,,,,0
1,0021700496,4,10,0,1,8:11 PM,12:00,Jump Ball Adams vs. Capela: Tip to Roberson,,,,,4,203500,Steven Adams,1610612760.0,Oklahoma City,Thunder,OKC,5,203991,Clint Capela,1610612745.0,Houston,Rockets,HOU,4,203460,Andre Roberson,1610612760.0,Oklahoma City,Thunder,OKC,1
2,0021700496,7,1,98,1,8:11 PM,11:45,Adams 6' Cutting Layup Shot (2 PTS) (Westbrook 1 AST),,,0 - 2,2,4,203500,Steven Adams,1610612760.0,Oklahoma City,Thunder,OKC,4,201566,Russell Westbrook,1610612760.0,Oklahoma City,Thunder,OKC,0,0,,,,,,1
3,0021700496,9,5,1,1,8:12 PM,11:24,Roberson STEAL (1 STL),,Capela Bad Pass Turnover (P1.T1),,,5,203991,Clint Capela,1610612745.0,Houston,Rockets,HOU,4,203460,Andre Roberson,1610612760.0,Oklahoma City,Thunder,OKC,0,0,,,,,,1
4,0021700496,11,1,52,1,8:12 PM,11:20,Adams 1' Alley Oop Dunk (4 PTS) (Roberson 1 AST),,,0 - 4,4,4,203500,Steven Adams,1610612760.0,Oklahoma City,Thunder,OKC,4,203460,Andre Roberson,1610612760.0,Oklahoma City,Thunder,OKC,0,0,,,,,,1
5,0021700496,13,2,79,1,8:12 PM,11:12,,,MISS Ariza 26' 3PT Pullup Jump Shot,,,5,2772,Trevor Ariza,1610612745.0,Houston,Rockets,HOU,0,0,,,,,,0,0,,,,,,1
6,0021700496,14,4,0,1,8:12 PM,11:12,Anthony REBOUND (Off:0 Def:1),,,,,4,2546,Carmelo Anthony,1610612760.0,Oklahoma City,Thunder,OKC,0,0,,,,,,0,0,,,,,,1
7,0021700496,15,1,79,1,8:12 PM,11:05,Anthony 25' 3PT Pullup Jump Shot (3 PTS),,,0 - 7,7,4,2546,Carmelo Anthony,1610612760.0,Oklahoma City,Thunder,OKC,0,0,,,,,,0,0,,,,,,1
8,0021700496,16,6,2,1,8:12 PM,10:48,Anthony S.FOUL (P1.T1) (N.Buchert),,,,,4,2546,Carmelo Anthony,1610612760.0,Oklahoma City,Thunder,OKC,5,2772,Trevor Ariza,1610612745.0,Houston,Rockets,HOU,1,0,,,,,,1
9,0021700496,18,3,11,1,8:13 PM,10:48,,,Ariza Free Throw 1 of 2 (1 PTS),1 - 7,6,5,2772,Trevor Ariza,1610612745.0,Houston,Rockets,HOU,0,0,,,,,,0,0,,,,,,0
10,0021700496,19,3,12,1,8:13 PM,10:48,,,Ariza Free Throw 2 of 2 (2 PTS),2 - 7,5,5,2772,Trevor Ariza,1610612745.0,Houston,Rockets,HOU,0,0,,,,,,0,0,,,,,,0
11,0021700496,20,1,79,1,8:13 PM,10:29,Anthony 21' Pullup Jump Shot (5 PTS) (Westbrook 2 AST),,,2 - 9,7,4,2546,Carmelo Anthony,1610612760.0,Oklahoma City,Thunder,OKC,4,201566,Russell Westbrook,1610612760.0,Oklahoma City,Thunder,OKC,0,0,,,,,,1
12,0021700496,22,2,79,1,8:13 PM,10:13,,,MISS Anderson 23' Pullup Jump Shot,,,5,201583,Ryan Anderson,1610612745.0,Houston,Rockets,HOU,0,0,,,,,,0,0,,,,,,1
13,0021700496,23,4,0,1,8:13 PM,10:11,Anthony REBOUND (Off:0 Def:2),,,,,4,2546,Carmelo Anthony,1610612760.0,Oklahoma City,Thunder,OKC,0,0,,,,,,0,0,,,,,,1
14,0021700496,24,2,98,1,8:14 PM,10:00,MISS George 2' Cutting Layup Shot,,,,,4,202331,Paul George,1610612760.0,Oklahoma City,Thunder,OKC,0,0,,,,,,0,0,,,,,,1
15,0021700496,25,4,0,1,8:14 PM,9:59,,,Capela REBOUND (Off:0 Def:1),,,5,203991,Clint Capela,1610612745.0,Houston,Rockets,HOU,0,0,,,,,,0,0,,,,,,1
16,0021700496,26,1,98,1,8:14 PM,9:53,,,Capela 1' Cutting Layup Shot (2 PTS) (Harden 1 AST),4 - 9,5,5,203991,Clint Capela,1610612745.0,Houston,Rockets,HOU,5,201935,James Harden,1610612745.0,Houston,Rockets,HOU,0,0,,,,,,1
17,0021700496,28,2,1,1,8:14 PM,9:34,MISS Anthony 25' 3PT Jump Shot,,,,,4,2546,Carmelo Anthony,1610612760.0,Oklahoma City,Thunder,OKC,0,0,,,,,,0,0,,,,,,1
18,0021700496,29,4,0,1,8:14 PM,9:31,,,Capela REBOUND (Off:0 Def:2),,,5,203991,Clint Capela,1610612745.0,Houston,Rockets,HOU,0,0,,,,,,0,0,,,,,,1
19,0021700496,30,2,73,1,8:14 PM,9:22,,,MISS Gordon 2' Driving Reverse Layup,,,5,201569,Eric Gordon,1610612745.0,Houston,Rockets,HOU,0,0,,,,,,0,0,,,,,,1
20,0021700496,31,4,0,1,8:14 PM,9:20,Anthony REBOUND (Off:0 Def:3),,,,,4,2546,Carmelo Anthony,1610612760.0,Oklahoma City,Thunder,OKC,0,0,,,,,,0,0,,,,,,1
21,0021700496,32,1,50,1,8:14 PM,9:15,Adams 1' Running Dunk (6 PTS) (Westbrook 3 AST),,,4 - 11,7,4,203500,Steven Adams,1610612760.0,Oklahoma City,Thunder,OKC,4,201566,Russell Westbrook,1610612760.0,Oklahoma City,Thunder,OKC,0,0,,,,,,1
22,0021700496,34,1,2,1,8:14 PM,9:07,,,Gordon  3PT Running Jump Shot (3 PTS) (Harden 2 AST),7 - 11,4,5,201569,Eric Gordon,1610612745.0,Houston,Rockets,HOU,5,201935,James Harden,1610612745.0,Houston,Rockets,HOU,0,0,,,,,,1
23,0021700496,36,1,1,1,8:15 PM,8:52,George 24' 3PT Jump Shot (3 PTS) (Westbrook 4 AST),,,7 - 14,7,4,202331,Paul George,1610612760.0,Oklahoma City,Thunder,OKC,4,201566,Russell Westbrook,1610612760.0,Oklahoma City,Thunder,OKC,0,0,,,,,,1
24,0021700496,38,1,58,1,8:15 PM,8:32,,,Capela 3' Turnaround Hook Shot (4 PTS) (Harden 3 AST),9 - 14,5,5,203991,Clint Capela,1610612745.0,Houston,Rockets,HOU,5,201935,James Harden,1610612745.0,Houston,Rockets,HOU,0,0,,,,,,1
25,0021700496,40,2,79,1,8:15 PM,8:22,MISS George 16' Pullup Jump Shot,,,,,4,202331,Paul George,1610612760.0,Oklahoma City,Thunder,OKC,0,0,,,,,,0,0,,,,,,1
26,0021700496,41,4,0,1,8:15 PM,8:19,,,Harden REBOUND (Off:0 Def:1),,,5,201935,James Harden,1610612745.0,Houston,Rockets,HOU,0,0,,,,,,0,0,,,,,,1
27,0021700496,42,1,98,1,8:15 PM,8:11,,,Capela 2' Cutting Layup Shot (6 PTS) (Harden 4 AST),11 - 14,3,5,203991,Clint Capela,1610612745.0,Houston,Rockets,HOU,5,201935,James Harden,1610612745.0,Houston,Rockets,HOU,0,0,,,,,,1
28,0021700496,44,2,79,1,8:16 PM,7:47,MISS Westbrook 18' Pullup Jump Shot,,,,,4,201566,Russell Westbrook,1610612760.0,Oklahoma City,Thunder,OKC,0,0,,,,,,0,0,,,,,,1
29,0021700496,45,4,0,1,8:16 PM,7:45,THUNDER Rebound,,,,,2,1610612760,,,,,,0,0,,,,,,0,0,,,,,,0
30,0021700496,46,1,1,1,8:16 PM,7:41,Adams 7' Jump Shot (8 PTS) (George 1 AST),,,11 - 16,5,4,203500,Steven Adams,1610612760.0,Oklahoma City,Thunder,OKC,4,202331,Paul George,1610612760.0,Oklahoma City,Thunder,OKC,0,0,,,,,,1
31,0021700496,48,1,79,1,8:16 PM,7:31,,,Ariza 25' 3PT Pullup Jump Shot (5 PTS),14 - 16,2,5,2772,Trevor Ariza,1610612745.0,Houston,Rockets,HOU,0,0,,,,,,0,0,,,,,,1
32,0021700496,49,1,43,1,8:17 PM,7:14,Roberson  Alley Oop Layup (2 PTS) (Westbrook 5 AST),,,14 - 18,4,4,203460,Andre Roberson,1610612760.0,Oklahoma City,Thunder,OKC,4,201566,Russell Westbrook,1610612760.0,Oklahoma City,Thunder,OKC,0,0,,,,,,1
33,0021700496,51,6,29,1,8:17 PM,7:07,Adams Shooting Block Foul (P1.T2) (T.Washington),,,,,4,203500,Steven Adams,1610612760.0,Oklahoma City,Thunder,OKC,5,201935,James Harden,1610612745.0,Houston,Rockets,HOU,1,0,,,,,,1
34,0021700496,53,3,11,1,8:17 PM,7:07,,,MISS Harden Free Throw 1 of 2,,,5,201935,James Harden,1610612745.0,Houston,Rockets,HOU,0,0,,,,,,0,0,,,,,,0
35,0021700496,54,4,1,1,8:17 PM,7:07,,,Rockets Rebound,,,3,1610612745,,,,,,0,0,,,,,,0,0,,,,,,0
36,0021700496,55,8,0,1,8:17 PM,7:07,SUB: Huestis FOR Roberson,,,,,4,203460,Andre Roberson,1610612760.0,Oklahoma City,Thunder,OKC,4,203962,Josh Huestis,1610612760.0,Oklahoma City,Thunder,OKC,0,0,,,,,,0
37,0021700496,57,3,12,1,8:18 PM,7:07,,,Harden Free Throw 2 of 2 (1 PTS),15 - 18,3,5,201935,James Harden,1610612745.0,Houston,Rockets,HOU,0,0,,,,,,0,0,,,,,,0
38,0021700496,58,6,2,1,8:18 PM,6:52,,,Capela S.FOUL (P1.T1) (T.Washington),,,5,203991,Clint Capela,1610612745.0,Houston,Rockets,HOU,4,2546,Carmelo Anthony,1610612760.0,Oklahoma City,Thunder,OKC,1,0,,,,,,1
39,0021700496,60,9,1,1,8:18 PM,6:52,THUNDER Timeout: Regular (Full 1 Short 0),,,,,2,1610612760,,,,,,0,0,,,,,,0,0,,,,,,0
40,0021700496,61,3,11,1,8:21 PM,6:52,Anthony Free Throw 1 of 2 (6 PTS),,,15 - 19,4,4,2546,Carmelo Anthony,1610612760.0,Oklahoma City,Thunder,OKC,0,0,,,,,,0,0,,,,,,0
41,0021700496,62,3,12,1,8:22 PM,6:52,Anthony Free Throw 2 of 2 (7 PTS),,,15 - 20,5,4,2546,Carmelo Anthony,1610612760.0,Oklahoma City,Thunder,OKC,0,0,,,,,,0,0,,,,,,0
42,0021700496,63,6,2,1,8:22 PM,6:38,Anthony S.FOUL (P2.T3) (T.Washington),,,,,4,2546,Carmelo Anthony,1610612760.0,Oklahoma City,Thunder,OKC,5,201935,James Harden,1610612745.0,Houston,Rockets,HOU,1,0,,,,,,1
43,0021700496,65,3,11,1,8:23 PM,6:38,,,Harden Free Throw 1 of 2 (2 PTS),16 - 20,4,5,201935,James Harden,1610612745.0,Houston,Rockets,HOU,0,0,,,,,,0,0,,,,,,0
44,0021700496,66,3,12,1,8:23 PM,6:38,,,Harden Free Throw 2 of 2 (3 PTS),17 - 20,3,5,201935,James Harden,1610612745.0,Houston,Rockets,HOU,0,0,,,,,,0,0,,,,,,0
45,0021700496,67,2,79,1,8:23 PM,6:26,MISS Westbrook 18' Pullup Jump Shot,,,,,4,201566,Russell Westbrook,1610612760.0,Oklahoma City,Thunder,OKC,0,0,,,,,,0,0,,,,,,1
46,0021700496,68,4,0,1,8:23 PM,6:24,,,Capela REBOUND (Off:0 Def:3),,,5,203991,Clint Capela,1610612745.0,Houston,Rockets,HOU,0,0,,,,,,0,0,,,,,,1
47,0021700496,69,2,98,1,8:23 PM,6:10,,,MISS Capela 2' Cutting Layup Shot,,,5,203991,Clint Capela,1610612745.0,Houston,Rockets,HOU,0,0,,,,,,0,0,,,,,,1
48,0021700496,70,4,0,1,8:23 PM,6:06,,,Ariza REBOUND (Off:1 Def:0),,,5,2772,Trevor Ariza,1610612745.0,Houston,Rockets,HOU,0,0,,,,,,0,0,,,,,,1
49,0021700496,71,1,6,1,8:24 PM,6:04,,,Ariza 1' Driving Layup (7 PTS),19 - 20,1,5,2772,Trevor Ariza,1610612745.0,Houston,Rockets,HOU,0,0,,,,,,0,0,,,,,,1
50,0021700496,72,2,1,1,8:24 PM,5:55,MISS George 25' 3PT Jump Shot,,,,,4,202331,Paul George,1610612760.0,Oklahoma City,Thunder,OKC,0,0,,,,,,0,0,,,,,,1
51,0021700496,73,4,0,1,8:24 PM,5:53,Adams REBOUND (Off:1 Def:0),,,,,4,203500,Steven Adams,1610612760.0,Oklahoma City,Thunder,OKC,0,0,,,,,,0,0,,,,,,1
52,0021700496,74,1,97,1,8:24 PM,5:53,Adams 1' Tip Layup Shot (10 PTS),,,19 - 22,3,4,203500,Steven Adams,1610612760.0,Oklahoma City,Thunder,OKC,0,0,,,,,,0,0,,,,,,1
53,0021700496,75,2,79,1,8:24 PM,5:36,,,MISS Harden 25' 3PT Pullup Jump Shot,,,5,201935,James Harden,1610612745.0,Houston,Rockets,HOU,0,0,,,,,,0,0,,,,,,1
54,0021700496,76,4,0,1,8:24 PM,5:36,Anthony REBOUND (Off:0 Def:4),,,,,4,2546,Carmelo Anthony,1610612760.0,Oklahoma City,Thunder,OKC,0,0,,,,,,0,0,,,,,,1
55,0021700496,77,2,79,1,8:24 PM,5:29,MISS Westbrook 18' Pullup Jump Shot,,,,,4,201566,Russell Westbrook,1610612760.0,Oklahoma City,Thunder,OKC,0,0,,,,,,0,0,,,,,,1
56,0021700496,78,4,0,1,8:24 PM,5:29,,,Anderson REBOUND (Off:0 Def:1),,,5,201583,Ryan Anderson,1610612745.0,Houston,Rockets,HOU,0,0,,,,,,0,0,,,,,,1
57,0021700496,79,2,43,1,8:24 PM,5:19,,,MISS Capela 7' Alley Oop Layup,,,5,203991,Clint Capela,1610612745.0,Houston,Rockets,HOU,0,0,,,,,,0,0,,,,,,1
58,0021700496,89,2,72,1,8:24 PM,5:18,Huestis BLOCK (1 BLK),,MISS Harden 2' Putback Layup,,,5,201935,James Harden,1610612745.0,Houston,Rockets,HOU,0,0,,,,,,4,203962,Josh Huestis,1610612760.0,Oklahoma City,Thunder,OKC,1
59,0021700496,91,4,0,1,8:24 PM,5:18,Adams REBOUND (Off:1 Def:1),,,,,4,203500,Steven Adams,1610612760.0,Oklahoma City,Thunder,OKC,0,0,,,,,,0,0,,,,,,1
60,0021700496,80,4,0,1,8:24 PM,5:18,,,Harden REBOUND (Off:1 Def:1),,,5,201935,James Harden,1610612745.0,Houston,Rockets,HOU,0,0,,,,,,0,0,,,,,,1
61,0021700496,81,2,79,1,8:24 PM,5:08,MISS Westbrook 14' Pullup Jump Shot,,,,,4,201566,Russell Westbrook,1610612760.0,Oklahoma City,Thunder,OKC,0,0,,,,,,0,0,,,,,,1
62,0021700496,82,4,0,1,8:25 PM,5:08,,,Capela REBOUND (Off:0 Def:4),,,5,203991,Clint Capela,1610612745.0,Houston,Rockets,HOU,0,0,,,,,,0,0,,,,,,1
63,0021700496,83,1,1,1,8:25 PM,4:44,,,Ariza  3PT Jump Shot (10 PTS) (Capela 1 AST),22 - 22,TIE,5,2772,Trevor Ariza,1610612745.0,Houston,Rockets,HOU,5,203991,Clint Capela,1610612745.0,Houston,Rockets,HOU,0,0,,,,,,1
64,0021700496,85,5,1,1,8:25 PM,4:25,George Bad Pass Turnover (P1.T1),,Capela STEAL (1 STL),,,4,202331,Paul George,1610612760.0,Oklahoma City,Thunder,OKC,5,203991,Clint Capela,1610612745.0,Houston,Rockets,HOU,0,0,,,,,,1
65,0021700496,87,1,6,1,8:25 PM,4:19,,,Ariza 1' Driving Layup (12 PTS),24 - 22,-2,5,2772,Trevor Ariza,1610612745.0,Houston,Rockets,HOU,0,0,,,,,,0,0,,,,,,1
66,0021700496,88,9,1,1,8:25 PM,4:19,THUNDER Timeout: Regular (Full 2 Short 0),,,,,2,1610612760,,,,,,0,0,,,,,,0,0,,,,,,0
67,0021700496,92,8,0,1,8:28 PM,4:19,SUB: Roberson FOR Anthony,,,,,4,2546,Carmelo Anthony,1610612760.0,Oklahoma City,Thunder,OKC,4,203460,Andre Roberson,1610612760.0,Oklahoma City,Thunder,OKC,0,0,,,,,,0
68,0021700496,93,8,0,1,8:28 PM,4:19,SUB: Grant FOR George,,,,,4,202331,Paul George,1610612760.0,Oklahoma City,Thunder,OKC,4,203924,Jerami Grant,1610612760.0,Oklahoma City,Thunder,OKC,0,0,,,,,,0
69,0021700496,94,8,0,1,8:28 PM,4:19,,,SUB: Weber FOR Gordon,,,5,201569,Eric Gordon,1610612745.0,Houston,Rockets,HOU,5,1627362,Briante Weber,1610612745.0,Houston,Rockets,HOU,0,0,,,,,,0
70,0021700496,95,8,0,1,8:28 PM,4:19,,,SUB: Nene FOR Capela,,,5,203991,Clint Capela,1610612745.0,Houston,Rockets,HOU,5,2403,Nene,1610612745.0,Houston,Rockets,HOU,0,0,,,,,,0
71,0021700496,96,8,0,1,8:28 PM,4:19,,,SUB: Tucker FOR Anderson,,,5,201583,Ryan Anderson,1610612745.0,Houston,Rockets,HOU,5,200782,P.J. Tucker,1610612745.0,Houston,Rockets,HOU,0,0,,,,,,0
72,0021700496,102,5,1,1,8:29 PM,4:05,Roberson Bad Pass Turnover (P1.T2),,Tucker STEAL (1 STL),,,4,203460,Andre Roberson,1610612760.0,Oklahoma City,Thunder,OKC,5,200782,P.J. Tucker,1610612745.0,Houston,Rockets,HOU,0,0,,,,,,1
73,0021700496,104,2,1,1,8:29 PM,3:44,,,MISS Weber  3PT Jump Shot,,,5,1627362,Briante Weber,1610612745.0,Houston,Rockets,HOU,0,0,,,,,,0,0,,,,,,1
74,0021700496,105,4,0,1,8:29 PM,3:40,Grant REBOUND (Off:0 Def:1),,,,,4,203924,Jerami Grant,1610612760.0,Oklahoma City,Thunder,OKC,0,0,,,,,,0,0,,,,,,1
75,0021700496,106,6,1,1,8:29 PM,3:38,,,Weber P.FOUL (P1.T2) (S.Twardoski),,,5,1627362,Briante Weber,1610612745.0,Houston,Rockets,HOU,4,201566,Russell Westbrook,1610612760.0,Oklahoma City,Thunder,OKC,1,0,,,,,,1
76,0021700496,108,2,79,1,8:30 PM,3:21,MISS Westbrook 16' Pullup Jump Shot,,,,,4,201566,Russell Westbrook,1610612760.0,Oklahoma City,Thunder,OKC,0,0,,,,,,0,0,,,,,,1
77,0021700496,110,4,0,1,8:30 PM,3:18,Adams REBOUND (Off:2 Def:1),,,,,4,203500,Steven Adams,1610612760.0,Oklahoma City,Thunder,OKC,0,0,,,,,,0,0,,,,,,1
78,0021700496,111,2,1,1,8:30 PM,3:16,MISS Adams 8' Jump Shot,,,,,4,203500,Steven Adams,1610612760.0,Oklahoma City,Thunder,OKC,0,0,,,,,,0,0,,,,,,1
79,0021700496,112,4,0,1,8:30 PM,3:16,,,Weber REBOUND (Off:0 Def:1),,,5,1627362,Briante Weber,1610612745.0,Houston,Rockets,HOU,0,0,,,,,,0,0,,,,,,1
80,0021700496,113,1,47,1,8:30 PM,3:06,,,Nene 8' Turnaround Jump Shot (2 PTS) (Harden 5 AST),26 - 22,-4,5,2403,Nene,1610612745.0,Houston,Rockets,HOU,5,201935,James Harden,1610612745.0,Houston,Rockets,HOU,0,0,,,,,,1
81,0021700496,115,2,6,1,8:30 PM,2:55,MISS Westbrook 1' Driving Layup,,,,,4,201566,Russell Westbrook,1610612760.0,Oklahoma City,Thunder,OKC,0,0,,,,,,0,0,,,,,,1
82,0021700496,116,4,0,1,8:31 PM,2:54,Adams REBOUND (Off:3 Def:1),,,,,4,203500,Steven Adams,1610612760.0,Oklahoma City,Thunder,OKC,0,0,,,,,,0,0,,,,,,1
83,0021700496,117,1,97,1,8:31 PM,2:54,Adams 1' Tip Layup Shot (12 PTS),,,26 - 24,-2,4,203500,Steven Adams,1610612760.0,Oklahoma City,Thunder,OKC,0,0,,,,,,0,0,,,,,,1
84,0021700496,118,6,1,1,8:31 PM,2:43,Roberson P.FOUL (P1.T4) (S.Twardoski),,,,,4,203460,Andre Roberson,1610612760.0,Oklahoma City,Thunder,OKC,5,201935,James Harden,1610612745.0,Houston,Rockets,HOU,1,0,,,,,,1
85,0021700496,120,8,0,1,8:31 PM,2:43,SUB: Felton FOR Westbrook,,,,,4,201566,Russell Westbrook,1610612760.0,Oklahoma City,Thunder,OKC,4,101109,Raymond Felton,1610612760.0,Oklahoma City,Thunder,OKC,0,0,,,,,,0
86,0021700496,121,8,0,1,8:31 PM,2:43,SUB: George FOR Roberson,,,,,4,203460,Andre Roberson,1610612760.0,Oklahoma City,Thunder,OKC,4,202331,Paul George,1610612760.0,Oklahoma City,Thunder,OKC,0,0,,,,,,0
87,0021700496,124,2,1,1,8:31 PM,2:40,,,MISS Harden 26' 3PT Jump Shot,,,5,201935,James Harden,1610612745.0,Houston,Rockets,HOU,0,0,,,,,,0,0,,,,,,1
88,0021700496,125,4,0,1,8:31 PM,2:40,Grant REBOUND (Off:0 Def:2),,,,,4,203924,Jerami Grant,1610612760.0,Oklahoma City,Thunder,OKC,0,0,,,,,,0,0,,,,,,1
89,0021700496,126,2,101,1,8:31 PM,2:27,MISS Grant 6' Driving Floating Jump Shot,,,,,4,203924,Jerami Grant,1610612760.0,Oklahoma City,Thunder,OKC,0,0,,,,,,0,0,,,,,,1
90,0021700496,127,4,0,1,8:31 PM,2:27,Adams REBOUND (Off:4 Def:1),,,,,4,203500,Steven Adams,1610612760.0,Oklahoma City,Thunder,OKC,0,0,,,,,,0,0,,,,,,1
91,0021700496,128,5,1,1,8:32 PM,2:16,Felton Bad Pass Turnover (P1.T3),,Tucker STEAL (2 STL),,,4,101109,Raymond Felton,1610612760.0,Oklahoma City,Thunder,OKC,5,200782,P.J. Tucker,1610612745.0,Houston,Rockets,HOU,0,0,,,,,,1
92,0021700496,130,2,80,1,8:32 PM,2:06,,,MISS Nene 19' Step Back Jump Shot,,,5,2403,Nene,1610612745.0,Houston,Rockets,HOU,0,0,,,,,,0,0,,,,,,1
93,0021700496,131,4,0,1,8:32 PM,2:04,Huestis REBOUND (Off:0 Def:1),,,,,4,203962,Josh Huestis,1610612760.0,Oklahoma City,Thunder,OKC,0,0,,,,,,0,0,,,,,,1
94,0021700496,132,2,5,1,8:32 PM,1:48,MISS Grant 2' Layup,,Nene BLOCK (1 BLK),,,4,203924,Jerami Grant,1610612760.0,Oklahoma City,Thunder,OKC,0,0,,,,,,5,2403,Nene,1610612745.0,Houston,Rockets,HOU,1
95,0021700496,134,4,0,1,8:32 PM,1:44,Adams REBOUND (Off:5 Def:1),,,,,4,203500,Steven Adams,1610612760.0,Oklahoma City,Thunder,OKC,0,0,,,,,,0,0,,,,,,1
96,0021700496,135,2,72,1,8:32 PM,1:44,MISS Adams 3' Putback Layup,,,,,4,203500,Steven Adams,1610612760.0,Oklahoma City,Thunder,OKC,0,0,,,,,,0,0,,,,,,1
97,0021700496,136,4,0,1,8:32 PM,1:42,,,Ariza REBOUND (Off:1 Def:1),,,5,2772,Trevor Ariza,1610612745.0,Houston,Rockets,HOU,0,0,,,,,,0,0,,,,,,1
98,0021700496,137,1,1,1,8:32 PM,1:28,,,Harden 27' 3PT Jump Shot (6 PTS) (Weber 1 AST),29 - 24,-5,5,201935,James Harden,1610612745.0,Houston,Rockets,HOU,5,1627362,Briante Weber,1610612745.0,Houston,Rockets,HOU,0,0,,,,,,1
99,0021700496,139,1,79,1,8:33 PM,1:03,George 25' 3PT Pullup Jump Shot (6 PTS),,,29 - 27,-2,4,202331,Paul George,1610612760.0,Oklahoma City,Thunder,OKC,0,0,,,,,,0,0,,,,,,1
100,0021700496,141,6,2,1,8:33 PM,1:03,,,Ariza S.FOUL (P1.T3) (N.Buchert),,,5,2772,Trevor Ariza,1610612745.0,Houston,Rockets,HOU,4,202331,Paul George,1610612760.0,Oklahoma City,Thunder,OKC,1,0,,,,,,1
101,0021700496,143,8,0,1,8:33 PM,1:03,SUB: Patterson FOR Adams,,,,,4,203500,Steven Adams,1610612760.0,Oklahoma City,Thunder,OKC,4,202335,Patrick Patterson,1610612760.0,Oklahoma City,Thunder,OKC,0,0,,,,,,0
102,0021700496,145,8,0,1,8:33 PM,1:03,,,SUB: Gordon FOR Harden,,,5,201935,James Harden,1610612745.0,Houston,Rockets,HOU,5,201569,Eric Gordon,1610612745.0,Houston,Rockets,HOU,0,0,,,,,,0
103,0021700496,147,3,10,1,8:34 PM,1:03,George Free Throw 1 of 1 (7 PTS),,,29 - 28,-1,4,202331,Paul George,1610612760.0,Oklahoma City,Thunder,OKC,0,0,,,,,,0,0,,,,,,0
104,0021700496,148,2,1,1,8:34 PM,0:42,Huestis BLOCK (2 BLK),,MISS Nene 3' Jump Shot,,,5,2403,Nene,1610612745.0,Houston,Rockets,HOU,0,0,,,,,,4,203962,Josh Huestis,1610612760.0,Oklahoma City,Thunder,OKC,1
105,0021700496,150,4,0,1,8:34 PM,0:40,Felton REBOUND (Off:0 Def:1),,,,,4,101109,Raymond Felton,1610612760.0,Oklahoma City,Thunder,OKC,0,0,,,,,,0,0,,,,,,1
106,0021700496,151,2,1,1,8:34 PM,0:37,MISS George 25' 3PT Jump Shot,,,,,4,202331,Paul George,1610612760.0,Oklahoma City,Thunder,OKC,0,0,,,,,,0,0,,,,,,1
107,0021700496,152,4,0,1,8:34 PM,0:33,,,Tucker REBOUND (Off:0 Def:1),,,5,200782,P.J. Tucker,1610612745.0,Houston,Rockets,HOU,0,0,,,,,,0,0,,,,,,1
108,0021700496,153,2,63,1,8:35 PM,0:12,Patterson BLOCK (1 BLK),,MISS Gordon 3' Fadeaway Jumper,,,5,201569,Eric Gordon,1610612745.0,Houston,Rockets,HOU,0,0,,,,,,4,202335,Patrick Patterson,1610612760.0,Oklahoma City,Thunder,OKC,1
109,0021700496,155,4,0,1,8:35 PM,0:09,,,Gordon REBOUND (Off:1 Def:0),,,5,201569,Eric Gordon,1610612745.0,Houston,Rockets,HOU,0,0,,,,,,0,0,,,,,,1
110,0021700496,156,2,63,1,8:35 PM,0:08,,,MISS Gordon 4' Fadeaway Jumper,,,5,201569,Eric Gordon,1610612745.0,Houston,Rockets,HOU,0,0,,,,,,0,0,,,,,,1
111,0021700496,157,4,0,1,8:35 PM,0:08,,,Nene REBOUND (Off:1 Def:0),,,5,2403,Nene,1610612745.0,Houston,Rockets,HOU,0,0,,,,,,0,0,,,,,,1
112,0021700496,158,6,2,1,8:35 PM,0:08,George S.FOUL (P1.PN) (N.Buchert),,,,,4,202331,Paul George,1610612760.0,Oklahoma City,Thunder,OKC,5,2403,Nene,1610612745.0,Houston,Rockets,HOU,1,0,,,,,,1
113,0021700496,160,3,11,1,8:35 PM,0:08,,,Nene Free Throw 1 of 2 (3 PTS),30 - 28,-2,5,2403,Nene,1610612745.0,Houston,Rockets,HOU,0,0,,,,,,0,0,,,,,,0
114,0021700496,161,3,12,1,8:35 PM,0:08,,,Nene Free Throw 2 of 2 (4 PTS),31 - 28,-3,5,2403,Nene,1610612745.0,Houston,Rockets,HOU,0,0,,,,,,0,0,,,,,,0
115,0021700496,162,5,2,1,8:35 PM,0:01,George Lost Ball Turnover (P2.T4),,Tucker STEAL (3 STL),,,4,202331,Paul George,1610612760.0,Oklahoma City,Thunder,OKC,5,200782,P.J. Tucker,1610612745.0,Houston,Rockets,HOU,0,0,,,,,,1
116,0021700496,165,18,0,1,8:35 PM,0:01,,,,31 - 28,-3,0,0,,,,,,0,0,,,,,,1,0,,,,,,0
117,0021700496,164,13,0,1,8:36 PM,0:00,,,,31 - 28,-3,0,0,,,,,,0,0,,,,,,0,0,,,,,,1
118,0021700496,170,12,0,2,8:39 PM,12:00,,,,31 - 28,-3,0,0,,,,,,0,0,,,,,,0,0,,,,,,0
119,0021700496,171,2,3,2,8:40 PM,11:44,,,MISS Nene 3' Hook Shot,,,5,2403,Nene,1610612745.0,Houston,Rockets,HOU,0,0,,,,,,0,0,,,,,,1
120,0021700496,172,4,0,2,8:40 PM,11:43,,,Anderson REBOUND (Off:1 Def:1),,,5,201583,Ryan Anderson,1610612745.0,Houston,Rockets,HOU,0,0,,,,,,0,0,,,,,,1
121,0021700496,173,1,97,2,8:40 PM,11:43,,,Anderson 1' Tip Layup Shot (2 PTS),33 - 28,-5,5,201583,Ryan Anderson,1610612745.0,Houston,Rockets,HOU,0,0,,,,,,0,0,,,,,,1
122,0021700496,174,2,6,2,8:40 PM,11:23,MISS Felton 2' Driving Layup,,Nene BLOCK (2 BLK),,,4,101109,Raymond Felton,1610612760.0,Oklahoma City,Thunder,OKC,0,0,,,,,,5,2403,Nene,1610612745.0,Houston,Rockets,HOU,1
123,0021700496,176,4,0,2,8:40 PM,11:23,,,Nene REBOUND (Off:1 Def:1),,,5,2403,Nene,1610612745.0,Houston,Rockets,HOU,0,0,,,,,,0,0,,,,,,1
124,0021700496,177,1,2,2,8:40 PM,11:17,,,Anderson 28' 3PT Running Jump Shot (5 PTS) (Weber 2 AST),36 - 28,-8,5,201583,Ryan Anderson,1610612745.0,Houston,Rockets,HOU,5,1627362,Briante Weber,1610612745.0,Houston,Rockets,HOU,0,0,,,,,,1
125,0021700496,179,1,6,2,8:40 PM,10:58,George  Driving Layup (9 PTS),,,36 - 30,-6,4,202331,Paul George,1610612760.0,Oklahoma City,Thunder,OKC,0,0,,,,,,0,0,,,,,,1
126,0021700496,180,2,98,2,8:40 PM,10:50,,,MISS Nene 1' Cutting Layup Shot,,,5,2403,Nene,1610612745.0,Houston,Rockets,HOU,0,0,,,,,,0,0,,,,,,1
127,0021700496,181,4,0,2,8:40 PM,10:49,,,Nene REBOUND (Off:2 Def:1),,,5,2403,Nene,1610612745.0,Houston,Rockets,HOU,0,0,,,,,,0,0,,,,,,1
128,0021700496,182,2,72,2,8:40 PM,10:48,Grant BLOCK (1 BLK),,MISS Nene 2' Putback Layup,,,5,2403,Nene,1610612745.0,Houston,Rockets,HOU,0,0,,,,,,4,203924,Jerami Grant,1610612760.0,Oklahoma City,Thunder,OKC,1
129,0021700496,184,4,0,2,8:41 PM,10:46,Abrines REBOUND (Off:0 Def:1),,,,,4,203518,Alex Abrines,1610612760.0,Oklahoma City,Thunder,OKC,0,0,,,,,,0,0,,,,,,1
130,0021700496,185,6,2,2,8:41 PM,10:38,,,Anderson S.FOUL (P1.T1) (N.Buchert),,,5,201583,Ryan Anderson,1610612745.0,Houston,Rockets,HOU,4,203924,Jerami Grant,1610612760.0,Oklahoma City,Thunder,OKC,1,0,,,,,,1
131,0021700496,187,3,11,2,8:41 PM,10:38,Grant Free Throw 1 of 2 (1 PTS),,,36 - 31,-5,4,203924,Jerami Grant,1610612760.0,Oklahoma City,Thunder,OKC,0,0,,,,,,0,0,,,,,,0
132,0021700496,188,3,12,2,8:41 PM,10:38,MISS Grant Free Throw 2 of 2,,,,,4,203924,Jerami Grant,1610612760.0,Oklahoma City,Thunder,OKC,0,0,,,,,,0,0,,,,,,0
133,0021700496,189,4,0,2,8:41 PM,10:36,,,Tucker REBOUND (Off:0 Def:2),,,5,200782,P.J. Tucker,1610612745.0,Houston,Rockets,HOU,0,0,,,,,,0,0,,,,,,1
134,0021700496,190,2,1,2,8:42 PM,10:22,,,MISS Gordon 26' 3PT Jump Shot,,,5,201569,Eric Gordon,1610612745.0,Houston,Rockets,HOU,0,0,,,,,,0,0,,,,,,1
135,0021700496,191,4,0,2,8:42 PM,10:19,Abrines REBOUND (Off:0 Def:2),,,,,4,203518,Alex Abrines,1610612760.0,Oklahoma City,Thunder,OKC,0,0,,,,,,0,0,,,,,,1
136,0021700496,192,1,1,2,8:42 PM,10:12,Grant 25' 3PT Jump Shot (4 PTS) (George 2 AST),,,36 - 34,-2,4,203924,Jerami Grant,1610612760.0,Oklahoma City,Thunder,OKC,4,202331,Paul George,1610612760.0,Oklahoma City,Thunder,OKC,0,0,,,,,,1
137,0021700496,194,1,98,2,8:42 PM,9:59,,,Gordon 2' Cutting Layup Shot (5 PTS) (Nene 1 AST),38 - 34,-4,5,201569,Eric Gordon,1610612745.0,Houston,Rockets,HOU,5,2403,Nene,1610612745.0,Houston,Rockets,HOU,0,0,,,,,,1
138,0021700496,196,5,1,2,8:42 PM,9:42,George Bad Pass Turnover (P3.T5),,Weber STEAL (1 STL),,,4,202331,Paul George,1610612760.0,Oklahoma City,Thunder,OKC,5,1627362,Briante Weber,1610612745.0,Houston,Rockets,HOU,0,0,,,,,,1
139,0021700496,212,2,41,2,8:42 PM,9:39,Felton BLOCK (1 BLK),,MISS Tucker 3' Running Layup,,,5,200782,P.J. Tucker,1610612745.0,Houston,Rockets,HOU,0,0,,,,,,4,101109,Raymond Felton,1610612760.0,Oklahoma City,Thunder,OKC,1
140,0021700496,214,4,0,2,8:42 PM,9:38,George REBOUND (Off:0 Def:1),,,,,4,202331,Paul George,1610612760.0,Oklahoma City,Thunder,OKC,0,0,,,,,,0,0,,,,,,1
141,0021700496,200,1,73,2,8:43 PM,9:17,Felton 2' Driving Reverse Layup (2 PTS),,,38 - 36,-2,4,101109,Raymond Felton,1610612760.0,Oklahoma City,Thunder,OKC,0,0,,,,,,0,0,,,,,,1
142,0021700496,201,5,45,2,8:43 PM,9:05,,,Gordon Out of Bounds - Bad Pass Turnover Turnover (P1.T2),,,5,201569,Eric Gordon,1610612745.0,Houston,Rockets,HOU,0,0,,,,,,1,0,,,,,,1
143,0021700496,202,8,0,2,8:43 PM,9:05,SUB: Anthony FOR Grant,,,,,4,203924,Jerami Grant,1610612760.0,Oklahoma City,Thunder,OKC,4,2546,Carmelo Anthony,1610612760.0,Oklahoma City,Thunder,OKC,0,0,,,,,,0
144,0021700496,203,8,0,2,8:43 PM,9:05,SUB: Westbrook FOR Abrines,,,,,4,203518,Alex Abrines,1610612760.0,Oklahoma City,Thunder,OKC,4,201566,Russell Westbrook,1610612760.0,Oklahoma City,Thunder,OKC,0,0,,,,,,0
145,0021700496,204,8,0,2,8:43 PM,9:05,,,SUB: Capela FOR Nene,,,5,2403,Nene,1610612745.0,Houston,Rockets,HOU,5,203991,Clint Capela,1610612745.0,Houston,Rockets,HOU,0,0,,,,,,0
146,0021700496,208,5,1,2,8:43 PM,8:53,George Bad Pass Turnover (P4.T6),,Gordon STEAL (1 STL),,,4,202331,Paul George,1610612760.0,Oklahoma City,Thunder,OKC,5,201569,Eric Gordon,1610612745.0,Houston,Rockets,HOU,0,0,,,,,,1
147,0021700496,210,6,1,2,8:44 PM,8:45,Patterson P.FOUL (P1.T1) (S.Twardoski),,,,,4,202335,Patrick Patterson,1610612760.0,Oklahoma City,Thunder,OKC,5,203991,Clint Capela,1610612745.0,Houston,Rockets,HOU,1,0,,,,,,1
148,0021700496,215,2,79,2,8:44 PM,8:36,,,MISS Weber 8' Pullup Jump Shot,,,5,1627362,Briante Weber,1610612745.0,Houston,Rockets,HOU,0,0,,,,,,0,0,,,,,,1
149,0021700496,216,4,0,2,8:44 PM,8:31,Westbrook REBOUND (Off:0 Def:1),,,,,4,201566,Russell Westbrook,1610612760.0,Oklahoma City,Thunder,OKC,0,0,,,,,,0,0,,,,,,1
150,0021700496,217,1,1,2,8:44 PM,8:30,Westbrook 16' Jump Shot (2 PTS),,,38 - 38,TIE,4,201566,Russell Westbrook,1610612760.0,Oklahoma City,Thunder,OKC,0,0,,,,,,0,0,,,,,,1
151,0021700496,218,5,2,2,8:45 PM,8:10,Westbrook STEAL (1 STL),,Gordon Lost Ball Turnover (P2.T3),,,5,201569,Eric Gordon,1610612745.0,Houston,Rockets,HOU,4,201566,Russell Westbrook,1610612760.0,Oklahoma City,Thunder,OKC,0,0,,,,,,1
152,0021700496,220,2,47,2,8:45 PM,8:00,MISS Westbrook 6' Turnaround Jump Shot,,Weber BLOCK (1 BLK),,,4,201566,Russell Westbrook,1610612760.0,Oklahoma City,Thunder,OKC,0,0,,,,,,5,1627362,Briante Weber,1610612745.0,Houston,Rockets,HOU,1
153,0021700496,222,4,0,2,8:45 PM,7:57,,,Anderson REBOUND (Off:1 Def:2),,,5,201583,Ryan Anderson,1610612745.0,Houston,Rockets,HOU,0,0,,,,,,0,0,,,,,,1
154,0021700496,223,1,98,2,8:45 PM,7:54,,,Tucker 1' Cutting Layup Shot (2 PTS) (Gordon 1 AST),40 - 38,-2,5,200782,P.J. Tucker,1610612745.0,Houston,Rockets,HOU,5,201569,Eric Gordon,1610612745.0,Houston,Rockets,HOU,0,0,,,,,,1
155,0021700496,276,9,1,2,8:46 PM,7:54,THUNDER Timeout: Regular (Full 3 Short 0),,,,,2,1610612760,,,,,,0,0,,,,,,0,0,,,,,,0
156,0021700496,225,8,0,2,8:47 PM,7:54,SUB: Huestis FOR George,,,,,4,202331,Paul George,1610612760.0,Oklahoma City,Thunder,OKC,4,203962,Josh Huestis,1610612760.0,Oklahoma City,Thunder,OKC,0,0,,,,,,0
157,0021700496,226,8,0,2,8:47 PM,7:54,,,SUB: Ariza FOR Weber,,,5,1627362,Briante Weber,1610612745.0,Houston,Rockets,HOU,5,2772,Trevor Ariza,1610612745.0,Houston,Rockets,HOU,0,0,,,,,,0
158,0021700496,227,8,0,2,8:47 PM,7:54,,,SUB: Harden FOR Tucker,,,5,200782,P.J. Tucker,1610612745.0,Houston,Rockets,HOU,5,201935,James Harden,1610612745.0,Houston,Rockets,HOU,0,0,,,,,,0
159,0021700496,231,2,1,2,8:49 PM,7:36,MISS Felton 25' 3PT Jump Shot,,,,,4,101109,Raymond Felton,1610612760.0,Oklahoma City,Thunder,OKC,0,0,,,,,,0,0,,,,,,1
160,0021700496,232,4,0,2,8:49 PM,7:33,,,Harden REBOUND (Off:1 Def:2),,,5,201935,James Harden,1610612745.0,Houston,Rockets,HOU,0,0,,,,,,0,0,,,,,,1
161,0021700496,233,2,1,2,8:49 PM,7:21,,,MISS Ariza  3PT Jump Shot,,,5,2772,Trevor Ariza,1610612745.0,Houston,Rockets,HOU,0,0,,,,,,0,0,,,,,,1
162,0021700496,234,4,0,2,8:49 PM,7:19,THUNDER Rebound,,,,,2,1610612760,,,,,,0,0,,,,,,0,0,,,,,,0
163,0021700496,235,6,3,2,8:49 PM,7:19,,,Capela L.B.FOUL (P2.T2) (N.Buchert),,,5,203991,Clint Capela,1610612745.0,Houston,Rockets,HOU,4,2546,Carmelo Anthony,1610612760.0,Oklahoma City,Thunder,OKC,1,0,,,,,,1
164,0021700496,237,8,0,2,8:49 PM,7:19,SUB: Adams FOR Patterson,,,,,4,202335,Patrick Patterson,1610612760.0,Oklahoma City,Thunder,OKC,4,203500,Steven Adams,1610612760.0,Oklahoma City,Thunder,OKC,0,0,,,,,,0
165,0021700496,239,2,47,2,8:49 PM,7:00,MISS Anthony 13' Turnaround Jump Shot,,,,,4,2546,Carmelo Anthony,1610612760.0,Oklahoma City,Thunder,OKC,0,0,,,,,,0,0,,,,,,1
166,0021700496,240,4,0,2,8:50 PM,6:54,,,Ariza REBOUND (Off:1 Def:2),,,5,2772,Trevor Ariza,1610612745.0,Houston,Rockets,HOU,0,0,,,,,,0,0,,,,,,1
167,0021700496,241,1,108,2,8:50 PM,6:48,,,Capela 1' Cutting Dunk Shot (8 PTS) (Harden 6 AST),42 - 38,-4,5,203991,Clint Capela,1610612745.0,Houston,Rockets,HOU,5,201935,James Harden,1610612745.0,Houston,Rockets,HOU,0,0,,,,,,1
168,0021700496,243,2,6,2,8:50 PM,6:33,MISS Anthony 2' Driving Layup,,,,,4,2546,Carmelo Anthony,1610612760.0,Oklahoma City,Thunder,OKC,0,0,,,,,,0,0,,,,,,1
169,0021700496,245,4,0,2,8:50 PM,6:30,Adams REBOUND (Off:6 Def:1),,,,,4,203500,Steven Adams,1610612760.0,Oklahoma City,Thunder,OKC,0,0,,,,,,0,0,,,,,,1
170,0021700496,246,5,11,2,8:50 PM,6:24,THUNDER Turnover: Shot Clock (T#7),,,,,2,1610612760,,,,,,0,0,,,,,,1,0,,,,,,0
171,0021700496,247,8,0,2,8:51 PM,6:24,SUB: George FOR Felton,,,,,4,101109,Raymond Felton,1610612760.0,Oklahoma City,Thunder,OKC,4,202331,Paul George,1610612760.0,Oklahoma City,Thunder,OKC,0,0,,,,,,0
172,0021700496,248,8,0,2,8:51 PM,6:24,SUB: Roberson FOR Huestis,,,,,4,203962,Josh Huestis,1610612760.0,Oklahoma City,Thunder,OKC,4,203460,Andre Roberson,1610612760.0,Oklahoma City,Thunder,OKC,0,0,,,,,,0
173,0021700496,251,6,2,2,8:51 PM,6:11,George S.FOUL (P2.T2) (S.Twardoski),,,,,4,202331,Paul George,1610612760.0,Oklahoma City,Thunder,OKC,5,201583,Ryan Anderson,1610612745.0,Houston,Rockets,HOU,1,0,,,,,,1
174,0021700496,253,3,13,2,8:51 PM,6:11,,,Anderson Free Throw 1 of 3 (6 PTS),43 - 38,-5,5,201583,Ryan Anderson,1610612745.0,Houston,Rockets,HOU,0,0,,,,,,0,0,,,,,,0
175,0021700496,254,3,14,2,8:52 PM,6:11,,,Anderson Free Throw 2 of 3 (7 PTS),44 - 38,-6,5,201583,Ryan Anderson,1610612745.0,Houston,Rockets,HOU,0,0,,,,,,0,0,,,,,,0
176,0021700496,255,3,15,2,8:52 PM,6:11,,,Anderson Free Throw 3 of 3 (8 PTS),45 - 38,-7,5,201583,Ryan Anderson,1610612745.0,Houston,Rockets,HOU,0,0,,,,,,0,0,,,,,,0
177,0021700496,256,1,79,2,8:52 PM,6:02,Westbrook 12' Pullup Jump Shot (4 PTS),,,45 - 40,-5,4,201566,Russell Westbrook,1610612760.0,Oklahoma City,Thunder,OKC,0,0,,,,,,0,0,,,,,,1
178,0021700496,257,6,2,2,8:52 PM,6:02,,,Anderson S.FOUL (P2.T3) (N.Buchert),,,5,201583,Ryan Anderson,1610612745.0,Houston,Rockets,HOU,4,201566,Russell Westbrook,1610612760.0,Oklahoma City,Thunder,OKC,1,0,,,,,,1
179,0021700496,259,3,10,2,8:52 PM,6:02,MISS Westbrook Free Throw 1 of 1,,,,,4,201566,Russell Westbrook,1610612760.0,Oklahoma City,Thunder,OKC,0,0,,,,,,0,0,,,,,,0
180,0021700496,260,4,0,2,8:52 PM,5:59,Roberson REBOUND (Off:1 Def:0),,,,,4,203460,Andre Roberson,1610612760.0,Oklahoma City,Thunder,OKC,0,0,,,,,,0,0,,,,,,1
181,0021700496,261,2,6,2,8:53 PM,5:53,MISS Westbrook 3' Driving Layup,,,,,4,201566,Russell Westbrook,1610612760.0,Oklahoma City,Thunder,OKC,0,0,,,,,,0,0,,,,,,1
182,0021700496,262,4,0,2,8:53 PM,5:51,,,Harden REBOUND (Off:1 Def:3),,,5,201935,James Harden,1610612745.0,Houston,Rockets,HOU,0,0,,,,,,0,0,,,,,,1
183,0021700496,263,1,108,2,8:53 PM,5:43,,,Capela 1' Cutting Dunk Shot (10 PTS) (Anderson 1 AST),47 - 40,-7,5,203991,Clint Capela,1610612745.0,Houston,Rockets,HOU,5,201583,Ryan Anderson,1610612745.0,Houston,Rockets,HOU,0,0,,,,,,1
184,0021700496,265,1,1,2,8:53 PM,5:23,Anthony  3PT Jump Shot (10 PTS) (George 3 AST),,,47 - 43,-4,4,2546,Carmelo Anthony,1610612760.0,Oklahoma City,Thunder,OKC,4,202331,Paul George,1610612760.0,Oklahoma City,Thunder,OKC,0,0,,,,,,1
185,0021700496,268,2,1,2,8:54 PM,4:57,Roberson BLOCK (1 BLK),,MISS Harden  3PT Jump Shot,,,5,201935,James Harden,1610612745.0,Houston,Rockets,HOU,0,0,,,,,,4,203460,Andre Roberson,1610612760.0,Oklahoma City,Thunder,OKC,1
186,0021700496,270,4,0,2,8:54 PM,4:54,George REBOUND (Off:0 Def:2),,,,,4,202331,Paul George,1610612760.0,Oklahoma City,Thunder,OKC,0,0,,,,,,0,0,,,,,,1
187,0021700496,271,2,41,2,8:54 PM,4:51,MISS Westbrook 2' Running Layup,,,,,4,201566,Russell Westbrook,1610612760.0,Oklahoma City,Thunder,OKC,0,0,,,,,,0,0,,,,,,1
188,0021700496,272,4,0,2,8:54 PM,4:51,,,Rockets Rebound,,,3,1610612745,,,,,,0,0,,,,,,0,0,,,,,,0
189,0021700496,273,7,5,2,8:54 PM,4:43,Roberson Violation:Kicked Ball (N.Buchert),,,,,4,203460,Andre Roberson,1610612760.0,Oklahoma City,Thunder,OKC,0,0,,,,,,1,0,,,,,,0
190,0021700496,274,8,0,2,8:54 PM,4:43,,,SUB: Tucker FOR Anderson,,,5,201583,Ryan Anderson,1610612745.0,Houston,Rockets,HOU,5,200782,P.J. Tucker,1610612745.0,Houston,Rockets,HOU,0,0,,,,,,0
191,0021700496,277,6,2,2,8:55 PM,4:28,Anthony S.FOUL (P3.T3) (N.Buchert),,,,,4,2546,Carmelo Anthony,1610612760.0,Oklahoma City,Thunder,OKC,5,201935,James Harden,1610612745.0,Houston,Rockets,HOU,1,0,,,,,,1
192,0021700496,279,3,13,2,8:55 PM,4:28,,,Harden Free Throw 1 of 3 (7 PTS),48 - 43,-5,5,201935,James Harden,1610612745.0,Houston,Rockets,HOU,0,0,,,,,,0,0,,,,,,0
193,0021700496,280,3,14,2,8:55 PM,4:28,,,Harden Free Throw 2 of 3 (8 PTS),49 - 43,-6,5,201935,James Harden,1610612745.0,Houston,Rockets,HOU,0,0,,,,,,0,0,,,,,,0
194,0021700496,281,3,15,2,8:56 PM,4:28,,,Harden Free Throw 3 of 3 (9 PTS),50 - 43,-7,5,201935,James Harden,1610612745.0,Houston,Rockets,HOU,0,0,,,,,,0,0,,,,,,0
195,0021700496,282,1,98,2,8:56 PM,4:17,Adams  Cutting Layup Shot (14 PTS) (Westbrook 6 AST),,,50 - 45,-5,4,203500,Steven Adams,1610612760.0,Oklahoma City,Thunder,OKC,4,201566,Russell Westbrook,1610612760.0,Oklahoma City,Thunder,OKC,0,0,,,,,,1
196,0021700496,284,6,2,2,8:56 PM,4:17,,,Capela S.FOUL (P3.T4) (N.Buchert),,,5,203991,Clint Capela,1610612745.0,Houston,Rockets,HOU,4,203500,Steven Adams,1610612760.0,Oklahoma City,Thunder,OKC,1,0,,,,,,1
197,0021700496,286,8,0,2,8:56 PM,4:17,,,SUB: Nene FOR Capela,,,5,203991,Clint Capela,1610612745.0,Houston,Rockets,HOU,5,2403,Nene,1610612745.0,Houston,Rockets,HOU,0,0,,,,,,0
198,0021700496,288,3,10,2,8:56 PM,4:17,Adams Free Throw 1 of 1 (15 PTS),,,50 - 46,-4,4,203500,Steven Adams,1610612760.0,Oklahoma City,Thunder,OKC,0,0,,,,,,0,0,,,,,,0
199,0021700496,289,2,1,2,8:57 PM,4:02,,,MISS Tucker 12' Jump Shot,,,5,200782,P.J. Tucker,1610612745.0,Houston,Rockets,HOU,0,0,,,,,,0,0,,,,,,1
200,0021700496,290,4,0,2,8:57 PM,3:59,Anthony REBOUND (Off:0 Def:5),,,,,4,2546,Carmelo Anthony,1610612760.0,Oklahoma City,Thunder,OKC,0,0,,,,,,0,0,,,,,,1
201,0021700496,291,2,79,2,8:57 PM,3:42,MISS Westbrook  3PT Pullup Jump Shot,,,,,4,201566,Russell Westbrook,1610612760.0,Oklahoma City,Thunder,OKC,0,0,,,,,,0,0,,,,,,1
202,0021700496,292,4,0,2,8:57 PM,3:39,,,Harden REBOUND (Off:1 Def:4),,,5,201935,James Harden,1610612745.0,Houston,Rockets,HOU,0,0,,,,,,0,0,,,,,,1
203,0021700496,293,6,1,2,8:57 PM,3:37,Westbrook P.FOUL (P1.T4) (S.Twardoski),,,,,4,201566,Russell Westbrook,1610612760.0,Oklahoma City,Thunder,OKC,5,201935,James Harden,1610612745.0,Houston,Rockets,HOU,1,0,,,,,,1
204,0021700496,297,5,2,2,8:58 PM,3:23,Westbrook STEAL (2 STL),,Nene Lost Ball Turnover (P1.T4),,,5,2403,Nene,1610612745.0,Houston,Rockets,HOU,4,201566,Russell Westbrook,1610612760.0,Oklahoma City,Thunder,OKC,0,0,,,,,,1
205,0021700496,299,6,3,2,8:58 PM,3:23,,,Nene L.B.FOUL (P1.PN) (S.Twardoski),,,5,2403,Nene,1610612745.0,Houston,Rockets,HOU,4,201566,Russell Westbrook,1610612760.0,Oklahoma City,Thunder,OKC,1,0,,,,,,1
206,0021700496,301,3,11,2,8:58 PM,3:23,Westbrook Free Throw 1 of 2 (5 PTS),,,50 - 47,-3,4,201566,Russell Westbrook,1610612760.0,Oklahoma City,Thunder,OKC,0,0,,,,,,0,0,,,,,,0
207,0021700496,302,3,12,2,8:59 PM,3:23,Westbrook Free Throw 2 of 2 (6 PTS),,,50 - 48,-2,4,201566,Russell Westbrook,1610612760.0,Oklahoma City,Thunder,OKC,0,0,,,,,,0,0,,,,,,0
208,0021700496,303,1,79,2,8:59 PM,3:11,,,Gordon 25' 3PT Pullup Jump Shot (8 PTS) (Harden 7 AST),53 - 48,-5,5,201569,Eric Gordon,1610612745.0,Houston,Rockets,HOU,5,201935,James Harden,1610612745.0,Houston,Rockets,HOU,0,0,,,,,,1
209,0021700496,305,1,1,2,8:59 PM,2:55,Anthony 12' Jump Shot (12 PTS),,,53 - 50,-3,4,2546,Carmelo Anthony,1610612760.0,Oklahoma City,Thunder,OKC,0,0,,,,,,0,0,,,,,,1
210,0021700496,306,1,98,2,8:59 PM,2:42,,,Nene 1' Cutting Layup Shot (6 PTS) (Tucker 1 AST),55 - 50,-5,5,2403,Nene,1610612745.0,Houston,Rockets,HOU,5,200782,P.J. Tucker,1610612745.0,Houston,Rockets,HOU,0,0,,,,,,1
211,0021700496,308,6,2,2,9:00 PM,2:42,George S.FOUL (P3.PN) (N.Buchert),,,,,4,202331,Paul George,1610612760.0,Oklahoma City,Thunder,OKC,5,2403,Nene,1610612745.0,Houston,Rockets,HOU,1,0,,,,,,1
212,0021700496,310,9,1,2,9:00 PM,2:42,,,Rockets Timeout: Regular (Reg.1 Short 0),,,3,1610612745,,,,,,0,0,,,,,,0,0,,,,,,0
213,0021700496,311,3,10,2,9:03 PM,2:42,,,MISS Nene Free Throw 1 of 1,,,5,2403,Nene,1610612745.0,Houston,Rockets,HOU,0,0,,,,,,0,0,,,,,,0
214,0021700496,312,4,0,2,9:03 PM,2:40,Westbrook REBOUND (Off:0 Def:2),,,,,4,201566,Russell Westbrook,1610612760.0,Oklahoma City,Thunder,OKC,0,0,,,,,,0,0,,,,,,1
215,0021700496,313,1,79,2,9:03 PM,2:23,Anthony 15' Pullup Jump Shot (14 PTS),,,55 - 52,-3,4,2546,Carmelo Anthony,1610612760.0,Oklahoma City,Thunder,OKC,0,0,,,,,,0,0,,,,,,1
216,0021700496,314,5,1,2,9:04 PM,2:09,Roberson STEAL (2 STL),,Gordon Bad Pass Turnover (P3.T5),,,5,201569,Eric Gordon,1610612745.0,Houston,Rockets,HOU,4,203460,Andre Roberson,1610612760.0,Oklahoma City,Thunder,OKC,0,0,,,,,,1
217,0021700496,316,1,41,2,9:04 PM,2:05,Westbrook 1' Running Layup (8 PTS) (Roberson 2 AST),,,55 - 54,-1,4,201566,Russell Westbrook,1610612760.0,Oklahoma City,Thunder,OKC,4,203460,Andre Roberson,1610612760.0,Oklahoma City,Thunder,OKC,0,0,,,,,,1
218,0021700496,318,5,40,2,9:04 PM,1:53,,,Gordon Out of Bounds Lost Ball Turnover (P4.T6),,,5,201569,Eric Gordon,1610612745.0,Houston,Rockets,HOU,0,0,,,,,,1,0,,,,,,1
219,0021700496,319,8,0,2,9:04 PM,1:53,SUB: Grant FOR Anthony,,,,,4,2546,Carmelo Anthony,1610612760.0,Oklahoma City,Thunder,OKC,4,203924,Jerami Grant,1610612760.0,Oklahoma City,Thunder,OKC,0,0,,,,,,0
220,0021700496,321,1,1,2,9:04 PM,1:38,Grant 22' Jump Shot (6 PTS) (George 4 AST),,,55 - 56,1,4,203924,Jerami Grant,1610612760.0,Oklahoma City,Thunder,OKC,4,202331,Paul George,1610612760.0,Oklahoma City,Thunder,OKC,0,0,,,,,,1
221,0021700496,323,2,80,2,9:05 PM,1:12,,,MISS Harden 26' 3PT Step Back Jump Shot,,,5,201935,James Harden,1610612745.0,Houston,Rockets,HOU,0,0,,,,,,0,0,,,,,,1
222,0021700496,324,4,0,2,9:05 PM,1:10,Adams REBOUND (Off:6 Def:2),,,,,4,203500,Steven Adams,1610612760.0,Oklahoma City,Thunder,OKC,0,0,,,,,,0,0,,,,,,1
223,0021700496,325,1,79,2,9:05 PM,1:05,Westbrook 15' Pullup Jump Shot (10 PTS),,,55 - 58,3,4,201566,Russell Westbrook,1610612760.0,Oklahoma City,Thunder,OKC,0,0,,,,,,0,0,,,,,,1
224,0021700496,326,6,1,2,9:05 PM,0:49,Roberson P.FOUL (P2.PN) (N.Buchert),,,,,4,203460,Andre Roberson,1610612760.0,Oklahoma City,Thunder,OKC,5,201935,James Harden,1610612745.0,Houston,Rockets,HOU,1,0,,,,,,1
225,0021700496,328,3,11,2,9:06 PM,0:49,,,Harden Free Throw 1 of 2 (10 PTS),56 - 58,2,5,201935,James Harden,1610612745.0,Houston,Rockets,HOU,0,0,,,,,,0,0,,,,,,0
226,0021700496,329,3,12,2,9:06 PM,0:49,,,Harden Free Throw 2 of 2 (11 PTS),57 - 58,1,5,201935,James Harden,1610612745.0,Houston,Rockets,HOU,0,0,,,,,,0,0,,,,,,0
227,0021700496,330,2,101,2,9:06 PM,0:28,MISS Roberson 8' Driving Floating Jump Shot,,,,,4,203460,Andre Roberson,1610612760.0,Oklahoma City,Thunder,OKC,0,0,,,,,,0,0,,,,,,1
228,0021700496,331,4,0,2,9:06 PM,0:26,,,Tucker REBOUND (Off:0 Def:3),,,5,200782,P.J. Tucker,1610612745.0,Houston,Rockets,HOU,0,0,,,,,,0,0,,,,,,1
229,0021700496,332,2,101,2,9:07 PM,0:03,,,MISS Harden 4' Driving Floating Jump Shot,,,5,201935,James Harden,1610612745.0,Houston,Rockets,HOU,0,0,,,,,,0,0,,,,,,1
230,0021700496,336,4,0,2,9:07 PM,0:03,,,Rockets Rebound,,,3,1610612745,,,,,,0,0,,,,,,0,0,,,,,,0
231,0021700496,333,5,11,2,9:07 PM,0:03,,,Rockets Turnover: Shot Clock (T#7),,,3,1610612745,,,,,,0,0,,,,,,1,0,,,,,,0
232,0021700496,334,5,1,2,9:07 PM,0:00,Westbrook Bad Pass Turnover (P1.T8),,Harden STEAL (1 STL),,,4,201566,Russell Westbrook,1610612760.0,Oklahoma City,Thunder,OKC,5,201935,James Harden,1610612745.0,Houston,Rockets,HOU,0,0,,,,,,1
233,0021700496,337,2,2,2,9:07 PM,0:00,,,MISS Harden 55' 3PT Running Jump Shot,,,5,201935,James Harden,1610612745.0,Houston,Rockets,HOU,0,0,,,,,,0,0,,,,,,1
234,0021700496,338,4,0,2,9:07 PM,0:00,,,Rockets Rebound,,,3,1610612745,,,,,,0,0,,,,,,0,0,,,,,,0
235,0021700496,339,13,0,2,9:09 PM,0:00,,,,57 - 58,1,0,0,,,,,,0,0,,,,,,0,0,,,,,,1
236,0021700496,346,12,0,3,9:23 PM,12:00,,,,57 - 58,1,0,0,,,,,,0,0,,,,,,0,0,,,,,,0
237,0021700496,347,2,1,3,9:23 PM,11:47,,,MISS Anderson  3PT Jump Shot,,,5,201583,Ryan Anderson,1610612745.0,Houston,Rockets,HOU,0,0,,,,,,0,0,,,,,,1
238,0021700496,348,4,0,3,9:23 PM,11:43,,,Capela REBOUND (Off:1 Def:4),,,5,203991,Clint Capela,1610612745.0,Houston,Rockets,HOU,0,0,,,,,,0,0,,,,,,1
239,0021700496,350,1,108,3,9:23 PM,11:22,,,Capela  Cutting Dunk Shot (12 PTS) (Harden 8 AST),59 - 58,-1,5,203991,Clint Capela,1610612745.0,Houston,Rockets,HOU,5,201935,James Harden,1610612745.0,Houston,Rockets,HOU,0,0,,,,,,1
240,0021700496,352,1,79,3,9:24 PM,10:56,Anthony 21' Pullup Jump Shot (16 PTS),,,59 - 60,1,4,2546,Carmelo Anthony,1610612760.0,Oklahoma City,Thunder,OKC,0,0,,,,,,0,0,,,,,,1
241,0021700496,353,2,1,3,9:24 PM,10:41,,,MISS Ariza 24' 3PT Jump Shot,,,5,2772,Trevor Ariza,1610612745.0,Houston,Rockets,HOU,0,0,,,,,,0,0,,,,,,1
242,0021700496,354,4,0,3,9:24 PM,10:37,Roberson REBOUND (Off:1 Def:1),,,,,4,203460,Andre Roberson,1610612760.0,Oklahoma City,Thunder,OKC,0,0,,,,,,0,0,,,,,,1
243,0021700496,356,5,45,3,9:25 PM,10:27,Westbrook Out of Bounds - Bad Pass Turnover Turnover (P2.T9),,,,,4,201566,Russell Westbrook,1610612760.0,Oklahoma City,Thunder,OKC,0,0,,,,,,1,0,,,,,,1
244,0021700496,357,7,5,3,9:25 PM,10:18,Roberson Violation:Kicked Ball (S.Twardoski),,,,,4,203460,Andre Roberson,1610612760.0,Oklahoma City,Thunder,OKC,0,0,,,,,,1,0,,,,,,0
245,0021700496,358,2,6,3,9:25 PM,10:03,Adams BLOCK (1 BLK),,MISS Capela 4' Driving Layup,,,5,203991,Clint Capela,1610612745.0,Houston,Rockets,HOU,0,0,,,,,,4,203500,Steven Adams,1610612760.0,Oklahoma City,Thunder,OKC,1
246,0021700496,360,4,0,3,9:25 PM,10:02,Roberson REBOUND (Off:1 Def:2),,,,,4,203460,Andre Roberson,1610612760.0,Oklahoma City,Thunder,OKC,0,0,,,,,,0,0,,,,,,1
247,0021700496,361,1,79,3,9:26 PM,9:53,George  3PT Pullup Jump Shot (12 PTS) (Roberson 3 AST),,,59 - 63,4,4,202331,Paul George,1610612760.0,Oklahoma City,Thunder,OKC,4,203460,Andre Roberson,1610612760.0,Oklahoma City,Thunder,OKC,0,0,,,,,,1
248,0021700496,363,5,1,3,9:26 PM,9:29,Roberson STEAL (3 STL),,Gordon Bad Pass Turnover (P5.T8),,,5,201569,Eric Gordon,1610612745.0,Houston,Rockets,HOU,4,203460,Andre Roberson,1610612760.0,Oklahoma City,Thunder,OKC,0,0,,,,,,1
249,0021700496,365,1,50,3,9:26 PM,9:26,Westbrook 1' Running Dunk (12 PTS) (Roberson 4 AST),,,59 - 65,6,4,201566,Russell Westbrook,1610612760.0,Oklahoma City,Thunder,OKC,4,203460,Andre Roberson,1610612760.0,Oklahoma City,Thunder,OKC,0,0,,,,,,1
250,0021700496,367,9,1,3,9:26 PM,9:26,,,Rockets Timeout: Regular (Reg.2 Short 0),,,3,1610612745,,,,,,0,0,,,,,,0,0,,,,,,0
251,0021700496,368,5,1,3,9:30 PM,9:15,Westbrook STEAL (3 STL),,Harden Bad Pass Turnover (P1.T9),,,5,201935,James Harden,1610612745.0,Houston,Rockets,HOU,4,201566,Russell Westbrook,1610612760.0,Oklahoma City,Thunder,OKC,0,0,,,,,,1
252,0021700496,370,1,41,3,9:30 PM,9:09,Westbrook 1' Running Layup (14 PTS),,,59 - 67,8,4,201566,Russell Westbrook,1610612760.0,Oklahoma City,Thunder,OKC,0,0,,,,,,0,0,,,,,,1
253,0021700496,372,6,6,3,9:30 PM,9:08,Roberson AWAY.FROM.PLAY.FOUL (P3.T1) (N.Buchert),,,,,4,203460,Andre Roberson,1610612760.0,Oklahoma City,Thunder,OKC,5,201935,James Harden,1610612745.0,Houston,Rockets,HOU,1,0,,,,,,1
254,0021700496,374,3,10,3,9:30 PM,9:08,,,Harden Free Throw 1 of 1 (12 PTS),60 - 67,7,5,201935,James Harden,1610612745.0,Houston,Rockets,HOU,0,0,,,,,,0,0,,,,,,0
255,0021700496,375,1,6,3,9:31 PM,8:55,,,Ariza 1' Driving Layup (14 PTS),62 - 67,5,5,2772,Trevor Ariza,1610612745.0,Houston,Rockets,HOU,0,0,,,,,,0,0,,,,,,1
256,0021700496,376,5,1,3,9:31 PM,8:34,Westbrook Bad Pass Turnover (P3.T10),,Harden STEAL (2 STL),,,4,201566,Russell Westbrook,1610612760.0,Oklahoma City,Thunder,OKC,5,201935,James Harden,1610612745.0,Houston,Rockets,HOU,0,0,,,,,,1
257,0021700496,378,1,2,3,9:31 PM,8:30,,,Anderson 24' 3PT Running Jump Shot (11 PTS) (Harden 9 AST),65 - 67,2,5,201583,Ryan Anderson,1610612745.0,Houston,Rockets,HOU,5,201935,James Harden,1610612745.0,Houston,Rockets,HOU,0,0,,,,,,1
258,0021700496,380,1,80,3,9:31 PM,8:12,George 16' Step Back Jump Shot (14 PTS) (Westbrook 7 AST),,,65 - 69,4,4,202331,Paul George,1610612760.0,Oklahoma City,Thunder,OKC,4,201566,Russell Westbrook,1610612760.0,Oklahoma City,Thunder,OKC,0,0,,,,,,1
259,0021700496,382,1,1,3,9:32 PM,7:50,,,Harden 27' 3PT Jump Shot (15 PTS) (Anderson 2 AST),68 - 69,1,5,201935,James Harden,1610612745.0,Houston,Rockets,HOU,5,201583,Ryan Anderson,1610612745.0,Houston,Rockets,HOU,0,0,,,,,,1
260,0021700496,384,1,1,3,9:32 PM,7:25,Westbrook 18' Jump Shot (16 PTS) (Roberson 5 AST),,,68 - 71,3,4,201566,Russell Westbrook,1610612760.0,Oklahoma City,Thunder,OKC,4,203460,Andre Roberson,1610612760.0,Oklahoma City,Thunder,OKC,0,0,,,,,,1
261,0021700496,402,2,98,3,9:32 PM,7:12,Adams BLOCK (2 BLK),,MISS Capela 1' Cutting Layup Shot,,,5,203991,Clint Capela,1610612745.0,Houston,Rockets,HOU,0,0,,,,,,4,203500,Steven Adams,1610612760.0,Oklahoma City,Thunder,OKC,1
262,0021700496,404,4,0,3,9:32 PM,7:11,,,Capela REBOUND (Off:2 Def:4),,,5,203991,Clint Capela,1610612745.0,Houston,Rockets,HOU,0,0,,,,,,0,0,,,,,,1
263,0021700496,386,1,7,3,9:32 PM,7:09,,,Capela 1' Dunk (14 PTS),70 - 71,1,5,203991,Clint Capela,1610612745.0,Houston,Rockets,HOU,0,0,,,,,,0,0,,,,,,1
264,0021700496,388,6,1,3,9:33 PM,6:52,,,Gordon P.FOUL (P1.T1) (N.Buchert),,,5,201569,Eric Gordon,1610612745.0,Houston,Rockets,HOU,4,201566,Russell Westbrook,1610612760.0,Oklahoma City,Thunder,OKC,1,0,,,,,,1
265,0021700496,390,1,47,3,9:33 PM,6:43,Anthony 11' Turnaround Jump Shot (18 PTS),,,70 - 73,3,4,2546,Carmelo Anthony,1610612760.0,Oklahoma City,Thunder,OKC,0,0,,,,,,0,0,,,,,,1
266,0021700496,391,5,1,3,9:33 PM,6:23,,,Anderson Bad Pass Turnover (P1.T10),,,5,201583,Ryan Anderson,1610612745.0,Houston,Rockets,HOU,0,0,,,,,,0,0,,,,,,1
267,0021700496,392,2,1,3,9:34 PM,6:13,MISS Anthony 24' 3PT Jump Shot,,,,,4,2546,Carmelo Anthony,1610612760.0,Oklahoma City,Thunder,OKC,0,0,,,,,,0,0,,,,,,1
268,0021700496,393,4,0,3,9:34 PM,6:10,,,Harden REBOUND (Off:1 Def:5),,,5,201935,James Harden,1610612745.0,Houston,Rockets,HOU,0,0,,,,,,0,0,,,,,,1
269,0021700496,394,2,1,3,9:34 PM,6:04,,,MISS Gordon 25' 3PT Jump Shot,,,5,201569,Eric Gordon,1610612745.0,Houston,Rockets,HOU,0,0,,,,,,0,0,,,,,,1
270,0021700496,395,4,0,3,9:34 PM,5:59,,,Capela REBOUND (Off:3 Def:4),,,5,203991,Clint Capela,1610612745.0,Houston,Rockets,HOU,0,0,,,,,,0,0,,,,,,1
271,0021700496,396,2,1,3,9:34 PM,5:58,,,MISS Ariza 25' 3PT Jump Shot,,,5,2772,Trevor Ariza,1610612745.0,Houston,Rockets,HOU,0,0,,,,,,0,0,,,,,,1
272,0021700496,397,4,0,3,9:34 PM,5:55,,,Capela REBOUND (Off:4 Def:4),,,5,203991,Clint Capela,1610612745.0,Houston,Rockets,HOU,0,0,,,,,,0,0,,,,,,1
273,0021700496,398,2,1,3,9:34 PM,5:53,,,MISS Gordon 27' 3PT Jump Shot,,,5,201569,Eric Gordon,1610612745.0,Houston,Rockets,HOU,0,0,,,,,,0,0,,,,,,1
274,0021700496,399,4,0,3,9:34 PM,5:51,THUNDER Rebound,,,,,2,1610612760,,,,,,0,0,,,,,,0,0,,,,,,0
275,0021700496,400,8,0,3,9:34 PM,5:51,,,SUB: Tucker FOR Anderson,,,5,201583,Ryan Anderson,1610612745.0,Houston,Rockets,HOU,5,200782,P.J. Tucker,1610612745.0,Houston,Rockets,HOU,0,0,,,,,,0
276,0021700496,405,5,1,3,9:35 PM,5:33,George Bad Pass Turnover (P5.T11),,Tucker STEAL (4 STL),,,4,202331,Paul George,1610612760.0,Oklahoma City,Thunder,OKC,5,200782,P.J. Tucker,1610612745.0,Houston,Rockets,HOU,0,0,,,,,,1
277,0021700496,407,1,80,3,9:35 PM,5:18,,,Harden 25' 3PT Step Back Jump Shot (18 PTS),73 - 73,TIE,5,201935,James Harden,1610612745.0,Houston,Rockets,HOU,0,0,,,,,,0,0,,,,,,1
278,0021700496,408,6,1,3,9:35 PM,5:07,,,Tucker P.FOUL (P1.T2) (S.Twardoski),,,5,200782,P.J. Tucker,1610612745.0,Houston,Rockets,HOU,4,2546,Carmelo Anthony,1610612760.0,Oklahoma City,Thunder,OKC,1,0,,,,,,1
279,0021700496,410,8,0,3,9:36 PM,5:07,SUB: Huestis FOR George,,,,,4,202331,Paul George,1610612760.0,Oklahoma City,Thunder,OKC,4,203962,Josh Huestis,1610612760.0,Oklahoma City,Thunder,OKC,0,0,,,,,,0
280,0021700496,411,8,0,3,9:36 PM,5:07,,,SUB: Weber FOR Gordon,,,5,201569,Eric Gordon,1610612745.0,Houston,Rockets,HOU,5,1627362,Briante Weber,1610612745.0,Houston,Rockets,HOU,0,0,,,,,,0
281,0021700496,414,1,98,3,9:36 PM,4:51,Roberson  Cutting Layup Shot (4 PTS) (Westbrook 8 AST),,,73 - 75,2,4,203460,Andre Roberson,1610612760.0,Oklahoma City,Thunder,OKC,4,201566,Russell Westbrook,1610612760.0,Oklahoma City,Thunder,OKC,0,0,,,,,,1
282,0021700496,416,1,6,3,9:36 PM,4:35,,,Harden 1' Driving Layup (20 PTS),75 - 75,TIE,5,201935,James Harden,1610612745.0,Houston,Rockets,HOU,0,0,,,,,,0,0,,,,,,1
283,0021700496,417,6,2,3,9:36 PM,4:35,Anthony S.FOUL (P4.T2) (N.Buchert),,,,,4,2546,Carmelo Anthony,1610612760.0,Oklahoma City,Thunder,OKC,5,201935,James Harden,1610612745.0,Houston,Rockets,HOU,1,0,,,,,,1
284,0021700496,419,3,10,3,9:37 PM,4:35,,,Harden Free Throw 1 of 1 (21 PTS),76 - 75,-1,5,201935,James Harden,1610612745.0,Houston,Rockets,HOU,0,0,,,,,,0,0,,,,,,0
285,0021700496,420,1,6,3,9:37 PM,4:22,Westbrook 2' Driving Layup (18 PTS),,,76 - 77,1,4,201566,Russell Westbrook,1610612760.0,Oklahoma City,Thunder,OKC,0,0,,,,,,0,0,,,,,,1
286,0021700496,421,1,52,3,9:37 PM,4:08,,,Capela 1' Alley Oop Dunk (16 PTS) (Harden 10 AST),78 - 77,-1,5,203991,Clint Capela,1610612745.0,Houston,Rockets,HOU,5,201935,James Harden,1610612745.0,Houston,Rockets,HOU,0,0,,,,,,1
287,0021700496,423,6,1,3,9:38 PM,3:48,,,Weber P.FOUL (P2.T3) (T.Washington),,,5,1627362,Briante Weber,1610612745.0,Houston,Rockets,HOU,4,201566,Russell Westbrook,1610612760.0,Oklahoma City,Thunder,OKC,1,0,,,,,,1
288,0021700496,425,8,0,3,9:38 PM,3:48,SUB: Grant FOR Anthony,,,,,4,2546,Carmelo Anthony,1610612760.0,Oklahoma City,Thunder,OKC,4,203924,Jerami Grant,1610612760.0,Oklahoma City,Thunder,OKC,0,0,,,,,,0
289,0021700496,427,1,79,3,9:38 PM,3:38,Westbrook 21' Pullup Jump Shot (20 PTS),,,78 - 79,1,4,201566,Russell Westbrook,1610612760.0,Oklahoma City,Thunder,OKC,0,0,,,,,,0,0,,,,,,1
290,0021700496,428,6,2,3,9:38 PM,3:19,Huestis S.FOUL (P1.T3) (T.Washington),,,,,4,203962,Josh Huestis,1610612760.0,Oklahoma City,Thunder,OKC,5,201935,James Harden,1610612745.0,Houston,Rockets,HOU,1,0,,,,,,1
291,0021700496,430,3,13,3,9:39 PM,3:19,,,Harden Free Throw 1 of 3 (22 PTS),79 - 79,TIE,5,201935,James Harden,1610612745.0,Houston,Rockets,HOU,0,0,,,,,,0,0,,,,,,0
292,0021700496,431,3,14,3,9:39 PM,3:19,,,Harden Free Throw 2 of 3 (23 PTS),80 - 79,-1,5,201935,James Harden,1610612745.0,Houston,Rockets,HOU,0,0,,,,,,0,0,,,,,,0
293,0021700496,433,3,15,3,9:39 PM,3:19,,,MISS Harden Free Throw 3 of 3,,,5,201935,James Harden,1610612745.0,Houston,Rockets,HOU,0,0,,,,,,0,0,,,,,,0
294,0021700496,434,4,0,3,9:39 PM,3:14,Westbrook REBOUND (Off:0 Def:3),,,,,4,201566,Russell Westbrook,1610612760.0,Oklahoma City,Thunder,OKC,0,0,,,,,,0,0,,,,,,1
295,0021700496,435,6,2,3,9:40 PM,2:58,,,Capela S.FOUL (P4.T4) (T.Washington),,,5,203991,Clint Capela,1610612745.0,Houston,Rockets,HOU,4,203924,Jerami Grant,1610612760.0,Oklahoma City,Thunder,OKC,1,0,,,,,,1
296,0021700496,437,9,1,3,9:40 PM,2:58,THUNDER Timeout: Regular (Full 4 Short 0),,,,,2,1610612760,,,,,,0,0,,,,,,0,0,,,,,,0
297,0021700496,438,8,0,3,9:43 PM,2:58,,,SUB: Nene FOR Capela,,,5,203991,Clint Capela,1610612745.0,Houston,Rockets,HOU,5,2403,Nene,1610612745.0,Houston,Rockets,HOU,0,0,,,,,,0
298,0021700496,440,3,11,3,9:43 PM,2:58,Grant Free Throw 1 of 2 (7 PTS),,,80 - 80,TIE,4,203924,Jerami Grant,1610612760.0,Oklahoma City,Thunder,OKC,0,0,,,,,,0,0,,,,,,0
299,0021700496,441,3,12,3,9:43 PM,2:58,MISS Grant Free Throw 2 of 2,,,,,4,203924,Jerami Grant,1610612760.0,Oklahoma City,Thunder,OKC,0,0,,,,,,0,0,,,,,,0
300,0021700496,442,4,0,3,9:43 PM,2:53,Adams REBOUND (Off:7 Def:2),,,,,4,203500,Steven Adams,1610612760.0,Oklahoma City,Thunder,OKC,0,0,,,,,,0,0,,,,,,1
301,0021700496,443,1,1,3,9:43 PM,2:48,Huestis 25' 3PT Jump Shot (3 PTS) (Westbrook 9 AST),,,80 - 83,3,4,203962,Josh Huestis,1610612760.0,Oklahoma City,Thunder,OKC,4,201566,Russell Westbrook,1610612760.0,Oklahoma City,Thunder,OKC,0,0,,,,,,1
302,0021700496,445,6,4,3,9:44 PM,2:28,,,Nene OFF.Foul (P2) (N.Buchert),,,5,2403,Nene,1610612745.0,Houston,Rockets,HOU,4,203962,Josh Huestis,1610612760.0,Oklahoma City,Thunder,OKC,1,0,,,,,,1
303,0021700496,447,5,37,3,9:44 PM,2:28,,,Nene Offensive Foul Turnover (P2.T11),,,5,2403,Nene,1610612745.0,Houston,Rockets,HOU,0,0,,,,,,1,0,,,,,,1
304,0021700496,448,8,0,3,9:44 PM,2:28,SUB: George FOR Roberson,,,,,4,203460,Andre Roberson,1610612760.0,Oklahoma City,Thunder,OKC,4,202331,Paul George,1610612760.0,Oklahoma City,Thunder,OKC,0,0,,,,,,0
305,0021700496,450,5,39,3,9:44 PM,2:19,Westbrook Step Out of Bounds Turnover (P4.T12),,,,,4,201566,Russell Westbrook,1610612760.0,Oklahoma City,Thunder,OKC,0,0,,,,,,1,0,,,,,,1
306,0021700496,451,8,0,3,9:44 PM,2:19,SUB: Felton FOR Westbrook,,,,,4,201566,Russell Westbrook,1610612760.0,Oklahoma City,Thunder,OKC,4,101109,Raymond Felton,1610612760.0,Oklahoma City,Thunder,OKC,0,0,,,,,,0
307,0021700496,453,2,6,3,9:45 PM,1:57,,,MISS Ariza 1' Driving Layup,,,5,2772,Trevor Ariza,1610612745.0,Houston,Rockets,HOU,0,0,,,,,,0,0,,,,,,1
308,0021700496,454,4,0,3,9:45 PM,1:55,Huestis REBOUND (Off:0 Def:2),,,,,4,203962,Josh Huestis,1610612760.0,Oklahoma City,Thunder,OKC,0,0,,,,,,0,0,,,,,,1
309,0021700496,455,2,1,3,9:45 PM,1:47,MISS Huestis 26' 3PT Jump Shot,,,,,4,203962,Josh Huestis,1610612760.0,Oklahoma City,Thunder,OKC,0,0,,,,,,0,0,,,,,,1
310,0021700496,456,4,0,3,9:45 PM,1:44,,,Harden REBOUND (Off:1 Def:6),,,5,201935,James Harden,1610612745.0,Houston,Rockets,HOU,0,0,,,,,,0,0,,,,,,1
311,0021700496,457,1,2,3,9:45 PM,1:39,,,Ariza 26' 3PT Running Jump Shot (17 PTS) (Harden 11 AST),83 - 83,TIE,5,2772,Trevor Ariza,1610612745.0,Houston,Rockets,HOU,5,201935,James Harden,1610612745.0,Houston,Rockets,HOU,0,0,,,,,,1
312,0021700496,459,5,1,3,9:45 PM,1:16,Grant Bad Pass Turnover (P1.T13),,Weber STEAL (2 STL),,,4,203924,Jerami Grant,1610612760.0,Oklahoma City,Thunder,OKC,5,1627362,Briante Weber,1610612745.0,Houston,Rockets,HOU,0,0,,,,,,1
313,0021700496,461,2,80,3,9:46 PM,0:53,,,MISS Harden 25' 3PT Step Back Jump Shot,,,5,201935,James Harden,1610612745.0,Houston,Rockets,HOU,0,0,,,,,,0,0,,,,,,1
314,0021700496,462,4,0,3,9:46 PM,0:49,Felton REBOUND (Off:0 Def:2),,,,,4,101109,Raymond Felton,1610612760.0,Oklahoma City,Thunder,OKC,0,0,,,,,,0,0,,,,,,1
315,0021700496,463,1,98,3,9:46 PM,0:42,Grant 1' Cutting Layup Shot (9 PTS) (Huestis 1 AST),,,83 - 85,2,4,203924,Jerami Grant,1610612760.0,Oklahoma City,Thunder,OKC,4,203962,Josh Huestis,1610612760.0,Oklahoma City,Thunder,OKC,0,0,,,,,,1
316,0021700496,465,1,1,3,9:46 PM,0:32,,,Ariza 25' 3PT Jump Shot (20 PTS) (Harden 12 AST),86 - 85,-1,5,2772,Trevor Ariza,1610612745.0,Houston,Rockets,HOU,5,201935,James Harden,1610612745.0,Houston,Rockets,HOU,0,0,,,,,,1
317,0021700496,467,1,79,3,9:47 PM,0:17,George 26' 3PT Pullup Jump Shot (17 PTS),,,86 - 88,2,4,202331,Paul George,1610612760.0,Oklahoma City,Thunder,OKC,0,0,,,,,,0,0,,,,,,1
318,0021700496,468,1,6,3,9:47 PM,0:05,,,Harden 1' Driving Layup (25 PTS),88 - 88,TIE,5,201935,James Harden,1610612745.0,Houston,Rockets,HOU,0,0,,,,,,0,0,,,,,,1
319,0021700496,469,13,0,3,9:47 PM,0:00,,,,88 - 88,TIE,0,0,,,,,,0,0,,,,,,0,0,,,,,,1
320,0021700496,476,12,0,4,9:51 PM,12:00,,,,88 - 88,TIE,0,0,,,,,,0,0,,,,,,0,0,,,,,,0
321,0021700496,477,2,1,4,9:51 PM,11:47,MISS George 26' 3PT Jump Shot,,,,,4,202331,Paul George,1610612760.0,Oklahoma City,Thunder,OKC,0,0,,,,,,0,0,,,,,,0
322,0021700496,478,4,0,4,9:51 PM,11:43,,,Gordon REBOUND (Off:1 Def:1),,,5,201569,Eric Gordon,1610612745.0,Houston,Rockets,HOU,0,0,,,,,,0,0,,,,,,0
323,0021700496,479,2,1,4,9:51 PM,11:27,,,MISS Tucker 25' 3PT Jump Shot,,,5,200782,P.J. Tucker,1610612745.0,Houston,Rockets,HOU,0,0,,,,,,0,0,,,,,,1
324,0021700496,480,4,0,4,9:51 PM,11:25,George REBOUND (Off:0 Def:3),,,,,4,202331,Paul George,1610612760.0,Oklahoma City,Thunder,OKC,0,0,,,,,,0,0,,,,,,1
325,0021700496,481,2,1,4,9:51 PM,11:17,MISS Huestis  3PT Jump Shot,,,,,4,203962,Josh Huestis,1610612760.0,Oklahoma City,Thunder,OKC,0,0,,,,,,0,0,,,,,,1
326,0021700496,482,4,0,4,9:51 PM,11:12,,,Ariza REBOUND (Off:1 Def:3),,,5,2772,Trevor Ariza,1610612745.0,Houston,Rockets,HOU,0,0,,,,,,0,0,,,,,,1
327,0021700496,483,2,79,4,9:52 PM,11:07,,,MISS Ariza 24' 3PT Pullup Jump Shot,,,5,2772,Trevor Ariza,1610612745.0,Houston,Rockets,HOU,0,0,,,,,,0,0,,,,,,1
328,0021700496,484,4,0,4,9:52 PM,11:06,THUNDER Rebound,,,,,2,1610612760,,,,,,0,0,,,,,,0,0,,,,,,0
329,0021700496,485,5,40,4,9:52 PM,10:49,Felton Out of Bounds Lost Ball Turnover (P2.T14),,,,,4,101109,Raymond Felton,1610612760.0,Oklahoma City,Thunder,OKC,0,0,,,,,,1,0,,,,,,1
330,0021700496,486,2,1,4,9:52 PM,10:28,,,MISS Ariza  3PT Jump Shot,,,5,2772,Trevor Ariza,1610612745.0,Houston,Rockets,HOU,0,0,,,,,,0,0,,,,,,1
331,0021700496,487,4,0,4,9:53 PM,10:26,THUNDER Rebound,,,,,2,1610612760,,,,,,0,0,,,,,,0,0,,,,,,0
332,0021700496,488,2,73,4,9:53 PM,10:04,MISS Grant 1' Driving Reverse Layup,,,,,4,203924,Jerami Grant,1610612760.0,Oklahoma City,Thunder,OKC,0,0,,,,,,0,0,,,,,,1
333,0021700496,489,4,0,4,9:53 PM,10:02,,,Tucker REBOUND (Off:0 Def:4),,,5,200782,P.J. Tucker,1610612745.0,Houston,Rockets,HOU,0,0,,,,,,0,0,,,,,,1
334,0021700496,490,1,79,4,9:53 PM,9:55,,,Gordon 27' 3PT Pullup Jump Shot (11 PTS),91 - 88,-3,5,201569,Eric Gordon,1610612745.0,Houston,Rockets,HOU,0,0,,,,,,0,0,,,,,,1
335,0021700496,491,2,1,4,9:54 PM,9:34,MISS Felton 25' 3PT Jump Shot,,,,,4,101109,Raymond Felton,1610612760.0,Oklahoma City,Thunder,OKC,0,0,,,,,,0,0,,,,,,1
336,0021700496,492,4,0,4,9:54 PM,9:31,Huestis REBOUND (Off:1 Def:2),,,,,4,203962,Josh Huestis,1610612760.0,Oklahoma City,Thunder,OKC,0,0,,,,,,0,0,,,,,,1
337,0021700496,493,2,6,4,9:54 PM,9:22,MISS Felton 3' Driving Layup,,,,,4,101109,Raymond Felton,1610612760.0,Oklahoma City,Thunder,OKC,0,0,,,,,,0,0,,,,,,1
338,0021700496,495,4,0,4,9:54 PM,9:20,,,Anderson REBOUND (Off:1 Def:3),,,5,201583,Ryan Anderson,1610612745.0,Houston,Rockets,HOU,0,0,,,,,,0,0,,,,,,1
339,0021700496,496,2,1,4,9:54 PM,9:08,,,MISS Anderson 26' 3PT Jump Shot,,,5,201583,Ryan Anderson,1610612745.0,Houston,Rockets,HOU,0,0,,,,,,0,0,,,,,,1
340,0021700496,497,4,0,4,9:54 PM,9:05,Patterson REBOUND (Off:0 Def:1),,,,,4,202335,Patrick Patterson,1610612760.0,Oklahoma City,Thunder,OKC,0,0,,,,,,0,0,,,,,,1
341,0021700496,498,2,101,4,9:54 PM,8:56,MISS Patterson 5' Driving Floating Jump Shot,,,,,4,202335,Patrick Patterson,1610612760.0,Oklahoma City,Thunder,OKC,0,0,,,,,,0,0,,,,,,1
342,0021700496,499,4,0,4,9:54 PM,8:53,,,Rockets Rebound,,,3,1610612745,,,,,,0,0,,,,,,0,0,,,,,,0
343,0021700496,500,8,0,4,9:54 PM,8:53,SUB: Westbrook FOR George,,,,,4,202331,Paul George,1610612760.0,Oklahoma City,Thunder,OKC,4,201566,Russell Westbrook,1610612760.0,Oklahoma City,Thunder,OKC,0,0,,,,,,0
344,0021700496,502,1,6,4,9:55 PM,8:42,,,Gordon 1' Driving Layup (13 PTS),93 - 88,-5,5,201569,Eric Gordon,1610612745.0,Houston,Rockets,HOU,0,0,,,,,,0,0,,,,,,1
345,0021700496,503,6,2,4,9:55 PM,8:33,,,Tucker S.FOUL (P2.T1) (N.Buchert),,,5,200782,P.J. Tucker,1610612745.0,Houston,Rockets,HOU,4,201566,Russell Westbrook,1610612760.0,Oklahoma City,Thunder,OKC,1,0,,,,,,1
346,0021700496,505,3,11,4,9:55 PM,8:33,Westbrook Free Throw 1 of 2 (21 PTS),,,93 - 89,-4,4,201566,Russell Westbrook,1610612760.0,Oklahoma City,Thunder,OKC,0,0,,,,,,0,0,,,,,,0
347,0021700496,506,8,0,4,9:55 PM,8:33,SUB: Anthony FOR Grant,,,,,4,203924,Jerami Grant,1610612760.0,Oklahoma City,Thunder,OKC,4,2546,Carmelo Anthony,1610612760.0,Oklahoma City,Thunder,OKC,0,0,,,,,,0
348,0021700496,507,8,0,4,9:55 PM,8:33,SUB: Adams FOR Patterson,,,,,4,202335,Patrick Patterson,1610612760.0,Oklahoma City,Thunder,OKC,4,203500,Steven Adams,1610612760.0,Oklahoma City,Thunder,OKC,0,0,,,,,,0
349,0021700496,508,8,0,4,9:55 PM,8:33,,,SUB: Capela FOR Ariza,,,5,2772,Trevor Ariza,1610612745.0,Houston,Rockets,HOU,5,203991,Clint Capela,1610612745.0,Houston,Rockets,HOU,0,0,,,,,,0
350,0021700496,512,3,12,4,9:56 PM,8:33,Westbrook Free Throw 2 of 2 (22 PTS),,,93 - 90,-3,4,201566,Russell Westbrook,1610612760.0,Oklahoma City,Thunder,OKC,0,0,,,,,,0,0,,,,,,0
351,0021700496,513,2,58,4,9:56 PM,8:10,Adams BLOCK (3 BLK),,MISS Capela 9' Turnaround Hook Shot,,,5,203991,Clint Capela,1610612745.0,Houston,Rockets,HOU,0,0,,,,,,4,203500,Steven Adams,1610612760.0,Oklahoma City,Thunder,OKC,1
352,0021700496,514,4,0,4,9:56 PM,8:07,Westbrook REBOUND (Off:0 Def:4),,,,,4,201566,Russell Westbrook,1610612760.0,Oklahoma City,Thunder,OKC,0,0,,,,,,0,0,,,,,,1
353,0021700496,515,1,41,4,9:56 PM,8:07,Westbrook 1' Running Layup (24 PTS),,,93 - 92,-1,4,201566,Russell Westbrook,1610612760.0,Oklahoma City,Thunder,OKC,0,0,,,,,,0,0,,,,,,1
354,0021700496,516,6,2,4,9:56 PM,8:07,,,Weber S.FOUL (P3.T2) (T.Washington),,,5,1627362,Briante Weber,1610612745.0,Houston,Rockets,HOU,4,201566,Russell Westbrook,1610612760.0,Oklahoma City,Thunder,OKC,1,0,,,,,,1
355,0021700496,518,3,10,4,9:57 PM,8:07,Westbrook Free Throw 1 of 1 (25 PTS),,,93 - 93,TIE,4,201566,Russell Westbrook,1610612760.0,Oklahoma City,Thunder,OKC,0,0,,,,,,0,0,,,,,,0
356,0021700496,520,6,2,4,9:57 PM,7:56,Felton S.FOUL (P1.T1) (N.Buchert),,,,,4,101109,Raymond Felton,1610612760.0,Oklahoma City,Thunder,OKC,5,201569,Eric Gordon,1610612745.0,Houston,Rockets,HOU,1,0,,,,,,1
357,0021700496,522,18,0,4,9:57 PM,7:56,,,,93 - 93,TIE,0,520,,,,,,0,0,,,,,,1,0,,,,,,0
358,0021700496,523,3,13,4,9:58 PM,7:56,,,Gordon Free Throw 1 of 3 (14 PTS),94 - 93,-1,5,201569,Eric Gordon,1610612745.0,Houston,Rockets,HOU,0,0,,,,,,0,0,,,,,,0
359,0021700496,524,3,14,4,9:58 PM,7:56,,,Gordon Free Throw 2 of 3 (15 PTS),95 - 93,-2,5,201569,Eric Gordon,1610612745.0,Houston,Rockets,HOU,0,0,,,,,,0,0,,,,,,0
360,0021700496,525,8,0,4,9:58 PM,7:56,SUB: George FOR Huestis,,,,,4,203962,Josh Huestis,1610612760.0,Oklahoma City,Thunder,OKC,4,202331,Paul George,1610612760.0,Oklahoma City,Thunder,OKC,0,0,,,,,,0
361,0021700496,527,3,15,4,9:58 PM,7:56,,,Gordon Free Throw 3 of 3 (16 PTS),96 - 93,-3,5,201569,Eric Gordon,1610612745.0,Houston,Rockets,HOU,0,0,,,,,,0,0,,,,,,0
362,0021700496,528,6,2,4,9:59 PM,7:43,,,Gordon S.FOUL (P2.T3) (S.Twardoski),,,5,201569,Eric Gordon,1610612745.0,Houston,Rockets,HOU,4,201566,Russell Westbrook,1610612760.0,Oklahoma City,Thunder,OKC,1,0,,,,,,1
363,0021700496,530,3,11,4,9:59 PM,7:43,Westbrook Free Throw 1 of 2 (26 PTS),,,96 - 94,-2,4,201566,Russell Westbrook,1610612760.0,Oklahoma City,Thunder,OKC,0,0,,,,,,0,0,,,,,,0
364,0021700496,531,8,0,4,9:59 PM,7:43,SUB: Roberson FOR Felton,,,,,4,101109,Raymond Felton,1610612760.0,Oklahoma City,Thunder,OKC,4,203460,Andre Roberson,1610612760.0,Oklahoma City,Thunder,OKC,0,0,,,,,,0
365,0021700496,532,8,0,4,9:59 PM,7:43,,,SUB: Harden FOR Weber,,,5,1627362,Briante Weber,1610612745.0,Houston,Rockets,HOU,5,201935,James Harden,1610612745.0,Houston,Rockets,HOU,0,0,,,,,,0
366,0021700496,533,8,0,4,9:59 PM,7:43,,,SUB: Ariza FOR Gordon,,,5,201569,Eric Gordon,1610612745.0,Houston,Rockets,HOU,5,2772,Trevor Ariza,1610612745.0,Houston,Rockets,HOU,0,0,,,,,,0
367,0021700496,537,3,12,4,9:59 PM,7:43,Westbrook Free Throw 2 of 2 (27 PTS),,,96 - 95,-1,4,201566,Russell Westbrook,1610612760.0,Oklahoma City,Thunder,OKC,0,0,,,,,,0,0,,,,,,0
368,0021700496,538,2,80,4,10:00 PM,7:23,,,MISS Harden 13' Step Back Jump Shot,,,5,201935,James Harden,1610612745.0,Houston,Rockets,HOU,0,0,,,,,,0,0,,,,,,1
369,0021700496,539,4,0,4,10:00 PM,7:19,,,Anderson REBOUND (Off:2 Def:3),,,5,201583,Ryan Anderson,1610612745.0,Houston,Rockets,HOU,0,0,,,,,,0,0,,,,,,1
370,0021700496,540,5,2,4,10:00 PM,7:19,George STEAL (1 STL),,Anderson Lost Ball Turnover (P2.T12),,,5,201583,Ryan Anderson,1610612745.0,Houston,Rockets,HOU,4,202331,Paul George,1610612760.0,Oklahoma City,Thunder,OKC,0,0,,,,,,1
371,0021700496,542,1,79,4,10:00 PM,7:07,Anthony 21' Pullup Jump Shot (20 PTS),,,96 - 97,1,4,2546,Carmelo Anthony,1610612760.0,Oklahoma City,Thunder,OKC,0,0,,,,,,0,0,,,,,,1
372,0021700496,543,6,1,4,10:00 PM,6:50,Westbrook P.FOUL (P2.T2) (S.Twardoski),,,,,4,201566,Russell Westbrook,1610612760.0,Oklahoma City,Thunder,OKC,5,203991,Clint Capela,1610612745.0,Houston,Rockets,HOU,1,0,,,,,,1
373,0021700496,545,9,1,4,10:00 PM,6:50,THUNDER Timeout: Regular (Full 5 Short 0),,,,,2,1610612760,,,,,,0,0,,,,,,0,0,,,,,,0
374,0021700496,546,2,79,4,10:04 PM,6:36,,,MISS Anderson 25' 3PT Pullup Jump Shot,,,5,201583,Ryan Anderson,1610612745.0,Houston,Rockets,HOU,0,0,,,,,,0,0,,,,,,1
375,0021700496,547,4,0,4,10:04 PM,6:32,George REBOUND (Off:0 Def:4),,,,,4,202331,Paul George,1610612760.0,Oklahoma City,Thunder,OKC,0,0,,,,,,0,0,,,,,,1
376,0021700496,548,1,6,4,10:04 PM,6:17,Westbrook 2' Driving Layup (29 PTS),,,96 - 99,3,4,201566,Russell Westbrook,1610612760.0,Oklahoma City,Thunder,OKC,0,0,,,,,,0,0,,,,,,1
377,0021700496,549,1,43,4,10:05 PM,6:03,,,Capela 1' Alley Oop Layup (18 PTS) (Harden 13 AST),98 - 99,1,5,203991,Clint Capela,1610612745.0,Houston,Rockets,HOU,5,201935,James Harden,1610612745.0,Houston,Rockets,HOU,0,0,,,,,,1
378,0021700496,551,1,79,4,10:05 PM,5:45,George 18' Pullup Jump Shot (19 PTS),,,98 - 101,3,4,202331,Paul George,1610612760.0,Oklahoma City,Thunder,OKC,0,0,,,,,,0,0,,,,,,1
379,0021700496,552,6,2,4,10:05 PM,5:45,,,Tucker S.FOUL (P3.T4) (N.Buchert),,,5,200782,P.J. Tucker,1610612745.0,Houston,Rockets,HOU,4,202331,Paul George,1610612760.0,Oklahoma City,Thunder,OKC,1,0,,,,,,1
380,0021700496,554,3,10,4,10:05 PM,5:45,George Free Throw 1 of 1 (20 PTS),,,98 - 102,4,4,202331,Paul George,1610612760.0,Oklahoma City,Thunder,OKC,0,0,,,,,,0,0,,,,,,0
381,0021700496,555,5,1,4,10:06 PM,5:25,Adams STEAL (1 STL),,Tucker Bad Pass Turnover (P1.T13),,,5,200782,P.J. Tucker,1610612745.0,Houston,Rockets,HOU,4,203500,Steven Adams,1610612760.0,Oklahoma City,Thunder,OKC,0,0,,,,,,1
382,0021700496,557,2,41,4,10:06 PM,5:21,MISS George 3' Running Layup,,Harden BLOCK (1 BLK),,,4,202331,Paul George,1610612760.0,Oklahoma City,Thunder,OKC,0,0,,,,,,5,201935,James Harden,1610612745.0,Houston,Rockets,HOU,1
383,0021700496,559,4,0,4,10:06 PM,5:21,,,Rockets Rebound,,,3,1610612745,,,,,,0,0,,,,,,0,0,,,,,,0
384,0021700496,560,7,5,4,10:06 PM,5:14,Roberson Violation:Kicked Ball (T.Washington),,,,,4,203460,Andre Roberson,1610612760.0,Oklahoma City,Thunder,OKC,0,0,,,,,,1,0,,,,,,0
385,0021700496,561,8,0,4,10:06 PM,5:14,,,SUB: Gordon FOR Tucker,,,5,200782,P.J. Tucker,1610612745.0,Houston,Rockets,HOU,5,201569,Eric Gordon,1610612745.0,Houston,Rockets,HOU,0,0,,,,,,0
386,0021700496,563,6,2,4,10:07 PM,5:00,Roberson S.FOUL (P4.T3) (N.Buchert),,,,,4,203460,Andre Roberson,1610612760.0,Oklahoma City,Thunder,OKC,5,203991,Clint Capela,1610612745.0,Houston,Rockets,HOU,1,0,,,,,,1
387,0021700496,565,3,11,4,10:07 PM,5:00,,,MISS Capela Free Throw 1 of 2,,,5,203991,Clint Capela,1610612745.0,Houston,Rockets,HOU,0,0,,,,,,0,0,,,,,,0
388,0021700496,566,4,1,4,10:07 PM,5:00,,,Rockets Rebound,,,3,1610612745,,,,,,0,0,,,,,,0,0,,,,,,0
389,0021700496,567,3,12,4,10:07 PM,5:00,,,Capela Free Throw 2 of 2 (19 PTS),99 - 102,3,5,203991,Clint Capela,1610612745.0,Houston,Rockets,HOU,0,0,,,,,,0,0,,,,,,0
390,0021700496,568,7,5,4,10:07 PM,4:49,,,Capela Violation:Kicked Ball (N.Buchert),,,5,203991,Clint Capela,1610612745.0,Houston,Rockets,HOU,0,0,,,,,,1,0,,,,,,0
391,0021700496,569,2,1,4,10:08 PM,4:36,MISS Westbrook 19' Jump Shot,,,,,4,201566,Russell Westbrook,1610612760.0,Oklahoma City,Thunder,OKC,0,0,,,,,,0,0,,,,,,1
392,0021700496,570,4,0,4,10:08 PM,4:32,,,Harden REBOUND (Off:1 Def:7),,,5,201935,James Harden,1610612745.0,Houston,Rockets,HOU,0,0,,,,,,0,0,,,,,,1
393,0021700496,571,6,1,4,10:08 PM,4:27,George P.FOUL (P4.T4) (S.Twardoski),,,,,4,202331,Paul George,1610612760.0,Oklahoma City,Thunder,OKC,5,2772,Trevor Ariza,1610612745.0,Houston,Rockets,HOU,1,0,,,,,,1
394,0021700496,573,9,1,4,10:08 PM,4:27,,,Rockets Timeout: Regular (Reg.3 Short 0),,,3,1610612745,,,,,,0,0,,,,,,0,0,,,,,,0
395,0021700496,574,2,1,4,10:12 PM,4:22,,,MISS Harden 25' 3PT Jump Shot,,,5,201935,James Harden,1610612745.0,Houston,Rockets,HOU,0,0,,,,,,0,0,,,,,,1
396,0021700496,575,4,0,4,10:12 PM,4:20,Westbrook REBOUND (Off:0 Def:5),,,,,4,201566,Russell Westbrook,1610612760.0,Oklahoma City,Thunder,OKC,0,0,,,,,,0,0,,,,,,1
397,0021700496,576,6,28,4,10:12 PM,4:13,,,Anderson Personal Take Foul (P3.PN) (N.Buchert),,,5,201583,Ryan Anderson,1610612745.0,Houston,Rockets,HOU,4,203460,Andre Roberson,1610612760.0,Oklahoma City,Thunder,OKC,1,0,,,,,,1
398,0021700496,578,3,11,4,10:12 PM,4:13,Roberson Free Throw 1 of 2 (5 PTS),,,99 - 103,4,4,203460,Andre Roberson,1610612760.0,Oklahoma City,Thunder,OKC,0,0,,,,,,0,0,,,,,,0
399,0021700496,579,3,12,4,10:13 PM,4:13,MISS Roberson Free Throw 2 of 2,,,,,4,203460,Andre Roberson,1610612760.0,Oklahoma City,Thunder,OKC,0,0,,,,,,0,0,,,,,,0
400,0021700496,580,4,0,4,10:13 PM,4:13,,,Rockets Rebound,,,3,1610612745,,,,,,0,0,,,,,,0,0,,,,,,0
401,0021700496,581,1,108,4,10:13 PM,3:57,,,Harden  Cutting Dunk Shot (27 PTS) (Ariza 1 AST),101 - 103,2,5,201935,James Harden,1610612745.0,Houston,Rockets,HOU,5,2772,Trevor Ariza,1610612745.0,Houston,Rockets,HOU,0,0,,,,,,1
402,0021700496,583,6,28,4,10:13 PM,3:52,,,Anderson Personal Take Foul (P4.PN) (N.Buchert),,,5,201583,Ryan Anderson,1610612745.0,Houston,Rockets,HOU,4,203460,Andre Roberson,1610612760.0,Oklahoma City,Thunder,OKC,1,0,,,,,,1
403,0021700496,585,3,11,4,10:14 PM,3:52,MISS Roberson Free Throw 1 of 2,,,,,4,203460,Andre Roberson,1610612760.0,Oklahoma City,Thunder,OKC,0,0,,,,,,0,0,,,,,,0
404,0021700496,586,4,1,4,10:14 PM,3:52,THUNDER Rebound,,,,,2,1610612760,,,,,,0,0,,,,,,0,0,,,,,,0
405,0021700496,587,3,12,4,10:14 PM,3:52,Roberson Free Throw 2 of 2 (6 PTS),,,101 - 104,3,4,203460,Andre Roberson,1610612760.0,Oklahoma City,Thunder,OKC,0,0,,,,,,0,0,,,,,,0
406,0021700496,588,2,1,4,10:14 PM,3:40,,,MISS Ariza 25' 3PT Jump Shot,,,5,2772,Trevor Ariza,1610612745.0,Houston,Rockets,HOU,0,0,,,,,,0,0,,,,,,1
407,0021700496,589,4,0,4,10:14 PM,3:38,,,Capela REBOUND (Off:5 Def:4),,,5,203991,Clint Capela,1610612745.0,Houston,Rockets,HOU,0,0,,,,,,0,0,,,,,,1
408,0021700496,590,6,2,4,10:14 PM,3:28,George S.FOUL (P5.PN) (N.Buchert),,,,,4,202331,Paul George,1610612760.0,Oklahoma City,Thunder,OKC,5,201569,Eric Gordon,1610612745.0,Houston,Rockets,HOU,1,0,,,,,,1
409,0021700496,592,9,1,4,10:14 PM,3:28,,,Rockets Timeout: Regular (Reg.4 Short 0),,,3,1610612745,,,,,,0,0,,,,,,0,0,,,,,,0
410,0021700496,593,8,0,4,10:15 PM,3:28,SUB: Grant FOR Roberson,,,,,4,203460,Andre Roberson,1610612760.0,Oklahoma City,Thunder,OKC,4,203924,Jerami Grant,1610612760.0,Oklahoma City,Thunder,OKC,0,0,,,,,,0
411,0021700496,594,8,0,4,10:15 PM,3:28,,,SUB: Tucker FOR Anderson,,,5,201583,Ryan Anderson,1610612745.0,Houston,Rockets,HOU,5,200782,P.J. Tucker,1610612745.0,Houston,Rockets,HOU,0,0,,,,,,0
412,0021700496,597,3,11,4,10:16 PM,3:28,,,Gordon Free Throw 1 of 2 (17 PTS),102 - 104,2,5,201569,Eric Gordon,1610612745.0,Houston,Rockets,HOU,0,0,,,,,,0,0,,,,,,0
413,0021700496,598,3,12,4,10:16 PM,3:28,,,Gordon Free Throw 2 of 2 (18 PTS),103 - 104,1,5,201569,Eric Gordon,1610612745.0,Houston,Rockets,HOU,0,0,,,,,,0,0,,,,,,0
414,0021700496,599,6,1,4,10:17 PM,3:14,,,Ariza P.FOUL (P2.PN) (S.Twardoski),,,5,2772,Trevor Ariza,1610612745.0,Houston,Rockets,HOU,4,202331,Paul George,1610612760.0,Oklahoma City,Thunder,OKC,1,0,,,,,,1
415,0021700496,601,3,11,4,10:17 PM,3:14,George Free Throw 1 of 2 (21 PTS),,,103 - 105,2,4,202331,Paul George,1610612760.0,Oklahoma City,Thunder,OKC,0,0,,,,,,0,0,,,,,,0
416,0021700496,602,3,12,4,10:18 PM,3:14,George Free Throw 2 of 2 (22 PTS),,,103 - 106,3,4,202331,Paul George,1610612760.0,Oklahoma City,Thunder,OKC,0,0,,,,,,0,0,,,,,,0
417,0021700496,603,2,1,4,10:18 PM,3:02,,,MISS Gordon 28' 3PT Jump Shot,,,5,201569,Eric Gordon,1610612745.0,Houston,Rockets,HOU,0,0,,,,,,0,0,,,,,,1
418,0021700496,604,4,0,4,10:18 PM,2:57,Adams REBOUND (Off:7 Def:3),,,,,4,203500,Steven Adams,1610612760.0,Oklahoma City,Thunder,OKC,0,0,,,,,,0,0,,,,,,1
419,0021700496,605,1,79,4,10:18 PM,2:43,George 16' Pullup Jump Shot (24 PTS) (Westbrook 10 AST),,,103 - 108,5,4,202331,Paul George,1610612760.0,Oklahoma City,Thunder,OKC,4,201566,Russell Westbrook,1610612760.0,Oklahoma City,Thunder,OKC,0,0,,,,,,1
420,0021700496,607,1,1,4,10:19 PM,2:19,,,Gordon 21' Jump Shot (20 PTS) (Harden 14 AST),105 - 108,3,5,201569,Eric Gordon,1610612745.0,Houston,Rockets,HOU,5,201935,James Harden,1610612745.0,Houston,Rockets,HOU,0,0,,,,,,1
421,0021700496,610,18,0,4,10:19 PM,1:59,,,,105 - 110,5,0,607,,,,,,0,0,,,,,,1,0,,,,,,0
422,0021700496,609,1,79,4,10:19 PM,1:58,Westbrook 21' Pullup Jump Shot (31 PTS),,,105 - 110,5,4,201566,Russell Westbrook,1610612760.0,Oklahoma City,Thunder,OKC,0,0,,,,,,0,0,,,,,,1
423,0021700496,611,1,6,4,10:20 PM,1:47,,,Harden 1' Driving Layup (29 PTS),107 - 110,3,5,201935,James Harden,1610612745.0,Houston,Rockets,HOU,0,0,,,,,,0,0,,,,,,1
424,0021700496,612,5,1,4,10:21 PM,1:31,Westbrook Bad Pass Turnover (P5.T15),,Capela STEAL (2 STL),,,4,201566,Russell Westbrook,1610612760.0,Oklahoma City,Thunder,OKC,5,203991,Clint Capela,1610612745.0,Houston,Rockets,HOU,0,0,,,,,,1
425,0021700496,614,6,3,4,10:21 PM,1:31,Westbrook L.B.FOUL (P3.PN) (T.Washington),,,,,4,201566,Russell Westbrook,1610612760.0,Oklahoma City,Thunder,OKC,5,203991,Clint Capela,1610612745.0,Houston,Rockets,HOU,1,0,,,,,,1
426,0021700496,616,3,11,4,10:21 PM,1:31,,,MISS Capela Free Throw 1 of 2,,,5,203991,Clint Capela,1610612745.0,Houston,Rockets,HOU,0,0,,,,,,0,0,,,,,,0
427,0021700496,617,4,1,4,10:21 PM,1:31,,,Rockets Rebound,,,3,1610612745,,,,,,0,0,,,,,,0,0,,,,,,0
428,0021700496,618,8,0,4,10:21 PM,1:31,SUB: Roberson FOR Grant,,,,,4,203924,Jerami Grant,1610612760.0,Oklahoma City,Thunder,OKC,4,203460,Andre Roberson,1610612760.0,Oklahoma City,Thunder,OKC,0,0,,,,,,0
429,0021700496,620,3,12,4,10:22 PM,1:31,,,MISS Capela Free Throw 2 of 2,,,5,203991,Clint Capela,1610612745.0,Houston,Rockets,HOU,0,0,,,,,,0,0,,,,,,0
430,0021700496,621,4,0,4,10:22 PM,1:29,George REBOUND (Off:0 Def:5),,,,,4,202331,Paul George,1610612760.0,Oklahoma City,Thunder,OKC,0,0,,,,,,0,0,,,,,,1
431,0021700496,622,2,47,4,10:22 PM,1:09,MISS George 12' Turnaround Jump Shot,,,,,4,202331,Paul George,1610612760.0,Oklahoma City,Thunder,OKC,0,0,,,,,,0,0,,,,,,1
432,0021700496,623,4,0,4,10:22 PM,1:05,,,Gordon REBOUND (Off:1 Def:2),,,5,201569,Eric Gordon,1610612745.0,Houston,Rockets,HOU,0,0,,,,,,0,0,,,,,,1
433,0021700496,624,2,2,4,10:22 PM,1:01,,,MISS Ariza 25' 3PT Running Jump Shot,,,5,2772,Trevor Ariza,1610612745.0,Houston,Rockets,HOU,0,0,,,,,,0,0,,,,,,1
434,0021700496,625,4,0,4,10:22 PM,0:57,Roberson REBOUND (Off:1 Def:3),,,,,4,203460,Andre Roberson,1610612760.0,Oklahoma City,Thunder,OKC,0,0,,,,,,0,0,,,,,,1
435,0021700496,626,2,79,4,10:22 PM,0:41,MISS Westbrook 21' Pullup Jump Shot,,,,,4,201566,Russell Westbrook,1610612760.0,Oklahoma City,Thunder,OKC,0,0,,,,,,0,0,,,,,,1
436,0021700496,627,4,0,4,10:22 PM,0:36,,,Capela REBOUND (Off:5 Def:5),,,5,203991,Clint Capela,1610612745.0,Houston,Rockets,HOU,0,0,,,,,,0,0,,,,,,1
437,0021700496,628,2,79,4,10:23 PM,0:27,Roberson BLOCK (2 BLK),,MISS Harden 24' 3PT Pullup Jump Shot,,,5,201935,James Harden,1610612745.0,Houston,Rockets,HOU,0,0,,,,,,4,203460,Andre Roberson,1610612760.0,Oklahoma City,Thunder,OKC,1
438,0021700496,630,4,0,4,10:23 PM,0:23,Westbrook REBOUND (Off:0 Def:6),,,,,4,201566,Russell Westbrook,1610612760.0,Oklahoma City,Thunder,OKC,0,0,,,,,,0,0,,,,,,1
439,0021700496,631,1,74,4,10:23 PM,0:21,Roberson 1' Running Reverse Layup (8 PTS) (Westbrook 11 AST),,,107 - 112,5,4,203460,Andre Roberson,1610612760.0,Oklahoma City,Thunder,OKC,4,201566,Russell Westbrook,1610612760.0,Oklahoma City,Thunder,OKC,0,0,,,,,,1
440,0021700496,633,9,1,4,10:23 PM,0:21,,,Rockets Timeout: Regular (Reg.5 Short 0),,,3,1610612745,,,,,,0,0,,,,,,0,0,,,,,,0
441,0021700496,634,8,0,4,10:24 PM,0:21,SUB: Grant FOR Anthony,,,,,4,2546,Carmelo Anthony,1610612760.0,Oklahoma City,Thunder,OKC,4,203924,Jerami Grant,1610612760.0,Oklahoma City,Thunder,OKC,0,0,,,,,,0
442,0021700496,636,8,0,4,10:24 PM,0:21,,,SUB: Anderson FOR Capela,,,5,203991,Clint Capela,1610612745.0,Houston,Rockets,HOU,5,201583,Ryan Anderson,1610612745.0,Houston,Rockets,HOU,0,0,,,,,,0
443,0021700496,638,5,2,4,10:24 PM,0:15,Roberson STEAL (4 STL),,Gordon Lost Ball Turnover (P6.T14),,,5,201569,Eric Gordon,1610612745.0,Houston,Rockets,HOU,4,203460,Andre Roberson,1610612760.0,Oklahoma City,Thunder,OKC,0,0,,,,,,1
444,0021700496,640,13,0,4,10:25 PM,0:00,,,,107 - 112,5,0,0,,,,,,0,0,,,,,,0,0,,,,,,1
