,GAME_ID,EVENTNUM,EVENTMSGTYPE,EVENTMSGACTIONTYPE,PERIOD,WCTIMESTRING,PCTIMESTRING,HOMEDESCRIPTION,NEUTRALDESCRIPTION,VISITORDESCRIPTION,SCORE,SCOREMARGIN,PERSON1TYPE,PLAYER1_ID,PLAYER1_NAME,PLAYER1_TEAM_ID,PLAYER1_TEAM_CITY,PLAYER1_TEAM_NICKNAME,PLAYER1_TEAM_ABBREVIATION,PERSON2TYPE,PLAYER2_ID,PLAYER2_NAME,PLAYER2_TEAM_ID,PLAYER2_TEAM_CITY,PLAYER2_TEAM_NICKNAME,PLAYER2_TEAM_ABBREVIATION,PERSON3TYPE,PLAYER3_ID,PLAYER3_NAME,PLAYER3_TEAM_ID,PLAYER3_TEAM_CITY,PLAYER3_TEAM_NICKNAME,PLAYER3_TEAM_ABBREVIATION,VIDEO_AVAILABLE_FLAG
0,0021600332,0,12,0,1,7:11 PM,12:00,,,,,,0.0,0,,,,,,0,0,,,,,,0,0,,,,,,0
1,0021600332,1,10,0,1,7:11 PM,12:00,Jump Ball Gortat vs. Gallinari: Tip to Wall,,,,,4.0,101162,Marcin Gortat,1610612764.0,Washington,Wizards,WAS,5,201568,Danilo Gallinari,1610612743.0,Denver,Nuggets,DEN,4,202322,John Wall,1610612764.0,Washington,Wizards,WAS,1
2,0021600332,2,2,1,1,7:12 PM,11:40,MISS Mark Morris 10' Jump Shot,,,,,4.0,202693,Markieff Morris,1610612764.0,Washington,Wizards,WAS,0,0,,,,,,0,0,,,,,,1
3,0021600332,3,4,0,1,7:12 PM,11:39,,,Arthur REBOUND (Off:0 Def:1),,,5.0,201589,Darrell Arthur,1610612743.0,Denver,Nuggets,DEN,0,0,,,,,,0,0,,,,,,1
4,0021600332,4,2,1,1,7:12 PM,11:21,,,MISS Gallinari 27' 3PT Jump Shot,,,5.0,201568,Danilo Gallinari,1610612743.0,Denver,Nuggets,DEN,0,0,,,,,,0,0,,,,,,1
5,0021600332,5,4,0,1,7:12 PM,11:20,,,Barton REBOUND (Off:1 Def:0),,,5.0,203115,Will Barton,1610612743.0,Denver,Nuggets,DEN,0,0,,,,,,0,0,,,,,,1
6,0021600332,6,5,2,1,7:12 PM,11:13,Gortat STEAL (1 STL),,Nurkic Lost Ball Turnover (P1.T1),,,5.0,203994,Jusuf Nurkic,1610612743.0,Denver,Nuggets,DEN,4,101162,Marcin Gortat,1610612764.0,Washington,Wizards,WAS,0,0,,,,,,1
7,0021600332,8,1,1,1,7:13 PM,10:57,Porter Jr. 25' 3PT Jump Shot (3 PTS) (Gortat 1 AST),,,0 - 3,3,4.0,203490,Otto Porter Jr.,1610612764.0,Washington,Wizards,WAS,4,101162,Marcin Gortat,1610612764.0,Washington,Wizards,WAS,0,0,,,,,,1
8,0021600332,9,5,8,1,7:13 PM,10:43,,,Nurkic 3 Second Violation Turnover (P2.T2),,,5.0,203994,Jusuf Nurkic,1610612743.0,Denver,Nuggets,DEN,0,0,,,,,,1,0,,,,,,1
9,0021600332,11,2,1,1,7:13 PM,10:26,MISS Porter Jr. 27' 3PT Jump Shot,,,,,4.0,203490,Otto Porter Jr.,1610612764.0,Washington,Wizards,WAS,0,0,,,,,,0,0,,,,,,1
10,0021600332,12,4,0,1,7:13 PM,10:25,,,Arthur REBOUND (Off:0 Def:2),,,5.0,201589,Darrell Arthur,1610612743.0,Denver,Nuggets,DEN,0,0,,,,,,0,0,,,,,,1
11,0021600332,14,2,1,1,7:14 PM,10:07,,,MISS Nelson 15' Jump Shot,,,5.0,2749,Jameer Nelson,1610612743.0,Denver,Nuggets,DEN,0,0,,,,,,0,0,,,,,,1
12,0021600332,15,4,0,1,7:14 PM,10:06,Porter Jr. REBOUND (Off:0 Def:1),,,,,4.0,203490,Otto Porter Jr.,1610612764.0,Washington,Wizards,WAS,0,0,,,,,,0,0,,,,,,1
13,0021600332,16,5,1,1,7:14 PM,10:01,Wall Bad Pass Turnover (P1.T1),,Gallinari STEAL (1 STL),,,4.0,202322,John Wall,1610612764.0,Washington,Wizards,WAS,5,201568,Danilo Gallinari,1610612743.0,Denver,Nuggets,DEN,0,0,,,,,,1
14,0021600332,17,1,5,1,7:14 PM,9:50,,,Nurkic 3' Layup (2 PTS) (Gallinari 1 AST),2 - 3,1,5.0,203994,Jusuf Nurkic,1610612743.0,Denver,Nuggets,DEN,5,201568,Danilo Gallinari,1610612743.0,Denver,Nuggets,DEN,0,0,,,,,,1
15,0021600332,19,5,1,1,7:14 PM,9:36,Mark Morris Bad Pass Turnover (P1.T2),,Nelson STEAL (1 STL),,,4.0,202693,Markieff Morris,1610612764.0,Washington,Wizards,WAS,5,2749,Jameer Nelson,1610612743.0,Denver,Nuggets,DEN,0,0,,,,,,1
16,0021600332,20,2,1,1,7:14 PM,9:23,,,MISS Nelson 17' Jump Shot,,,5.0,2749,Jameer Nelson,1610612743.0,Denver,Nuggets,DEN,0,0,,,,,,0,0,,,,,,1
17,0021600332,21,4,0,1,7:14 PM,9:23,WIZARDS Rebound,,,,,2.0,1610612764,,,,,,0,0,,,,,,0,0,,,,,,0
18,0021600332,22,6,3,1,7:15 PM,9:23,,,Nurkic L.B.FOUL (P1.T1) (C.Kirkland),,,5.0,203994,Jusuf Nurkic,1610612743.0,Denver,Nuggets,DEN,4,101162,Marcin Gortat,1610612764.0,Washington,Wizards,WAS,1,0,,,,,,1
19,0021600332,25,2,1,1,7:16 PM,9:11,MISS Wall 14' Jump Shot,,,,,4.0,202322,John Wall,1610612764.0,Washington,Wizards,WAS,0,0,,,,,,0,0,,,,,,1
20,0021600332,26,4,0,1,7:16 PM,9:10,,,Nurkic REBOUND (Off:0 Def:1),,,5.0,203994,Jusuf Nurkic,1610612743.0,Denver,Nuggets,DEN,0,0,,,,,,0,0,,,,,,1
21,0021600332,27,1,41,1,7:16 PM,9:04,,,Barton 1' Running Layup (2 PTS),4 - 3,-1,5.0,203115,Will Barton,1610612743.0,Denver,Nuggets,DEN,0,0,,,,,,0,0,,,,,,1
22,0021600332,29,1,86,1,7:16 PM,8:38,Gortat 16' Turnaround Fadeaway (2 PTS),,,4 - 5,1,4.0,101162,Marcin Gortat,1610612764.0,Washington,Wizards,WAS,0,0,,,,,,0,0,,,,,,1
23,0021600332,31,1,1,1,7:16 PM,8:23,,,Arthur 27' 3PT Jump Shot (3 PTS) (Nelson 1 AST),7 - 5,-2,5.0,201589,Darrell Arthur,1610612743.0,Denver,Nuggets,DEN,5,2749,Jameer Nelson,1610612743.0,Denver,Nuggets,DEN,0,0,,,,,,1
24,0021600332,32,2,1,1,7:17 PM,8:12,MISS Mark Morris 11' Jump Shot,,,,,4.0,202693,Markieff Morris,1610612764.0,Washington,Wizards,WAS,0,0,,,,,,0,0,,,,,,1
25,0021600332,33,4,0,1,7:17 PM,8:10,,,Nurkic REBOUND (Off:0 Def:2),,,5.0,203994,Jusuf Nurkic,1610612743.0,Denver,Nuggets,DEN,0,0,,,,,,0,0,,,,,,1
26,0021600332,34,1,5,1,7:17 PM,8:02,,,Nurkic 1' Layup (4 PTS) (Nelson 2 AST),9 - 5,-4,5.0,203994,Jusuf Nurkic,1610612743.0,Denver,Nuggets,DEN,5,2749,Jameer Nelson,1610612743.0,Denver,Nuggets,DEN,0,0,,,,,,1
27,0021600332,36,2,1,1,7:17 PM,7:44,MISS Mark Morris 16' Jump Shot,,,,,4.0,202693,Markieff Morris,1610612764.0,Washington,Wizards,WAS,0,0,,,,,,0,0,,,,,,1
28,0021600332,37,4,0,1,7:17 PM,7:43,,,Gallinari REBOUND (Off:0 Def:1),,,5.0,201568,Danilo Gallinari,1610612743.0,Denver,Nuggets,DEN,0,0,,,,,,0,0,,,,,,1
29,0021600332,38,6,2,1,7:17 PM,7:31,Porter Jr. S.FOUL (P1.T1) (C.Kirkland),,,,,4.0,203490,Otto Porter Jr.,1610612764.0,Washington,Wizards,WAS,5,201568,Danilo Gallinari,1610612743.0,Denver,Nuggets,DEN,1,0,,,,,,1
30,0021600332,39,3,11,1,7:17 PM,7:31,,,Gallinari Free Throw 1 of 2 (1 PTS),10 - 5,-5,5.0,201568,Danilo Gallinari,1610612743.0,Denver,Nuggets,DEN,0,0,,,,,,0,0,,,,,,0
31,0021600332,41,3,12,1,7:18 PM,7:31,,,MISS Gallinari Free Throw 2 of 2,,,5.0,201568,Danilo Gallinari,1610612743.0,Denver,Nuggets,DEN,0,0,,,,,,0,0,,,,,,0
32,0021600332,44,4,0,1,7:18 PM,7:30,Gortat REBOUND (Off:0 Def:1),,,,,4.0,101162,Marcin Gortat,1610612764.0,Washington,Wizards,WAS,0,0,,,,,,0,0,,,,,,1
33,0021600332,45,5,4,1,7:18 PM,7:18,Porter Jr. Traveling Turnover (P1.T3),,,,,4.0,203490,Otto Porter Jr.,1610612764.0,Washington,Wizards,WAS,0,0,,,,,,1,0,,,,,,1
34,0021600332,46,1,1,1,7:19 PM,7:05,,,Gallinari 27' 3PT Jump Shot (4 PTS) (Arthur 1 AST),13 - 5,-8,5.0,201568,Danilo Gallinari,1610612743.0,Denver,Nuggets,DEN,5,201589,Darrell Arthur,1610612743.0,Denver,Nuggets,DEN,0,0,,,,,,1
35,0021600332,47,9,1,1,7:19 PM,7:03,WIZARDS Timeout: Regular (Full 1 Short 0),,,,,2.0,1610612764,,,,,,0,0,,,,,,0,0,,,,,,0
36,0021600332,49,2,1,1,7:22 PM,6:43,MISS Porter Jr. 18' Jump Shot,,,,,4.0,203490,Otto Porter Jr.,1610612764.0,Washington,Wizards,WAS,0,0,,,,,,0,0,,,,,,1
37,0021600332,50,4,0,1,7:22 PM,6:41,Gortat REBOUND (Off:1 Def:1),,,,,4.0,101162,Marcin Gortat,1610612764.0,Washington,Wizards,WAS,0,0,,,,,,0,0,,,,,,1
38,0021600332,51,2,97,1,7:22 PM,6:39,MISS Gortat  Tip Layup Shot,,,,,4.0,101162,Marcin Gortat,1610612764.0,Washington,Wizards,WAS,0,0,,,,,,0,0,,,,,,1
39,0021600332,52,4,0,1,7:22 PM,6:38,,,Nelson REBOUND (Off:0 Def:1),,,5.0,2749,Jameer Nelson,1610612743.0,Denver,Nuggets,DEN,0,0,,,,,,0,0,,,,,,1
40,0021600332,53,5,4,1,7:22 PM,6:35,,,Gallinari Traveling Turnover (P1.T3),,,5.0,201568,Danilo Gallinari,1610612743.0,Denver,Nuggets,DEN,0,0,,,,,,1,0,,,,,,1
41,0021600332,54,5,2,1,7:22 PM,6:24,Gortat Lost Ball Turnover (P1.T4),,Barton STEAL (1 STL),,,4.0,101162,Marcin Gortat,1610612764.0,Washington,Wizards,WAS,5,203115,Will Barton,1610612743.0,Denver,Nuggets,DEN,0,0,,,,,,1
42,0021600332,55,1,42,1,7:22 PM,6:19,,,Nelson 1' Driving Layup (2 PTS) (Barton 1 AST),15 - 5,-10,5.0,2749,Jameer Nelson,1610612743.0,Denver,Nuggets,DEN,5,203115,Will Barton,1610612743.0,Denver,Nuggets,DEN,0,0,,,,,,1
43,0021600332,57,5,39,1,7:23 PM,6:07,Porter Jr. Step Out of Bounds Turnover (P2.T5),,,,,4.0,203490,Otto Porter Jr.,1610612764.0,Washington,Wizards,WAS,0,0,,,,,,1,0,,,,,,1
44,0021600332,59,2,1,1,7:23 PM,5:52,,,MISS Gallinari 7' Jump Shot,,,5.0,201568,Danilo Gallinari,1610612743.0,Denver,Nuggets,DEN,0,0,,,,,,0,0,,,,,,1
45,0021600332,60,4,0,1,7:23 PM,5:51,Wall REBOUND (Off:0 Def:1),,,,,4.0,202322,John Wall,1610612764.0,Washington,Wizards,WAS,0,0,,,,,,0,0,,,,,,1
46,0021600332,61,5,1,1,7:23 PM,5:33,Wall Bad Pass Turnover (P2.T6),,Nelson STEAL (2 STL),,,4.0,202322,John Wall,1610612764.0,Washington,Wizards,WAS,5,2749,Jameer Nelson,1610612743.0,Denver,Nuggets,DEN,0,0,,,,,,1
47,0021600332,62,1,43,1,7:23 PM,5:28,,,Barton 1' Alley Oop Layup (4 PTS) (Nelson 3 AST),17 - 5,-12,5.0,203115,Will Barton,1610612743.0,Denver,Nuggets,DEN,5,2749,Jameer Nelson,1610612743.0,Denver,Nuggets,DEN,0,0,,,,,,1
48,0021600332,64,2,1,1,7:24 PM,4:59,MISS Beal 15' Jump Shot,,,,,4.0,203078,Bradley Beal,1610612764.0,Washington,Wizards,WAS,0,0,,,,,,0,0,,,,,,1
49,0021600332,65,4,0,1,7:24 PM,4:59,WIZARDS Rebound,,,,,2.0,1610612764,,,,,,0,0,,,,,,0,0,,,,,,0
50,0021600332,66,5,11,1,7:24 PM,4:59,WIZARDS Turnover: Shot Clock (T#7),,,,,2.0,1610612764,,,,,,0,0,,,,,,1,0,,,,,,0
51,0021600332,67,8,0,1,7:24 PM,4:59,SUB: Oubre Jr. FOR Mark Morris,,,,,4.0,202693,Markieff Morris,1610612764.0,Washington,Wizards,WAS,4,1626162,Kelly Oubre Jr.,1610612764.0,Washington,Wizards,WAS,0,0,,,,,,0
52,0021600332,69,5,40,1,7:25 PM,4:50,,,Arthur Out of Bounds Lost Ball Turnover (P1.T4),,,5.0,201589,Darrell Arthur,1610612743.0,Denver,Nuggets,DEN,0,0,,,,,,1,0,,,,,,1
53,0021600332,70,8,0,1,7:25 PM,4:50,,,SUB: Chandler FOR Arthur,,,5.0,201589,Darrell Arthur,1610612743.0,Denver,Nuggets,DEN,5,201163,Wilson Chandler,1610612743.0,Denver,Nuggets,DEN,0,0,,,,,,0
54,0021600332,71,2,1,1,7:25 PM,4:35,MISS Beal 4' Jump Shot,,,,,4.0,203078,Bradley Beal,1610612764.0,Washington,Wizards,WAS,0,0,,,,,,0,0,,,,,,1
55,0021600332,72,4,0,1,7:25 PM,4:34,,,Nuggets Rebound,,,3.0,1610612743,,,,,,0,0,,,,,,0,0,,,,,,0
56,0021600332,73,2,1,1,7:26 PM,4:17,,,MISS Barton 17' Jump Shot,,,5.0,203115,Will Barton,1610612743.0,Denver,Nuggets,DEN,0,0,,,,,,0,0,,,,,,1
57,0021600332,74,4,0,1,7:26 PM,4:17,Porter Jr. REBOUND (Off:0 Def:2),,,,,4.0,203490,Otto Porter Jr.,1610612764.0,Washington,Wizards,WAS,0,0,,,,,,0,0,,,,,,1
58,0021600332,75,1,1,1,7:26 PM,4:08,Beal  3PT Jump Shot (3 PTS) (Wall 1 AST),,,17 - 8,-9,4.0,203078,Bradley Beal,1610612764.0,Washington,Wizards,WAS,4,202322,John Wall,1610612764.0,Washington,Wizards,WAS,0,0,,,,,,1
59,0021600332,77,1,1,1,7:26 PM,3:55,,,Chandler  3PT Jump Shot (3 PTS) (Nelson 4 AST),20 - 8,-12,5.0,201163,Wilson Chandler,1610612743.0,Denver,Nuggets,DEN,5,2749,Jameer Nelson,1610612743.0,Denver,Nuggets,DEN,0,0,,,,,,1
60,0021600332,78,6,1,1,7:26 PM,3:43,,,Gallinari P.FOUL (P1.T2) (T.Brown),,,5.0,201568,Danilo Gallinari,1610612743.0,Denver,Nuggets,DEN,4,203078,Bradley Beal,1610612764.0,Washington,Wizards,WAS,1,0,,,,,,1
61,0021600332,79,8,0,1,7:26 PM,3:43,SUB: Smith FOR Gortat,,,,,4.0,101162,Marcin Gortat,1610612764.0,Washington,Wizards,WAS,4,201160,Jason Smith,1610612764.0,Washington,Wizards,WAS,0,0,,,,,,0
62,0021600332,80,8,0,1,7:26 PM,3:43,,,SUB: Jokic FOR Nurkic,,,5.0,203994,Jusuf Nurkic,1610612743.0,Denver,Nuggets,DEN,5,203999,Nikola Jokic,1610612743.0,Denver,Nuggets,DEN,0,0,,,,,,0
63,0021600332,82,2,1,1,7:27 PM,3:37,MISS Beal 20' Jump Shot,,,,,4.0,203078,Bradley Beal,1610612764.0,Washington,Wizards,WAS,0,0,,,,,,0,0,,,,,,1
64,0021600332,83,4,0,1,7:27 PM,3:36,,,Nelson REBOUND (Off:0 Def:2),,,5.0,2749,Jameer Nelson,1610612743.0,Denver,Nuggets,DEN,0,0,,,,,,0,0,,,,,,1
65,0021600332,84,6,2,1,7:27 PM,3:31,Oubre Jr. S.FOUL (P1.T2) (T.Brown),,,,,4.0,1626162,Kelly Oubre Jr.,1610612764.0,Washington,Wizards,WAS,5,201568,Danilo Gallinari,1610612743.0,Denver,Nuggets,DEN,1,0,,,,,,1
66,0021600332,85,3,11,1,7:27 PM,3:31,,,Gallinari Free Throw 1 of 2 (5 PTS),21 - 8,-13,5.0,201568,Danilo Gallinari,1610612743.0,Denver,Nuggets,DEN,0,0,,,,,,0,0,,,,,,0
67,0021600332,87,3,12,1,7:27 PM,3:31,,,Gallinari Free Throw 2 of 2 (6 PTS),22 - 8,-14,5.0,201568,Danilo Gallinari,1610612743.0,Denver,Nuggets,DEN,0,0,,,,,,0,0,,,,,,0
68,0021600332,90,1,101,1,7:28 PM,3:07,Porter Jr. 7' Driving Floating Jump Shot (5 PTS),,,22 - 10,-12,4.0,203490,Otto Porter Jr.,1610612764.0,Washington,Wizards,WAS,0,0,,,,,,0,0,,,,,,1
69,0021600332,92,1,1,1,7:28 PM,2:54,,,Gallinari 18' Jump Shot (8 PTS) (Nelson 5 AST),24 - 10,-14,5.0,201568,Danilo Gallinari,1610612743.0,Denver,Nuggets,DEN,5,2749,Jameer Nelson,1610612743.0,Denver,Nuggets,DEN,0,0,,,,,,1
70,0021600332,94,1,49,1,7:28 PM,2:42,Beal  Driving Dunk (5 PTS) (Wall 2 AST),,,24 - 12,-12,4.0,203078,Bradley Beal,1610612764.0,Washington,Wizards,WAS,4,202322,John Wall,1610612764.0,Washington,Wizards,WAS,0,0,,,,,,1
71,0021600332,95,2,1,1,7:29 PM,2:14,,,MISS Gallinari 27' 3PT Jump Shot,,,5.0,201568,Danilo Gallinari,1610612743.0,Denver,Nuggets,DEN,0,0,,,,,,0,0,,,,,,1
72,0021600332,96,4,0,1,7:29 PM,2:14,Wall REBOUND (Off:0 Def:2),,,,,4.0,202322,John Wall,1610612764.0,Washington,Wizards,WAS,0,0,,,,,,0,0,,,,,,1
73,0021600332,97,1,42,1,7:29 PM,2:01,Wall  Driving Layup (2 PTS),,,24 - 14,-10,4.0,202322,John Wall,1610612764.0,Washington,Wizards,WAS,0,0,,,,,,0,0,,,,,,1
74,0021600332,98,9,1,1,7:29 PM,2:01,,,Nuggets Timeout: Regular (Reg.1 Short 0),,,3.0,1610612743,,,,,,0,0,,,,,,0,0,,,,,,0
75,0021600332,100,8,0,1,7:31 PM,2:01,SUB: Thornton FOR Beal,,,,,4.0,203078,Bradley Beal,1610612764.0,Washington,Wizards,WAS,4,201977,Marcus Thornton,1610612764.0,Washington,Wizards,WAS,0,0,,,,,,0
76,0021600332,101,8,0,1,7:32 PM,2:01,,,SUB: Murray FOR Barton,,,5.0,203115,Will Barton,1610612743.0,Denver,Nuggets,DEN,5,1627750,Jamal Murray,1610612743.0,Denver,Nuggets,DEN,0,0,,,,,,0
77,0021600332,102,7,1,1,7:32 PM,2:01,,,Nuggets Violation: Delay of game Violation,,,3.0,1610612743,,,,,,0,0,,,,,,1,0,,,,,,0
78,0021600332,104,6,1,1,7:32 PM,1:50,Thornton P.FOUL (P1.T3) (C.Kirkland),,,,,4.0,201977,Marcus Thornton,1610612764.0,Washington,Wizards,WAS,5,203999,Nikola Jokic,1610612743.0,Denver,Nuggets,DEN,1,0,,,,,,1
79,0021600332,105,2,1,1,7:32 PM,1:44,,,MISS Nelson 16' Jump Shot,,,5.0,2749,Jameer Nelson,1610612743.0,Denver,Nuggets,DEN,0,0,,,,,,0,0,,,,,,1
80,0021600332,106,4,0,1,7:32 PM,1:43,Smith REBOUND (Off:0 Def:1),,,,,4.0,201160,Jason Smith,1610612764.0,Washington,Wizards,WAS,0,0,,,,,,0,0,,,,,,1
81,0021600332,107,1,5,1,7:33 PM,1:31,Smith 1' Layup (2 PTS) (Wall 3 AST),,,24 - 16,-8,4.0,201160,Jason Smith,1610612764.0,Washington,Wizards,WAS,4,202322,John Wall,1610612764.0,Washington,Wizards,WAS,0,0,,,,,,1
82,0021600332,108,5,2,1,7:33 PM,1:14,Wall STEAL (1 STL),,Jokic Lost Ball Turnover (P1.T5),,,5.0,203999,Nikola Jokic,1610612743.0,Denver,Nuggets,DEN,4,202322,John Wall,1610612764.0,Washington,Wizards,WAS,0,0,,,,,,1
83,0021600332,109,2,1,1,7:33 PM,1:07,MISS Porter Jr. 28' 3PT Jump Shot,,,,,4.0,203490,Otto Porter Jr.,1610612764.0,Washington,Wizards,WAS,0,0,,,,,,0,0,,,,,,1
84,0021600332,110,4,0,1,7:33 PM,1:05,Oubre Jr. REBOUND (Off:1 Def:0),,,,,4.0,1626162,Kelly Oubre Jr.,1610612764.0,Washington,Wizards,WAS,0,0,,,,,,0,0,,,,,,1
85,0021600332,111,2,97,1,7:33 PM,1:04,MISS Oubre Jr. 2' Tip Layup Shot,,,,,4.0,1626162,Kelly Oubre Jr.,1610612764.0,Washington,Wizards,WAS,0,0,,,,,,0,0,,,,,,1
86,0021600332,112,4,0,1,7:33 PM,1:02,,,Jokic REBOUND (Off:0 Def:1),,,5.0,203999,Nikola Jokic,1610612743.0,Denver,Nuggets,DEN,0,0,,,,,,0,0,,,,,,1
87,0021600332,113,5,40,1,7:33 PM,0:56,,,Nelson Out of Bounds Lost Ball Turnover (P1.T6),,,5.0,2749,Jameer Nelson,1610612743.0,Denver,Nuggets,DEN,0,0,,,,,,1,0,,,,,,1
88,0021600332,115,6,4,1,7:34 PM,0:48,Smith OFF.Foul (P1) (J.VanDuyne),,,,,4.0,201160,Jason Smith,1610612764.0,Washington,Wizards,WAS,5,203999,Nikola Jokic,1610612743.0,Denver,Nuggets,DEN,1,0,,,,,,1
89,0021600332,116,5,5,1,7:34 PM,0:48,Smith Foul Turnover (P1.T8),,,,,4.0,201160,Jason Smith,1610612764.0,Washington,Wizards,WAS,0,0,,,,,,1,0,,,,,,1
90,0021600332,118,6,1,1,7:34 PM,0:44,Smith P.FOUL (P2.PN) (J.VanDuyne),,,,,4.0,201160,Jason Smith,1610612764.0,Washington,Wizards,WAS,5,203999,Nikola Jokic,1610612743.0,Denver,Nuggets,DEN,1,0,,,,,,1
91,0021600332,119,3,11,1,7:34 PM,0:44,,,Jokic Free Throw 1 of 2 (1 PTS),25 - 16,-9,5.0,203999,Nikola Jokic,1610612743.0,Denver,Nuggets,DEN,0,0,,,,,,0,0,,,,,,0
92,0021600332,121,8,0,1,7:35 PM,0:44,SUB: Nicholson FOR Smith,,,,,4.0,201160,Jason Smith,1610612764.0,Washington,Wizards,WAS,4,203094,Andrew Nicholson,1610612764.0,Washington,Wizards,WAS,0,0,,,,,,0
93,0021600332,122,8,0,1,7:35 PM,0:44,,,SUB: Hernangomez FOR Gallinari,,,5.0,201568,Danilo Gallinari,1610612743.0,Denver,Nuggets,DEN,5,1627823,Juancho Hernangomez,1610612743.0,Denver,Nuggets,DEN,0,0,,,,,,0
94,0021600332,123,3,12,1,7:35 PM,0:44,,,Jokic Free Throw 2 of 2 (2 PTS),26 - 16,-10,5.0,203999,Nikola Jokic,1610612743.0,Denver,Nuggets,DEN,0,0,,,,,,0,0,,,,,,0
95,0021600332,127,2,5,1,7:35 PM,0:38,MISS Wall 1' Layup,,,,,4.0,202322,John Wall,1610612764.0,Washington,Wizards,WAS,0,0,,,,,,0,0,,,,,,1
96,0021600332,128,4,0,1,7:35 PM,0:37,,,Hernangomez REBOUND (Off:0 Def:1),,,5.0,1627823,Juancho Hernangomez,1610612743.0,Denver,Nuggets,DEN,0,0,,,,,,0,0,,,,,,1
97,0021600332,129,6,1,1,7:35 PM,0:37,Oubre Jr. P.FOUL (P2.PN) (J.VanDuyne),,,,,4.0,1626162,Kelly Oubre Jr.,1610612764.0,Washington,Wizards,WAS,5,1627823,Juancho Hernangomez,1610612743.0,Denver,Nuggets,DEN,1,0,,,,,,1
98,0021600332,130,3,11,1,7:35 PM,0:37,,,Hernangomez Free Throw 1 of 2 (1 PTS),27 - 16,-11,5.0,1627823,Juancho Hernangomez,1610612743.0,Denver,Nuggets,DEN,0,0,,,,,,0,0,,,,,,0
99,0021600332,132,3,12,1,7:36 PM,0:37,,,MISS Hernangomez Free Throw 2 of 2,,,5.0,1627823,Juancho Hernangomez,1610612743.0,Denver,Nuggets,DEN,0,0,,,,,,0,0,,,,,,0
100,0021600332,134,4,0,1,7:36 PM,0:36,Oubre Jr. REBOUND (Off:1 Def:1),,,,,4.0,1626162,Kelly Oubre Jr.,1610612764.0,Washington,Wizards,WAS,0,0,,,,,,0,0,,,,,,1
101,0021600332,136,2,1,1,7:36 PM,0:26,MISS Nicholson 14' Jump Shot,,,,,4.0,203094,Andrew Nicholson,1610612764.0,Washington,Wizards,WAS,0,0,,,,,,0,0,,,,,,1
102,0021600332,137,4,0,1,7:36 PM,0:25,Wall REBOUND (Off:1 Def:2),,,,,4.0,202322,John Wall,1610612764.0,Washington,Wizards,WAS,0,0,,,,,,0,0,,,,,,1
103,0021600332,138,1,72,1,7:36 PM,0:24,Wall  Putback Layup (4 PTS),,,27 - 18,-9,4.0,202322,John Wall,1610612764.0,Washington,Wizards,WAS,0,0,,,,,,0,0,,,,,,1
104,0021600332,140,1,47,1,7:36 PM,0:00,,,Jokic 21' Turnaround Jump Shot (4 PTS) (Hernangomez 1 AST),29 - 18,-11,5.0,203999,Nikola Jokic,1610612743.0,Denver,Nuggets,DEN,5,1627823,Juancho Hernangomez,1610612743.0,Denver,Nuggets,DEN,0,0,,,,,,1
105,0021600332,141,13,0,1,7:37 PM,0:00,,,,29 - 18,-11,0.0,0,,,,,,0,0,,,,,,0,0,,,,,,0
106,0021600332,143,12,0,2,7:39 PM,12:00,,,,29 - 18,-11,0.0,0,,,,,,0,0,,,,,,0,0,,,,,,0
107,0021600332,144,5,21,2,7:40 PM,11:47,,,Murray Palming Turnover (P1.T7),,,5.0,1627750,Jamal Murray,1610612743.0,Denver,Nuggets,DEN,0,0,,,,,,1,0,,,,,,1
108,0021600332,145,5,36,2,7:40 PM,11:34,Nicholson Illegal Screen Turnover (P1.T9),,,,,4.0,203094,Andrew Nicholson,1610612764.0,Washington,Wizards,WAS,0,0,,,,,,1,0,,,,,,1
109,0021600332,158,2,40,2,7:40 PM,11:27,,,MISS Barton 1' Layup,,,5.0,203115,Will Barton,1610612743.0,Denver,Nuggets,DEN,0,0,,,,,,0,0,,,,,,1
110,0021600332,146,4,0,2,7:40 PM,11:26,Thornton REBOUND (Off:0 Def:1),,,,,4.0,201977,Marcus Thornton,1610612764.0,Washington,Wizards,WAS,0,0,,,,,,0,0,,,,,,1
111,0021600332,147,1,79,2,7:41 PM,11:19,Thornton 16' Pullup Jump Shot (2 PTS),,,29 - 20,-9,4.0,201977,Marcus Thornton,1610612764.0,Washington,Wizards,WAS,0,0,,,,,,0,0,,,,,,1
112,0021600332,148,2,1,2,7:41 PM,11:05,,,MISS Murray 5' Jump Shot,,,5.0,1627750,Jamal Murray,1610612743.0,Denver,Nuggets,DEN,0,0,,,,,,0,0,,,,,,1
113,0021600332,149,4,0,2,7:41 PM,11:03,,,Jokic REBOUND (Off:1 Def:1),,,5.0,203999,Nikola Jokic,1610612743.0,Denver,Nuggets,DEN,0,0,,,,,,0,0,,,,,,1
114,0021600332,150,2,5,2,7:41 PM,11:01,,,MISS Jokic 2' Layup,,,5.0,203999,Nikola Jokic,1610612743.0,Denver,Nuggets,DEN,0,0,,,,,,0,0,,,,,,1
115,0021600332,151,4,0,2,7:41 PM,11:01,Thornton REBOUND (Off:0 Def:2),,,,,4.0,201977,Marcus Thornton,1610612764.0,Washington,Wizards,WAS,0,0,,,,,,0,0,,,,,,1
116,0021600332,153,1,79,2,7:41 PM,10:55,Thornton 11' Pullup Jump Shot (4 PTS) (Oubre Jr. 1 AST),,,29 - 22,-7,4.0,201977,Marcus Thornton,1610612764.0,Washington,Wizards,WAS,4,1626162,Kelly Oubre Jr.,1610612764.0,Washington,Wizards,WAS,0,0,,,,,,1
117,0021600332,154,2,1,2,7:41 PM,10:46,,,MISS Chandler 26' 3PT Jump Shot,,,5.0,201163,Wilson Chandler,1610612743.0,Denver,Nuggets,DEN,0,0,,,,,,0,0,,,,,,1
118,0021600332,155,4,0,2,7:41 PM,10:43,,,Jokic REBOUND (Off:2 Def:1),,,5.0,203999,Nikola Jokic,1610612743.0,Denver,Nuggets,DEN,0,0,,,,,,0,0,,,,,,1
119,0021600332,159,2,1,2,7:42 PM,10:25,,,MISS Chandler 18' Jump Shot,,,5.0,201163,Wilson Chandler,1610612743.0,Denver,Nuggets,DEN,0,0,,,,,,0,0,,,,,,1
120,0021600332,160,4,0,2,7:42 PM,10:24,,,Murray REBOUND (Off:1 Def:0),,,5.0,1627750,Jamal Murray,1610612743.0,Denver,Nuggets,DEN,0,0,,,,,,0,0,,,,,,1
121,0021600332,161,1,7,2,7:42 PM,10:13,,,Chandler  Dunk (5 PTS) (Murray 1 AST),31 - 22,-9,5.0,201163,Wilson Chandler,1610612743.0,Denver,Nuggets,DEN,5,1627750,Jamal Murray,1610612743.0,Denver,Nuggets,DEN,0,0,,,,,,1
122,0021600332,162,1,80,2,7:42 PM,10:01,Burke 16' Step Back Jump Shot (2 PTS),,,31 - 24,-7,4.0,203504,Trey Burke,1610612764.0,Washington,Wizards,WAS,0,0,,,,,,0,0,,,,,,1
123,0021600332,163,5,45,2,7:43 PM,9:51,,,Jokic Out of Bounds - Bad Pass Turnover Turnover (P2.T8),,,5.0,203999,Nikola Jokic,1610612743.0,Denver,Nuggets,DEN,0,0,,,,,,0,0,,,,,,1
124,0021600332,165,6,1,2,7:43 PM,9:40,,,Chandler P.FOUL (P1.T1) (C.Kirkland),,,5.0,201163,Wilson Chandler,1610612743.0,Denver,Nuggets,DEN,4,202693,Markieff Morris,1610612764.0,Washington,Wizards,WAS,1,0,,,,,,1
125,0021600332,166,2,63,2,7:44 PM,9:28,MISS Nicholson 12' Fadeaway Jumper,,,,,4.0,203094,Andrew Nicholson,1610612764.0,Washington,Wizards,WAS,0,0,,,,,,0,0,,,,,,1
126,0021600332,167,4,0,2,7:44 PM,9:26,,,Hernangomez REBOUND (Off:0 Def:2),,,5.0,1627823,Juancho Hernangomez,1610612743.0,Denver,Nuggets,DEN,0,0,,,,,,0,0,,,,,,1
127,0021600332,168,1,1,2,7:44 PM,9:12,,,Murray 26' 3PT Jump Shot (3 PTS) (Jokic 1 AST),34 - 24,-10,5.0,1627750,Jamal Murray,1610612743.0,Denver,Nuggets,DEN,5,203999,Nikola Jokic,1610612743.0,Denver,Nuggets,DEN,0,0,,,,,,1
128,0021600332,169,2,1,2,7:44 PM,9:02,MISS Thornton 4' Jump Shot,,Jokic BLOCK (1 BLK),,,4.0,201977,Marcus Thornton,1610612764.0,Washington,Wizards,WAS,0,0,,,,,,5,203999,Nikola Jokic,1610612743.0,Denver,Nuggets,DEN,1
129,0021600332,170,4,0,2,7:44 PM,9:00,,,Hernangomez REBOUND (Off:0 Def:3),,,5.0,1627823,Juancho Hernangomez,1610612743.0,Denver,Nuggets,DEN,0,0,,,,,,0,0,,,,,,1
130,0021600332,171,1,1,2,7:44 PM,8:51,,,Jokic 17' Jump Shot (6 PTS),36 - 24,-12,5.0,203999,Nikola Jokic,1610612743.0,Denver,Nuggets,DEN,0,0,,,,,,0,0,,,,,,1
131,0021600332,172,9,1,2,7:44 PM,8:46,WIZARDS Timeout: Regular (Full 2 Short 0),,,,,2.0,1610612764,,,,,,0,0,,,,,,0,0,,,,,,0
132,0021600332,176,2,1,2,7:47 PM,8:34,MISS Burke 19' Jump Shot,,,,,4.0,203504,Trey Burke,1610612764.0,Washington,Wizards,WAS,0,0,,,,,,0,0,,,,,,0
133,0021600332,178,4,0,2,7:47 PM,8:31,Burke REBOUND (Off:1 Def:0),,,,,4.0,203504,Trey Burke,1610612764.0,Washington,Wizards,WAS,0,0,,,,,,0,0,,,,,,0
134,0021600332,177,1,1,2,7:47 PM,8:31,Burke 13' Jump Shot (4 PTS),,,36 - 26,-10,4.0,203504,Trey Burke,1610612764.0,Washington,Wizards,WAS,0,0,,,,,,0,0,,,,,,1
135,0021600332,179,2,1,2,7:48 PM,8:13,,,MISS Murray  3PT Jump Shot,,,5.0,1627750,Jamal Murray,1610612743.0,Denver,Nuggets,DEN,0,0,,,,,,0,0,,,,,,1
136,0021600332,180,4,0,2,7:48 PM,8:11,Thornton REBOUND (Off:0 Def:3),,,,,4.0,201977,Marcus Thornton,1610612764.0,Washington,Wizards,WAS,0,0,,,,,,0,0,,,,,,1
137,0021600332,181,1,5,2,7:48 PM,8:07,Burke 1' Layup (6 PTS) (Thornton 1 AST),,,36 - 28,-8,4.0,203504,Trey Burke,1610612764.0,Washington,Wizards,WAS,4,201977,Marcus Thornton,1610612764.0,Washington,Wizards,WAS,0,0,,,,,,1
138,0021600332,182,2,1,2,7:48 PM,7:45,,,MISS Jokic 15' Jump Shot,,,5.0,203999,Nikola Jokic,1610612743.0,Denver,Nuggets,DEN,0,0,,,,,,0,0,,,,,,1
139,0021600332,183,4,0,2,7:48 PM,7:43,,,Chandler REBOUND (Off:1 Def:0),,,5.0,201163,Wilson Chandler,1610612743.0,Denver,Nuggets,DEN,0,0,,,,,,0,0,,,,,,1
140,0021600332,184,1,1,2,7:48 PM,7:31,,,Jokic 18' Jump Shot (8 PTS) (Hernangomez 2 AST),38 - 28,-10,5.0,203999,Nikola Jokic,1610612743.0,Denver,Nuggets,DEN,5,1627823,Juancho Hernangomez,1610612743.0,Denver,Nuggets,DEN,0,0,,,,,,1
141,0021600332,185,1,63,2,7:49 PM,7:11,Oubre Jr. 22' Fadeaway Jumper (2 PTS),,,38 - 30,-8,4.0,1626162,Kelly Oubre Jr.,1610612764.0,Washington,Wizards,WAS,0,0,,,,,,0,0,,,,,,1
142,0021600332,186,5,1,2,7:49 PM,6:58,Oubre Jr. STEAL (1 STL),,Hernangomez Bad Pass Turnover (P1.T9),,,5.0,1627823,Juancho Hernangomez,1610612743.0,Denver,Nuggets,DEN,4,1626162,Kelly Oubre Jr.,1610612764.0,Washington,Wizards,WAS,0,0,,,,,,1
143,0021600332,187,1,1,2,7:49 PM,6:50,Thornton 26' 3PT Jump Shot (7 PTS) (Burke 1 AST),,,38 - 33,-5,4.0,201977,Marcus Thornton,1610612764.0,Washington,Wizards,WAS,4,203504,Trey Burke,1610612764.0,Washington,Wizards,WAS,0,0,,,,,,1
144,0021600332,188,2,1,2,7:49 PM,6:32,,,MISS Hernangomez 25' 3PT Jump Shot,,,5.0,1627823,Juancho Hernangomez,1610612743.0,Denver,Nuggets,DEN,0,0,,,,,,0,0,,,,,,1
145,0021600332,189,4,0,2,7:49 PM,6:30,Mark Morris REBOUND (Off:0 Def:1),,,,,4.0,202693,Markieff Morris,1610612764.0,Washington,Wizards,WAS,0,0,,,,,,0,0,,,,,,1
146,0021600332,190,2,1,2,7:49 PM,6:22,MISS Thornton 17' Jump Shot,,,,,4.0,201977,Marcus Thornton,1610612764.0,Washington,Wizards,WAS,0,0,,,,,,0,0,,,,,,1
147,0021600332,191,4,0,2,7:49 PM,6:22,,,Chandler REBOUND (Off:1 Def:1),,,5.0,201163,Wilson Chandler,1610612743.0,Denver,Nuggets,DEN,0,0,,,,,,0,0,,,,,,1
148,0021600332,192,6,1,2,7:50 PM,6:19,Mark Morris P.FOUL (P1.T1) (C.Kirkland),,,,,4.0,202693,Markieff Morris,1610612764.0,Washington,Wizards,WAS,5,203999,Nikola Jokic,1610612743.0,Denver,Nuggets,DEN,1,0,,,,,,1
149,0021600332,193,8,0,2,7:50 PM,6:19,,,SUB: Arthur FOR Chandler,,,5.0,201163,Wilson Chandler,1610612743.0,Denver,Nuggets,DEN,5,201589,Darrell Arthur,1610612743.0,Denver,Nuggets,DEN,0,0,,,,,,0
150,0021600332,194,8,0,2,7:50 PM,6:19,,,SUB: Gallinari FOR Murray,,,5.0,1627750,Jamal Murray,1610612743.0,Denver,Nuggets,DEN,5,201568,Danilo Gallinari,1610612743.0,Denver,Nuggets,DEN,0,0,,,,,,0
151,0021600332,195,8,0,2,7:50 PM,6:19,,,SUB: Nelson FOR Hernangomez,,,5.0,1627823,Juancho Hernangomez,1610612743.0,Denver,Nuggets,DEN,5,2749,Jameer Nelson,1610612743.0,Denver,Nuggets,DEN,0,0,,,,,,0
152,0021600332,196,8,0,2,7:50 PM,6:19,SUB: Wall FOR Oubre Jr.,,,,,4.0,1626162,Kelly Oubre Jr.,1610612764.0,Washington,Wizards,WAS,4,202322,John Wall,1610612764.0,Washington,Wizards,WAS,0,0,,,,,,0
153,0021600332,197,8,0,2,7:50 PM,6:19,SUB: Beal FOR Thornton,,,,,4.0,201977,Marcus Thornton,1610612764.0,Washington,Wizards,WAS,4,203078,Bradley Beal,1610612764.0,Washington,Wizards,WAS,0,0,,,,,,0
154,0021600332,198,8,0,2,7:50 PM,6:19,SUB: Gortat FOR Nicholson,,,,,4.0,203094,Andrew Nicholson,1610612764.0,Washington,Wizards,WAS,4,101162,Marcin Gortat,1610612764.0,Washington,Wizards,WAS,0,0,,,,,,0
155,0021600332,200,1,79,2,7:50 PM,6:12,,,Barton 26' 3PT Pullup Jump Shot (7 PTS) (Nelson 6 AST),41 - 33,-8,5.0,203115,Will Barton,1610612743.0,Denver,Nuggets,DEN,5,2749,Jameer Nelson,1610612743.0,Denver,Nuggets,DEN,0,0,,,,,,1
156,0021600332,201,2,1,2,7:51 PM,5:50,MISS Mark Morris 10' Jump Shot,,,,,4.0,202693,Markieff Morris,1610612764.0,Washington,Wizards,WAS,0,0,,,,,,0,0,,,,,,1
157,0021600332,202,4,0,2,7:51 PM,5:49,,,Gallinari REBOUND (Off:0 Def:2),,,5.0,201568,Danilo Gallinari,1610612743.0,Denver,Nuggets,DEN,0,0,,,,,,0,0,,,,,,1
158,0021600332,203,1,1,2,7:51 PM,5:40,,,Arthur 26' 3PT Jump Shot (6 PTS) (Barton 2 AST),44 - 33,-11,5.0,201589,Darrell Arthur,1610612743.0,Denver,Nuggets,DEN,5,203115,Will Barton,1610612743.0,Denver,Nuggets,DEN,0,0,,,,,,1
159,0021600332,204,1,79,2,7:51 PM,5:23,Beal 21' Pullup Jump Shot (7 PTS),,,44 - 35,-9,4.0,203078,Bradley Beal,1610612764.0,Washington,Wizards,WAS,0,0,,,,,,0,0,,,,,,1
160,0021600332,205,1,1,2,7:51 PM,5:07,,,Jokic 18' Jump Shot (10 PTS),46 - 35,-11,5.0,203999,Nikola Jokic,1610612743.0,Denver,Nuggets,DEN,0,0,,,,,,0,0,,,,,,1
161,0021600332,206,2,5,2,7:52 PM,4:49,MISS Mark Morris 2' Layup,,,,,4.0,202693,Markieff Morris,1610612764.0,Washington,Wizards,WAS,0,0,,,,,,0,0,,,,,,1
162,0021600332,207,4,0,2,7:52 PM,4:48,Mark Morris REBOUND (Off:1 Def:1),,,,,4.0,202693,Markieff Morris,1610612764.0,Washington,Wizards,WAS,0,0,,,,,,0,0,,,,,,1
163,0021600332,208,2,5,2,7:52 PM,4:47,MISS Mark Morris 2' Layup,,,,,4.0,202693,Markieff Morris,1610612764.0,Washington,Wizards,WAS,0,0,,,,,,0,0,,,,,,1
164,0021600332,209,4,0,2,7:52 PM,4:47,Mark Morris REBOUND (Off:2 Def:1),,,,,4.0,202693,Markieff Morris,1610612764.0,Washington,Wizards,WAS,0,0,,,,,,0,0,,,,,,1
165,0021600332,210,1,5,2,7:52 PM,4:47,Mark Morris 1' Layup (2 PTS),,,46 - 37,-9,4.0,202693,Markieff Morris,1610612764.0,Washington,Wizards,WAS,0,0,,,,,,0,0,,,,,,1
166,0021600332,211,6,2,2,7:52 PM,4:47,,,Arthur S.FOUL (P1.T2) (C.Kirkland),,,5.0,201589,Darrell Arthur,1610612743.0,Denver,Nuggets,DEN,4,202693,Markieff Morris,1610612764.0,Washington,Wizards,WAS,1,0,,,,,,1
167,0021600332,212,9,4,2,7:52 PM,4:47,,,,,,1.0,0,,,,,,0,0,,,,,,0,0,,,,,,0
168,0021600332,213,8,0,2,7:54 PM,4:47,SUB: Porter Jr. FOR Burke,,,,,4.0,203504,Trey Burke,1610612764.0,Washington,Wizards,WAS,4,203490,Otto Porter Jr.,1610612764.0,Washington,Wizards,WAS,0,0,,,,,,0
169,0021600332,214,8,0,2,7:55 PM,4:47,,,SUB: Nurkic FOR Jokic,,,5.0,203999,Nikola Jokic,1610612743.0,Denver,Nuggets,DEN,5,203994,Jusuf Nurkic,1610612743.0,Denver,Nuggets,DEN,0,0,,,,,,0
170,0021600332,215,3,10,2,7:55 PM,4:47,Mark Morris Free Throw 1 of 1 (3 PTS),,,46 - 38,-8,4.0,202693,Markieff Morris,1610612764.0,Washington,Wizards,WAS,0,0,,,,,,0,0,,,,,,0
171,0021600332,219,6,4,2,7:55 PM,4:35,,,Gallinari OFF.Foul (P2) (J.VanDuyne),,,5.0,201568,Danilo Gallinari,1610612743.0,Denver,Nuggets,DEN,4,203490,Otto Porter Jr.,1610612764.0,Washington,Wizards,WAS,1,0,,,,,,1
172,0021600332,220,5,5,2,7:55 PM,4:35,,,Gallinari Foul Turnover (P2.T10),,,5.0,201568,Danilo Gallinari,1610612743.0,Denver,Nuggets,DEN,0,0,,,,,,1,0,,,,,,1
173,0021600332,221,2,1,2,7:55 PM,4:23,MISS Wall  3PT Jump Shot,,,,,4.0,202322,John Wall,1610612764.0,Washington,Wizards,WAS,0,0,,,,,,0,0,,,,,,1
174,0021600332,222,4,0,2,7:55 PM,4:22,,,Nurkic REBOUND (Off:0 Def:3),,,5.0,203994,Jusuf Nurkic,1610612743.0,Denver,Nuggets,DEN,0,0,,,,,,0,0,,,,,,1
175,0021600332,223,5,8,2,7:56 PM,4:10,,,Arthur 3 Second Violation Turnover (P2.T11),,,5.0,201589,Darrell Arthur,1610612743.0,Denver,Nuggets,DEN,0,0,,,,,,1,0,,,,,,1
176,0021600332,226,6,2,2,7:57 PM,3:47,,,Nurkic S.FOUL (P2.T3) (J.VanDuyne),,,5.0,203994,Jusuf Nurkic,1610612743.0,Denver,Nuggets,DEN,4,202693,Markieff Morris,1610612764.0,Washington,Wizards,WAS,1,0,,,,,,1
177,0021600332,227,3,11,2,7:57 PM,3:47,Mark Morris Free Throw 1 of 2 (4 PTS),,,46 - 39,-7,4.0,202693,Markieff Morris,1610612764.0,Washington,Wizards,WAS,0,0,,,,,,0,0,,,,,,0
178,0021600332,229,3,12,2,7:57 PM,3:47,Mark Morris Free Throw 2 of 2 (5 PTS),,,46 - 40,-6,4.0,202693,Markieff Morris,1610612764.0,Washington,Wizards,WAS,0,0,,,,,,0,0,,,,,,0
179,0021600332,232,1,44,2,7:57 PM,3:24,,,Nurkic 1' Reverse Layup (6 PTS) (Arthur 2 AST),48 - 40,-8,5.0,203994,Jusuf Nurkic,1610612743.0,Denver,Nuggets,DEN,5,201589,Darrell Arthur,1610612743.0,Denver,Nuggets,DEN,0,0,,,,,,1
180,0021600332,234,2,1,2,7:58 PM,3:12,MISS Beal 25' 3PT Jump Shot,,,,,4.0,203078,Bradley Beal,1610612764.0,Washington,Wizards,WAS,0,0,,,,,,0,0,,,,,,1
181,0021600332,235,4,0,2,7:58 PM,3:12,,,Arthur REBOUND (Off:0 Def:3),,,5.0,201589,Darrell Arthur,1610612743.0,Denver,Nuggets,DEN,0,0,,,,,,0,0,,,,,,1
182,0021600332,236,6,26,2,7:58 PM,3:11,,,Barton Offensive Charge Foul (P1.T4) (T.Brown),,,5.0,203115,Will Barton,1610612743.0,Denver,Nuggets,DEN,4,203078,Bradley Beal,1610612764.0,Washington,Wizards,WAS,1,0,,,,,,1
183,0021600332,237,5,5,2,7:58 PM,3:11,,,Barton Foul Turnover (P1.T12),,,5.0,203115,Will Barton,1610612743.0,Denver,Nuggets,DEN,0,0,,,,,,1,0,,,,,,1
184,0021600332,240,6,1,2,7:58 PM,3:00,,,Gallinari P.FOUL (P3.PN) (C.Kirkland),,,5.0,201568,Danilo Gallinari,1610612743.0,Denver,Nuggets,DEN,4,203490,Otto Porter Jr.,1610612764.0,Washington,Wizards,WAS,1,0,,,,,,1
185,0021600332,241,8,0,2,7:59 PM,3:00,,,SUB: Chandler FOR Gallinari,,,5.0,201568,Danilo Gallinari,1610612743.0,Denver,Nuggets,DEN,5,201163,Wilson Chandler,1610612743.0,Denver,Nuggets,DEN,0,0,,,,,,0
186,0021600332,242,2,1,2,7:59 PM,2:47,MISS Wall 5' Jump Shot,,Arthur BLOCK (1 BLK),,,4.0,202322,John Wall,1610612764.0,Washington,Wizards,WAS,0,0,,,,,,5,201589,Darrell Arthur,1610612743.0,Denver,Nuggets,DEN,1
187,0021600332,243,4,0,2,7:59 PM,2:47,,,Nuggets Rebound,,,3.0,1610612743,,,,,,0,0,,,,,,0,0,,,,,,0
188,0021600332,244,9,1,2,7:59 PM,2:47,,,Nuggets Timeout: Regular (Reg.2 Short 0),,,3.0,1610612743,,,,,,0,0,,,,,,0,0,,,,,,0
189,0021600332,248,2,1,2,8:02 PM,2:32,,,MISS Chandler 27' 3PT Jump Shot,,,5.0,201163,Wilson Chandler,1610612743.0,Denver,Nuggets,DEN,0,0,,,,,,0,0,,,,,,1
190,0021600332,249,4,0,2,8:02 PM,2:30,,,Nurkic REBOUND (Off:1 Def:3),,,5.0,203994,Jusuf Nurkic,1610612743.0,Denver,Nuggets,DEN,0,0,,,,,,0,0,,,,,,1
191,0021600332,250,2,1,2,8:02 PM,2:18,,,MISS Chandler 4' Jump Shot,,,5.0,201163,Wilson Chandler,1610612743.0,Denver,Nuggets,DEN,0,0,,,,,,0,0,,,,,,1
192,0021600332,251,4,0,2,8:02 PM,2:17,Gortat REBOUND (Off:1 Def:2),,,,,4.0,101162,Marcin Gortat,1610612764.0,Washington,Wizards,WAS,0,0,,,,,,0,0,,,,,,1
193,0021600332,255,1,1,2,8:04 PM,2:10,Porter Jr. 3' Jump Shot (7 PTS) (Beal 1 AST),,,48 - 42,-6,4.0,203490,Otto Porter Jr.,1610612764.0,Washington,Wizards,WAS,4,203078,Bradley Beal,1610612764.0,Washington,Wizards,WAS,0,0,,,,,,1
194,0021600332,256,1,1,2,8:04 PM,1:53,,,Nurkic 20' Jump Shot (8 PTS) (Arthur 3 AST),50 - 42,-8,5.0,203994,Jusuf Nurkic,1610612743.0,Denver,Nuggets,DEN,5,201589,Darrell Arthur,1610612743.0,Denver,Nuggets,DEN,0,0,,,,,,1
195,0021600332,257,5,2,2,8:04 PM,1:43,Gortat Lost Ball Turnover (P2.T10),,Chandler STEAL (1 STL),,,4.0,101162,Marcin Gortat,1610612764.0,Washington,Wizards,WAS,5,201163,Wilson Chandler,1610612743.0,Denver,Nuggets,DEN,0,0,,,,,,1
196,0021600332,258,1,1,2,8:04 PM,1:34,,,Barton 18' Jump Shot (9 PTS) (Chandler 1 AST),52 - 42,-10,5.0,203115,Will Barton,1610612743.0,Denver,Nuggets,DEN,5,201163,Wilson Chandler,1610612743.0,Denver,Nuggets,DEN,0,0,,,,,,1
197,0021600332,259,1,1,2,8:04 PM,1:20,Beal 25' 3PT Jump Shot (10 PTS),,,52 - 45,-7,4.0,203078,Bradley Beal,1610612764.0,Washington,Wizards,WAS,0,0,,,,,,0,0,,,,,,1
198,0021600332,261,2,1,2,8:05 PM,1:02,,,MISS Arthur 25' 3PT Jump Shot,,,5.0,201589,Darrell Arthur,1610612743.0,Denver,Nuggets,DEN,0,0,,,,,,0,0,,,,,,1
199,0021600332,262,4,0,2,8:05 PM,1:02,Porter Jr. REBOUND (Off:0 Def:3),,,,,4.0,203490,Otto Porter Jr.,1610612764.0,Washington,Wizards,WAS,0,0,,,,,,0,0,,,,,,1
200,0021600332,263,5,41,2,8:05 PM,0:52,Gortat Poss Lost Ball Turnover (P3.T11),,,,,4.0,101162,Marcin Gortat,1610612764.0,Washington,Wizards,WAS,0,0,,,,,,1,0,,,,,,1
201,0021600332,264,8,0,2,8:05 PM,0:52,,,SUB: Jokic FOR Nurkic,,,5.0,203994,Jusuf Nurkic,1610612743.0,Denver,Nuggets,DEN,5,203999,Nikola Jokic,1610612743.0,Denver,Nuggets,DEN,0,0,,,,,,0
202,0021600332,266,2,1,2,8:06 PM,0:37,Wall BLOCK (1 BLK),,MISS Jokic 4' Jump Shot,,,5.0,203999,Nikola Jokic,1610612743.0,Denver,Nuggets,DEN,0,0,,,,,,4,202322,John Wall,1610612764.0,Washington,Wizards,WAS,1
203,0021600332,267,4,0,2,8:06 PM,0:37,,,Nuggets Rebound,,,3.0,1610612743,,,,,,0,0,,,,,,0,0,,,,,,0
204,0021600332,268,2,1,2,8:06 PM,0:33,,,MISS Chandler 17' Jump Shot,,,5.0,201163,Wilson Chandler,1610612743.0,Denver,Nuggets,DEN,0,0,,,,,,0,0,,,,,,1
205,0021600332,269,4,0,2,8:06 PM,0:32,,,Jokic REBOUND (Off:3 Def:1),,,5.0,203999,Nikola Jokic,1610612743.0,Denver,Nuggets,DEN,0,0,,,,,,0,0,,,,,,1
206,0021600332,270,5,40,2,8:06 PM,0:21,,,Chandler Out of Bounds Lost Ball Turnover (P1.T13),,,5.0,201163,Wilson Chandler,1610612743.0,Denver,Nuggets,DEN,0,0,,,,,,1,0,,,,,,1
207,0021600332,272,6,2,2,8:07 PM,0:00,,,Barton S.FOUL (P2.PN) (J.VanDuyne),,,5.0,203115,Will Barton,1610612743.0,Denver,Nuggets,DEN,4,203078,Bradley Beal,1610612764.0,Washington,Wizards,WAS,1,0,,,,,,1
208,0021600332,273,18,0,2,8:07 PM,0:00,,,,,,,272,,,,,,0,0,,,,,,1,0,,,,,,0
209,0021600332,274,3,11,2,8:08 PM,0:00,Beal Free Throw 1 of 2 (11 PTS),,,52 - 46,-6,4.0,203078,Bradley Beal,1610612764.0,Washington,Wizards,WAS,0,0,,,,,,0,0,,,,,,0
210,0021600332,276,3,12,2,8:08 PM,0:00,Beal Free Throw 2 of 2 (12 PTS),,,52 - 47,-5,4.0,203078,Bradley Beal,1610612764.0,Washington,Wizards,WAS,0,0,,,,,,0,0,,,,,,0
211,0021600332,278,2,1,2,8:09 PM,0:00,,,MISS Barton 65' 3PT Jump Shot,,,5.0,203115,Will Barton,1610612743.0,Denver,Nuggets,DEN,0,0,,,,,,0,0,,,,,,1
212,0021600332,279,4,0,2,8:09 PM,0:00,WIZARDS Rebound,,,,,2.0,1610612764,,,,,,0,0,,,,,,0,0,,,,,,0
213,0021600332,280,13,0,2,8:09 PM,0:00,,,,52 - 47,-5,0.0,0,,,,,,0,0,,,,,,0,0,,,,,,0
214,0021600332,282,12,0,3,8:24 PM,12:00,,,,52 - 47,-5,0.0,0,,,,,,0,0,,,,,,0,0,,,,,,0
215,0021600332,283,6,2,3,8:25 PM,11:40,Gortat S.FOUL (P1.T1) (C.Kirkland),,,,,4.0,101162,Marcin Gortat,1610612764.0,Washington,Wizards,WAS,5,203994,Jusuf Nurkic,1610612743.0,Denver,Nuggets,DEN,1,0,,,,,,1
216,0021600332,284,3,11,3,8:25 PM,11:40,,,MISS Nurkic Free Throw 1 of 2,,,5.0,203994,Jusuf Nurkic,1610612743.0,Denver,Nuggets,DEN,0,0,,,,,,0,0,,,,,,0
217,0021600332,285,4,1,3,8:25 PM,11:40,,,Nuggets Rebound,,,3.0,1610612743,,,,,,0,0,,,,,,0,0,,,,,,0
218,0021600332,286,3,12,3,8:25 PM,11:40,,,Nurkic Free Throw 2 of 2 (9 PTS),53 - 47,-6,5.0,203994,Jusuf Nurkic,1610612743.0,Denver,Nuggets,DEN,0,0,,,,,,0,0,,,,,,0
219,0021600332,289,1,79,3,8:26 PM,11:26,Mark Morris 6' Pullup Jump Shot (7 PTS) (Beal 2 AST),,,53 - 49,-4,4.0,202693,Markieff Morris,1610612764.0,Washington,Wizards,WAS,4,203078,Bradley Beal,1610612764.0,Washington,Wizards,WAS,0,0,,,,,,1
220,0021600332,291,1,1,3,8:26 PM,11:03,,,Nelson 21' Jump Shot (4 PTS) (Nurkic 1 AST),55 - 49,-6,5.0,2749,Jameer Nelson,1610612743.0,Denver,Nuggets,DEN,5,203994,Jusuf Nurkic,1610612743.0,Denver,Nuggets,DEN,0,0,,,,,,1
221,0021600332,292,2,1,3,8:26 PM,10:52,MISS Beal 29' 3PT Jump Shot,,,,,4.0,203078,Bradley Beal,1610612764.0,Washington,Wizards,WAS,0,0,,,,,,0,0,,,,,,1
222,0021600332,293,4,0,3,8:26 PM,10:51,,,Nurkic REBOUND (Off:1 Def:4),,,5.0,203994,Jusuf Nurkic,1610612743.0,Denver,Nuggets,DEN,0,0,,,,,,0,0,,,,,,1
223,0021600332,294,1,98,3,8:27 PM,10:32,,,Nurkic 1' Cutting Layup Shot (11 PTS) (Nelson 7 AST),57 - 49,-8,5.0,203994,Jusuf Nurkic,1610612743.0,Denver,Nuggets,DEN,5,2749,Jameer Nelson,1610612743.0,Denver,Nuggets,DEN,0,0,,,,,,1
224,0021600332,296,6,2,3,8:27 PM,10:17,,,Nurkic S.FOUL (P3.T1) (C.Kirkland),,,5.0,203994,Jusuf Nurkic,1610612743.0,Denver,Nuggets,DEN,4,202693,Markieff Morris,1610612764.0,Washington,Wizards,WAS,1,0,,,,,,1
225,0021600332,297,3,11,3,8:27 PM,10:17,Mark Morris Free Throw 1 of 2 (8 PTS),,,57 - 50,-7,4.0,202693,Markieff Morris,1610612764.0,Washington,Wizards,WAS,0,0,,,,,,0,0,,,,,,0
226,0021600332,299,3,12,3,8:27 PM,10:17,Mark Morris Free Throw 2 of 2 (9 PTS),,,57 - 51,-6,4.0,202693,Markieff Morris,1610612764.0,Washington,Wizards,WAS,0,0,,,,,,0,0,,,,,,0
227,0021600332,302,6,17,3,8:28 PM,10:02,WIZARDS T.Foul (Def. 3 Sec Gortat ) (J.VanDuyne),,,,,4.0,101162,Marcin Gortat,1610612764.0,Washington,Wizards,WAS,0,0,,,,,,1,0,,,,,,1
228,0021600332,303,3,16,3,8:28 PM,10:02,,,Gallinari Free Throw Technical (9 PTS),58 - 51,-7,5.0,201568,Danilo Gallinari,1610612743.0,Denver,Nuggets,DEN,0,0,,,,,,0,0,,,,,,0
229,0021600332,306,6,4,3,8:29 PM,9:56,,,Nurkic OFF.Foul (P4) (T.Brown),,,5.0,203994,Jusuf Nurkic,1610612743.0,Denver,Nuggets,DEN,4,202322,John Wall,1610612764.0,Washington,Wizards,WAS,1,0,,,,,,1
230,0021600332,307,5,5,3,8:29 PM,9:56,,,Nurkic Foul Turnover (P3.T14),,,5.0,203994,Jusuf Nurkic,1610612743.0,Denver,Nuggets,DEN,0,0,,,,,,1,0,,,,,,1
231,0021600332,310,6,11,3,8:30 PM,9:56,Wall T.FOUL (P0.T1) (C.Kirkland),,,,,4.0,202322,John Wall,1610612764.0,Washington,Wizards,WAS,0,0,,,,,,1,0,,,,,,1
232,0021600332,309,18,0,3,8:30 PM,9:56,,,,,,,306,Steve Colter,,,,,0,0,,,,,,1,0,,,,,,0
233,0021600332,311,3,16,3,8:31 PM,9:56,,,MISS Gallinari Free Throw Technical,,,5.0,201568,Danilo Gallinari,1610612743.0,Denver,Nuggets,DEN,0,0,,,,,,0,0,,,,,,0
234,0021600332,312,4,1,3,8:31 PM,9:56,WIZARDS Rebound,,,,,2.0,1610612764,,,,,,0,0,,,,,,0,0,,,,,,0
235,0021600332,313,8,0,3,8:31 PM,9:56,,,SUB: Jokic FOR Nurkic,,,5.0,203994,Jusuf Nurkic,1610612743.0,Denver,Nuggets,DEN,5,203999,Nikola Jokic,1610612743.0,Denver,Nuggets,DEN,0,0,,,,,,0
236,0021600332,315,6,4,3,8:32 PM,9:42,Gortat OFF.Foul (P2) (C.Kirkland),,,,,4.0,101162,Marcin Gortat,1610612764.0,Washington,Wizards,WAS,5,203115,Will Barton,1610612743.0,Denver,Nuggets,DEN,1,0,,,,,,1
237,0021600332,316,5,5,3,8:32 PM,9:42,Gortat Foul Turnover (P4.T12),,,,,4.0,101162,Marcin Gortat,1610612764.0,Washington,Wizards,WAS,0,0,,,,,,1,0,,,,,,1
238,0021600332,318,5,2,3,8:32 PM,9:26,Gortat STEAL (2 STL),,Gallinari Lost Ball Turnover (P3.T15),,,5.0,201568,Danilo Gallinari,1610612743.0,Denver,Nuggets,DEN,4,101162,Marcin Gortat,1610612764.0,Washington,Wizards,WAS,0,0,,,,,,1
239,0021600332,319,2,1,3,8:32 PM,9:20,MISS Wall 19' Jump Shot,,,,,4.0,202322,John Wall,1610612764.0,Washington,Wizards,WAS,0,0,,,,,,0,0,,,,,,1
240,0021600332,320,4,0,3,8:32 PM,9:19,,,Jokic REBOUND (Off:3 Def:2),,,5.0,203999,Nikola Jokic,1610612743.0,Denver,Nuggets,DEN,0,0,,,,,,0,0,,,,,,1
241,0021600332,321,2,1,3,8:33 PM,8:56,,,MISS Gallinari 29' 3PT Jump Shot,,,5.0,201568,Danilo Gallinari,1610612743.0,Denver,Nuggets,DEN,0,0,,,,,,0,0,,,,,,1
242,0021600332,322,4,0,3,8:33 PM,8:56,,,Jokic REBOUND (Off:4 Def:2),,,5.0,203999,Nikola Jokic,1610612743.0,Denver,Nuggets,DEN,0,0,,,,,,0,0,,,,,,1
243,0021600332,323,6,2,3,8:33 PM,8:50,Porter Jr. S.FOUL (P2.T2) (J.VanDuyne),,,,,4.0,203490,Otto Porter Jr.,1610612764.0,Washington,Wizards,WAS,5,2749,Jameer Nelson,1610612743.0,Denver,Nuggets,DEN,1,0,,,,,,1
244,0021600332,324,3,11,3,8:33 PM,8:50,,,MISS Nelson Free Throw 1 of 2,,,5.0,2749,Jameer Nelson,1610612743.0,Denver,Nuggets,DEN,0,0,,,,,,0,0,,,,,,0
245,0021600332,325,4,1,3,8:33 PM,8:50,,,Nuggets Rebound,,,3.0,1610612743,,,,,,0,0,,,,,,0,0,,,,,,0
246,0021600332,326,3,12,3,8:33 PM,8:50,,,MISS Nelson Free Throw 2 of 2,,,5.0,2749,Jameer Nelson,1610612743.0,Denver,Nuggets,DEN,0,0,,,,,,0,0,,,,,,0
247,0021600332,328,4,0,3,8:33 PM,8:49,Gortat REBOUND (Off:1 Def:3),,,,,4.0,101162,Marcin Gortat,1610612764.0,Washington,Wizards,WAS,0,0,,,,,,0,0,,,,,,1
248,0021600332,330,5,21,3,8:34 PM,8:35,Wall Palming Turnover (P3.T13),,,,,4.0,202322,John Wall,1610612764.0,Washington,Wizards,WAS,0,0,,,,,,1,0,,,,,,1
249,0021600332,331,2,1,3,8:34 PM,8:14,,,MISS Jokic 10' Jump Shot,,,5.0,203999,Nikola Jokic,1610612743.0,Denver,Nuggets,DEN,0,0,,,,,,0,0,,,,,,1
250,0021600332,332,4,0,3,8:34 PM,8:14,WIZARDS Rebound,,,,,2.0,1610612764,,,,,,0,0,,,,,,0,0,,,,,,0
251,0021600332,333,6,3,3,8:34 PM,8:14,,,Arthur L.B.FOUL (P2.T2) (T.Brown),,,5.0,201589,Darrell Arthur,1610612743.0,Denver,Nuggets,DEN,4,202693,Markieff Morris,1610612764.0,Washington,Wizards,WAS,1,0,,,,,,1
252,0021600332,334,1,78,3,8:35 PM,7:59,Mark Morris 8' Floating Jump Shot (11 PTS) (Beal 3 AST),,,58 - 53,-5,4.0,202693,Markieff Morris,1610612764.0,Washington,Wizards,WAS,4,203078,Bradley Beal,1610612764.0,Washington,Wizards,WAS,0,0,,,,,,1
253,0021600332,336,1,1,3,8:35 PM,7:44,,,Jokic 4' Jump Shot (12 PTS) (Arthur 4 AST),60 - 53,-7,5.0,203999,Nikola Jokic,1610612743.0,Denver,Nuggets,DEN,5,201589,Darrell Arthur,1610612743.0,Denver,Nuggets,DEN,0,0,,,,,,1
254,0021600332,337,6,2,3,8:35 PM,7:44,Beal S.FOUL (P1.T3) (C.Kirkland),,,,,4.0,203078,Bradley Beal,1610612764.0,Washington,Wizards,WAS,5,203999,Nikola Jokic,1610612743.0,Denver,Nuggets,DEN,1,0,,,,,,1
255,0021600332,338,3,10,3,8:35 PM,7:44,,,MISS Jokic Free Throw 1 of 1,,,5.0,203999,Nikola Jokic,1610612743.0,Denver,Nuggets,DEN,0,0,,,,,,0,0,,,,,,0
256,0021600332,340,4,0,3,8:35 PM,7:44,Porter Jr. REBOUND (Off:0 Def:4),,,,,4.0,203490,Otto Porter Jr.,1610612764.0,Washington,Wizards,WAS,0,0,,,,,,0,0,,,,,,1
257,0021600332,342,2,1,3,8:36 PM,7:27,MISS Wall 24' 3PT Jump Shot,,,,,4.0,202322,John Wall,1610612764.0,Washington,Wizards,WAS,0,0,,,,,,0,0,,,,,,1
258,0021600332,343,4,0,3,8:36 PM,7:25,Gortat REBOUND (Off:2 Def:3),,,,,4.0,101162,Marcin Gortat,1610612764.0,Washington,Wizards,WAS,0,0,,,,,,0,0,,,,,,1
259,0021600332,344,2,1,3,8:36 PM,7:17,MISS Gortat 10' Jump Shot,,,,,4.0,101162,Marcin Gortat,1610612764.0,Washington,Wizards,WAS,0,0,,,,,,0,0,,,,,,1
260,0021600332,345,4,0,3,8:36 PM,7:16,,,Jokic REBOUND (Off:4 Def:3),,,5.0,203999,Nikola Jokic,1610612743.0,Denver,Nuggets,DEN,0,0,,,,,,0,0,,,,,,1
261,0021600332,346,6,2,3,8:36 PM,7:11,Mark Morris S.FOUL (P2.T4) (J.VanDuyne),,,,,4.0,202693,Markieff Morris,1610612764.0,Washington,Wizards,WAS,5,201568,Danilo Gallinari,1610612743.0,Denver,Nuggets,DEN,1,0,,,,,,1
262,0021600332,347,3,11,3,8:36 PM,7:11,,,Gallinari Free Throw 1 of 2 (10 PTS),61 - 53,-8,5.0,201568,Danilo Gallinari,1610612743.0,Denver,Nuggets,DEN,0,0,,,,,,0,0,,,,,,0
263,0021600332,349,3,12,3,8:36 PM,7:11,,,Gallinari Free Throw 2 of 2 (11 PTS),62 - 53,-9,5.0,201568,Danilo Gallinari,1610612743.0,Denver,Nuggets,DEN,0,0,,,,,,0,0,,,,,,0
264,0021600332,352,1,1,3,8:37 PM,6:59,Beal 18' Jump Shot (14 PTS) (Mark Morris 1 AST),,,62 - 55,-7,4.0,203078,Bradley Beal,1610612764.0,Washington,Wizards,WAS,4,202693,Markieff Morris,1610612764.0,Washington,Wizards,WAS,0,0,,,,,,1
265,0021600332,354,6,4,3,8:37 PM,6:41,,,Gallinari OFF.Foul (P4) (C.Kirkland),,,5.0,201568,Danilo Gallinari,1610612743.0,Denver,Nuggets,DEN,4,203078,Bradley Beal,1610612764.0,Washington,Wizards,WAS,1,0,,,,,,1
266,0021600332,355,5,5,3,8:37 PM,6:41,,,Gallinari Foul Turnover (P4.T16),,,5.0,201568,Danilo Gallinari,1610612743.0,Denver,Nuggets,DEN,0,0,,,,,,1,0,,,,,,1
267,0021600332,356,8,0,3,8:37 PM,6:41,,,SUB: Chandler FOR Gallinari,,,5.0,201568,Danilo Gallinari,1610612743.0,Denver,Nuggets,DEN,5,201163,Wilson Chandler,1610612743.0,Denver,Nuggets,DEN,0,0,,,,,,0
268,0021600332,357,6,1,3,8:38 PM,6:26,,,Nelson P.FOUL (P1.T3) (J.VanDuyne),,,5.0,2749,Jameer Nelson,1610612743.0,Denver,Nuggets,DEN,4,202322,John Wall,1610612764.0,Washington,Wizards,WAS,1,0,,,,,,1
269,0021600332,358,1,57,3,8:38 PM,6:20,Gortat 3' Driving Hook Shot (4 PTS) (Mark Morris 2 AST),,,62 - 57,-5,4.0,101162,Marcin Gortat,1610612764.0,Washington,Wizards,WAS,4,202693,Markieff Morris,1610612764.0,Washington,Wizards,WAS,0,0,,,,,,1
270,0021600332,360,2,1,3,8:39 PM,5:59,,,MISS Chandler 17' Jump Shot,,,5.0,201163,Wilson Chandler,1610612743.0,Denver,Nuggets,DEN,0,0,,,,,,0,0,,,,,,1
271,0021600332,361,4,0,3,8:39 PM,5:58,Beal REBOUND (Off:0 Def:1),,,,,4.0,203078,Bradley Beal,1610612764.0,Washington,Wizards,WAS,0,0,,,,,,0,0,,,,,,1
272,0021600332,362,1,79,3,8:39 PM,5:43,Mark Morris 18' Pullup Jump Shot (13 PTS),,,62 - 59,-3,4.0,202693,Markieff Morris,1610612764.0,Washington,Wizards,WAS,0,0,,,,,,0,0,,,,,,1
273,0021600332,363,9,1,3,8:39 PM,5:42,,,Nuggets Timeout: Regular (Reg.3 Short 0),,,3.0,1610612743,,,,,,0,0,,,,,,0,0,,,,,,0
274,0021600332,365,8,0,3,8:41 PM,5:42,,,SUB: Hernangomez FOR Arthur,,,5.0,201589,Darrell Arthur,1610612743.0,Denver,Nuggets,DEN,5,1627823,Juancho Hernangomez,1610612743.0,Denver,Nuggets,DEN,0,0,,,,,,0
275,0021600332,366,8,0,3,8:41 PM,5:42,,,SUB: Murray FOR Barton,,,5.0,203115,Will Barton,1610612743.0,Denver,Nuggets,DEN,5,1627750,Jamal Murray,1610612743.0,Denver,Nuggets,DEN,0,0,,,,,,0
276,0021600332,367,7,5,3,8:42 PM,5:32,Beal Violation:Kicked Ball (C.Kirkland),,,,,4.0,203078,Bradley Beal,1610612764.0,Washington,Wizards,WAS,0,0,,,,,,1,0,,,,,,0
277,0021600332,369,2,5,3,8:42 PM,5:17,,,MISS Chandler 1' Layup,,,5.0,201163,Wilson Chandler,1610612743.0,Denver,Nuggets,DEN,0,0,,,,,,0,0,,,,,,1
278,0021600332,370,4,0,3,8:42 PM,5:16,,,Jokic REBOUND (Off:5 Def:3),,,5.0,203999,Nikola Jokic,1610612743.0,Denver,Nuggets,DEN,0,0,,,,,,0,0,,,,,,1
279,0021600332,371,2,1,3,8:42 PM,5:09,,,MISS Hernangomez 26' 3PT Jump Shot,,,5.0,1627823,Juancho Hernangomez,1610612743.0,Denver,Nuggets,DEN,0,0,,,,,,0,0,,,,,,1
280,0021600332,372,4,0,3,8:42 PM,5:08,Wall REBOUND (Off:1 Def:3),,,,,4.0,202322,John Wall,1610612764.0,Washington,Wizards,WAS,0,0,,,,,,0,0,,,,,,1
281,0021600332,373,1,1,3,8:43 PM,4:47,Beal 29' 3PT Jump Shot (17 PTS) (Wall 4 AST),,,62 - 62,TIE,4.0,203078,Bradley Beal,1610612764.0,Washington,Wizards,WAS,4,202322,John Wall,1610612764.0,Washington,Wizards,WAS,0,0,,,,,,1
282,0021600332,376,1,83,3,8:43 PM,4:30,,,Nelson 12' Fadeaway Bank Shot (6 PTS),64 - 62,-2,5.0,2749,Jameer Nelson,1610612743.0,Denver,Nuggets,DEN,0,0,,,,,,0,0,,,,,,1
283,0021600332,378,2,1,3,8:43 PM,4:10,MISS Wall 25' 3PT Jump Shot,,,,,4.0,202322,John Wall,1610612764.0,Washington,Wizards,WAS,0,0,,,,,,0,0,,,,,,1
284,0021600332,379,4,0,3,8:43 PM,4:09,,,Nelson REBOUND (Off:0 Def:3),,,5.0,2749,Jameer Nelson,1610612743.0,Denver,Nuggets,DEN,0,0,,,,,,0,0,,,,,,1
285,0021600332,380,1,86,3,8:43 PM,3:56,,,Nelson 8' Turnaround Fadeaway (8 PTS),66 - 62,-4,5.0,2749,Jameer Nelson,1610612743.0,Denver,Nuggets,DEN,0,0,,,,,,0,0,,,,,,1
286,0021600332,382,1,1,3,8:44 PM,3:42,Beal 27' 3PT Jump Shot (20 PTS) (Wall 5 AST),,,66 - 65,-1,4.0,203078,Bradley Beal,1610612764.0,Washington,Wizards,WAS,4,202322,John Wall,1610612764.0,Washington,Wizards,WAS,0,0,,,,,,1
287,0021600332,384,2,1,3,8:44 PM,3:21,,,MISS Chandler 12' Jump Shot,,,5.0,201163,Wilson Chandler,1610612743.0,Denver,Nuggets,DEN,0,0,,,,,,0,0,,,,,,1
288,0021600332,385,4,0,3,8:44 PM,3:20,Gortat REBOUND (Off:2 Def:4),,,,,4.0,101162,Marcin Gortat,1610612764.0,Washington,Wizards,WAS,0,0,,,,,,0,0,,,,,,1
289,0021600332,386,1,1,3,8:44 PM,3:07,Porter Jr. 17' Jump Shot (9 PTS) (Mark Morris 3 AST),,,66 - 67,1,4.0,203490,Otto Porter Jr.,1610612764.0,Washington,Wizards,WAS,4,202693,Markieff Morris,1610612764.0,Washington,Wizards,WAS,0,0,,,,,,1
290,0021600332,388,2,1,3,8:45 PM,2:49,,,MISS Chandler 24' 3PT Jump Shot,,,5.0,201163,Wilson Chandler,1610612743.0,Denver,Nuggets,DEN,0,0,,,,,,0,0,,,,,,1
291,0021600332,389,4,0,3,8:45 PM,2:47,,,Hernangomez REBOUND (Off:1 Def:3),,,5.0,1627823,Juancho Hernangomez,1610612743.0,Denver,Nuggets,DEN,0,0,,,,,,0,0,,,,,,1
292,0021600332,390,5,2,3,8:45 PM,2:39,Porter Jr. STEAL (1 STL),,Nelson Lost Ball Turnover (P2.T17),,,5.0,2749,Jameer Nelson,1610612743.0,Denver,Nuggets,DEN,4,203490,Otto Porter Jr.,1610612764.0,Washington,Wizards,WAS,0,0,,,,,,1
293,0021600332,391,1,76,3,8:45 PM,2:35,Wall 1' Running Finger Roll Layup (6 PTS) (Porter Jr. 1 AST),,,66 - 69,3,4.0,202322,John Wall,1610612764.0,Washington,Wizards,WAS,4,203490,Otto Porter Jr.,1610612764.0,Washington,Wizards,WAS,0,0,,,,,,1
294,0021600332,392,9,2,3,8:45 PM,2:34,,,Nuggets Timeout: Short (Reg.3 Short 1),,,3.0,1610612743,,,,,,0,0,,,,,,0,0,,,,,,0
295,0021600332,402,9,1,3,8:45 PM,2:34,WIZARDS Timeout: Regular (Full 3 Short 0),,,,,2.0,1610612764,,,,,,0,0,,,,,,0,0,,,,,,0
296,0021600332,394,8,0,3,8:47 PM,2:34,SUB: Oubre Jr. FOR Porter Jr.,,,,,4.0,203490,Otto Porter Jr.,1610612764.0,Washington,Wizards,WAS,4,1626162,Kelly Oubre Jr.,1610612764.0,Washington,Wizards,WAS,0,0,,,,,,0
297,0021600332,395,8,0,3,8:47 PM,2:34,SUB: Smith FOR Gortat,,,,,4.0,101162,Marcin Gortat,1610612764.0,Washington,Wizards,WAS,4,201160,Jason Smith,1610612764.0,Washington,Wizards,WAS,0,0,,,,,,0
298,0021600332,396,8,0,3,8:48 PM,2:34,,,SUB: Barton FOR Nelson,,,5.0,2749,Jameer Nelson,1610612743.0,Denver,Nuggets,DEN,5,203115,Will Barton,1610612743.0,Denver,Nuggets,DEN,0,0,,,,,,0
299,0021600332,397,6,1,3,8:48 PM,2:27,Wall P.FOUL (P1.PN) (T.Brown),,,,,4.0,202322,John Wall,1610612764.0,Washington,Wizards,WAS,5,1627823,Juancho Hernangomez,1610612743.0,Denver,Nuggets,DEN,1,0,,,,,,1
300,0021600332,398,3,11,3,8:48 PM,2:27,,,Hernangomez Free Throw 1 of 2 (2 PTS),67 - 69,2,5.0,1627823,Juancho Hernangomez,1610612743.0,Denver,Nuggets,DEN,0,0,,,,,,0,0,,,,,,0
301,0021600332,400,3,12,3,8:49 PM,2:27,,,Hernangomez Free Throw 2 of 2 (3 PTS),68 - 69,1,5.0,1627823,Juancho Hernangomez,1610612743.0,Denver,Nuggets,DEN,0,0,,,,,,0,0,,,,,,0
302,0021600332,403,1,1,3,8:49 PM,2:14,Mark Morris 5' Jump Shot (15 PTS) (Beal 4 AST),,,68 - 71,3,4.0,202693,Markieff Morris,1610612764.0,Washington,Wizards,WAS,4,203078,Bradley Beal,1610612764.0,Washington,Wizards,WAS,0,0,,,,,,1
303,0021600332,404,5,2,3,8:49 PM,1:58,Wall STEAL (2 STL),,Murray Lost Ball Turnover (P2.T18),,,5.0,1627750,Jamal Murray,1610612743.0,Denver,Nuggets,DEN,4,202322,John Wall,1610612764.0,Washington,Wizards,WAS,0,0,,,,,,1
304,0021600332,406,1,1,3,8:49 PM,1:53,Oubre Jr. 16' Jump Shot (4 PTS) (Beal 5 AST),,,68 - 73,5,4.0,1626162,Kelly Oubre Jr.,1610612764.0,Washington,Wizards,WAS,4,203078,Bradley Beal,1610612764.0,Washington,Wizards,WAS,0,0,,,,,,1
305,0021600332,407,6,1,3,8:50 PM,1:40,Smith P.FOUL (P3.PN) (J.VanDuyne),,,,,4.0,201160,Jason Smith,1610612764.0,Washington,Wizards,WAS,5,203999,Nikola Jokic,1610612743.0,Denver,Nuggets,DEN,1,0,,,,,,1
306,0021600332,409,3,11,3,8:50 PM,1:40,,,MISS Jokic Free Throw 1 of 2,,,5.0,203999,Nikola Jokic,1610612743.0,Denver,Nuggets,DEN,0,0,,,,,,0,0,,,,,,0
307,0021600332,410,4,1,3,8:50 PM,1:40,,,Nuggets Rebound,,,3.0,1610612743,,,,,,0,0,,,,,,0,0,,,,,,0
308,0021600332,411,8,0,3,8:50 PM,1:40,SUB: Burke FOR Wall,,,,,4.0,202322,John Wall,1610612764.0,Washington,Wizards,WAS,4,203504,Trey Burke,1610612764.0,Washington,Wizards,WAS,0,0,,,,,,0
309,0021600332,412,3,12,3,8:50 PM,1:40,,,Jokic Free Throw 2 of 2 (13 PTS),69 - 73,4,5.0,203999,Nikola Jokic,1610612743.0,Denver,Nuggets,DEN,0,0,,,,,,0,0,,,,,,0
310,0021600332,415,1,1,3,8:51 PM,1:29,Beal 17' Jump Shot (22 PTS) (Burke 2 AST),,,69 - 75,6,4.0,203078,Bradley Beal,1610612764.0,Washington,Wizards,WAS,4,203504,Trey Burke,1610612764.0,Washington,Wizards,WAS,0,0,,,,,,1
311,0021600332,417,2,1,3,8:51 PM,1:17,,,MISS Barton 28' 3PT Jump Shot,,,5.0,203115,Will Barton,1610612743.0,Denver,Nuggets,DEN,0,0,,,,,,0,0,,,,,,1
312,0021600332,418,4,0,3,8:51 PM,1:16,WIZARDS Rebound,,,,,2.0,1610612764,,,,,,0,0,,,,,,0,0,,,,,,0
313,0021600332,420,5,2,3,8:51 PM,1:05,Beal Lost Ball Turnover (P1.T14),,Barton STEAL (2 STL),,,4.0,203078,Bradley Beal,1610612764.0,Washington,Wizards,WAS,5,203115,Will Barton,1610612743.0,Denver,Nuggets,DEN,0,0,,,,,,1
314,0021600332,421,5,2,3,8:51 PM,1:01,Burke STEAL (1 STL),,Murray Lost Ball Turnover (P3.T19),,,5.0,1627750,Jamal Murray,1610612743.0,Denver,Nuggets,DEN,4,203504,Trey Burke,1610612764.0,Washington,Wizards,WAS,0,0,,,,,,1
315,0021600332,422,2,1,3,8:51 PM,0:54,MISS Oubre Jr. 26' 3PT Jump Shot,,,,,4.0,1626162,Kelly Oubre Jr.,1610612764.0,Washington,Wizards,WAS,0,0,,,,,,0,0,,,,,,1
316,0021600332,423,4,0,3,8:51 PM,0:52,,,Chandler REBOUND (Off:1 Def:2),,,5.0,201163,Wilson Chandler,1610612743.0,Denver,Nuggets,DEN,0,0,,,,,,0,0,,,,,,1
317,0021600332,424,6,1,3,8:51 PM,0:50,Oubre Jr. P.FOUL (P3.PN) (C.Kirkland),,,,,4.0,1626162,Kelly Oubre Jr.,1610612764.0,Washington,Wizards,WAS,5,203999,Nikola Jokic,1610612743.0,Denver,Nuggets,DEN,1,0,,,,,,1
318,0021600332,425,3,11,3,8:52 PM,0:50,,,Jokic Free Throw 1 of 2 (14 PTS),70 - 75,5,5.0,203999,Nikola Jokic,1610612743.0,Denver,Nuggets,DEN,0,0,,,,,,0,0,,,,,,0
319,0021600332,427,3,12,3,8:52 PM,0:50,,,Jokic Free Throw 2 of 2 (15 PTS),71 - 75,4,5.0,203999,Nikola Jokic,1610612743.0,Denver,Nuggets,DEN,0,0,,,,,,0,0,,,,,,0
320,0021600332,430,2,1,3,8:52 PM,0:34,MISS Burke 18' Jump Shot,,,,,4.0,203504,Trey Burke,1610612764.0,Washington,Wizards,WAS,0,0,,,,,,0,0,,,,,,1
321,0021600332,431,4,0,3,8:53 PM,0:33,,,Chandler REBOUND (Off:1 Def:3),,,5.0,201163,Wilson Chandler,1610612743.0,Denver,Nuggets,DEN,0,0,,,,,,0,0,,,,,,1
322,0021600332,432,1,41,3,8:53 PM,0:24,,,Barton 1' Running Layup (11 PTS) (Chandler 2 AST),73 - 75,2,5.0,203115,Will Barton,1610612743.0,Denver,Nuggets,DEN,5,201163,Wilson Chandler,1610612743.0,Denver,Nuggets,DEN,0,0,,,,,,1
323,0021600332,434,6,1,3,8:53 PM,0:04,,,Barton P.FOUL (P3.T4) (T.Brown),,,5.0,203115,Will Barton,1610612743.0,Denver,Nuggets,DEN,4,203078,Bradley Beal,1610612764.0,Washington,Wizards,WAS,1,0,,,,,,1
324,0021600332,436,8,0,3,8:53 PM,0:04,,,SUB: Gee FOR Barton,,,5.0,203115,Will Barton,1610612743.0,Denver,Nuggets,DEN,5,202087,Alonzo Gee,1610612743.0,Denver,Nuggets,DEN,0,0,,,,,,0
325,0021600332,437,8,0,3,8:54 PM,0:04,SUB: Gortat FOR Smith,,,,,4.0,201160,Jason Smith,1610612764.0,Washington,Wizards,WAS,4,101162,Marcin Gortat,1610612764.0,Washington,Wizards,WAS,0,0,,,,,,0
326,0021600332,438,2,1,3,8:54 PM,0:00,MISS Beal 4' Jump Shot,,,,,4.0,203078,Bradley Beal,1610612764.0,Washington,Wizards,WAS,0,0,,,,,,0,0,,,,,,1
327,0021600332,439,4,0,3,8:54 PM,0:00,WIZARDS Rebound,,,,,2.0,1610612764,,,,,,0,0,,,,,,0,0,,,,,,0
328,0021600332,440,13,0,3,8:54 PM,0:00,,,,73 - 75,2,0.0,0,,,,,,0,0,,,,,,0,0,,,,,,0
329,0021600332,442,12,0,4,8:57 PM,12:00,,,,73 - 75,2,0.0,0,,,,,,0,0,,,,,,0,0,,,,,,0
330,0021600332,443,2,1,4,8:57 PM,11:42,MISS Mark Morris 18' Jump Shot,,,,,4.0,202693,Markieff Morris,1610612764.0,Washington,Wizards,WAS,0,0,,,,,,0,0,,,,,,1
331,0021600332,444,4,0,4,8:57 PM,11:40,,,Gallinari REBOUND (Off:0 Def:3),,,5.0,201568,Danilo Gallinari,1610612743.0,Denver,Nuggets,DEN,0,0,,,,,,0,0,,,,,,1
332,0021600332,446,1,1,4,8:57 PM,11:24,,,Murray 27' 3PT Jump Shot (6 PTS) (Barton 3 AST),76 - 75,-1,5.0,1627750,Jamal Murray,1610612743.0,Denver,Nuggets,DEN,5,203115,Will Barton,1610612743.0,Denver,Nuggets,DEN,0,0,,,,,,1
333,0021600332,447,5,1,4,8:58 PM,11:07,Burke Bad Pass Turnover (P1.T15),,Murray STEAL (1 STL),,,4.0,203504,Trey Burke,1610612764.0,Washington,Wizards,WAS,5,1627750,Jamal Murray,1610612743.0,Denver,Nuggets,DEN,0,0,,,,,,1
334,0021600332,448,1,7,4,8:58 PM,10:49,,,Nurkic  Dunk (13 PTS) (Murray 2 AST),78 - 75,-3,5.0,203994,Jusuf Nurkic,1610612743.0,Denver,Nuggets,DEN,5,1627750,Jamal Murray,1610612743.0,Denver,Nuggets,DEN,0,0,,,,,,1
335,0021600332,450,1,1,4,8:58 PM,10:32,Oubre Jr. 19' Jump Shot (6 PTS) (Mark Morris 4 AST),,,78 - 77,-1,4.0,1626162,Kelly Oubre Jr.,1610612764.0,Washington,Wizards,WAS,4,202693,Markieff Morris,1610612764.0,Washington,Wizards,WAS,0,0,,,,,,1
336,0021600332,452,1,49,4,8:59 PM,10:12,,,Gallinari  Driving Dunk (13 PTS),80 - 77,-3,5.0,201568,Danilo Gallinari,1610612743.0,Denver,Nuggets,DEN,0,0,,,,,,0,0,,,,,,1
337,0021600332,453,6,2,4,8:59 PM,10:12,Mark Morris S.FOUL (P3.T1) (J.VanDuyne),,,,,4.0,202693,Markieff Morris,1610612764.0,Washington,Wizards,WAS,5,201568,Danilo Gallinari,1610612743.0,Denver,Nuggets,DEN,1,0,,,,,,1
338,0021600332,454,3,10,4,8:59 PM,10:12,,,Gallinari Free Throw 1 of 1 (14 PTS),81 - 77,-4,5.0,201568,Danilo Gallinari,1610612743.0,Denver,Nuggets,DEN,0,0,,,,,,0,0,,,,,,0
339,0021600332,458,6,1,4,8:59 PM,10:03,,,Murray P.FOUL (P1.T1) (T.Brown),,,5.0,1627750,Jamal Murray,1610612743.0,Denver,Nuggets,DEN,4,203504,Trey Burke,1610612764.0,Washington,Wizards,WAS,1,0,,,,,,1
340,0021600332,459,8,0,4,8:59 PM,10:03,SUB: Porter Jr. FOR Mark Morris,,,,,4.0,202693,Markieff Morris,1610612764.0,Washington,Wizards,WAS,4,203490,Otto Porter Jr.,1610612764.0,Washington,Wizards,WAS,0,0,,,,,,0
341,0021600332,461,2,1,4,9:00 PM,9:57,MISS Burke 12' Jump Shot,,,,,4.0,203504,Trey Burke,1610612764.0,Washington,Wizards,WAS,0,0,,,,,,0,0,,,,,,1
342,0021600332,462,4,0,4,9:00 PM,9:56,,,Murray REBOUND (Off:1 Def:1),,,5.0,1627750,Jamal Murray,1610612743.0,Denver,Nuggets,DEN,0,0,,,,,,0,0,,,,,,1
343,0021600332,463,2,1,4,9:00 PM,9:43,,,MISS Murray 28' 3PT Jump Shot,,,5.0,1627750,Jamal Murray,1610612743.0,Denver,Nuggets,DEN,0,0,,,,,,0,0,,,,,,1
344,0021600332,464,4,0,4,9:00 PM,9:42,Porter Jr. REBOUND (Off:0 Def:5),,,,,4.0,203490,Otto Porter Jr.,1610612764.0,Washington,Wizards,WAS,0,0,,,,,,0,0,,,,,,1
345,0021600332,465,2,1,4,9:00 PM,9:34,MISS Porter Jr. 20' Jump Shot,,,,,4.0,203490,Otto Porter Jr.,1610612764.0,Washington,Wizards,WAS,0,0,,,,,,0,0,,,,,,1
346,0021600332,466,4,0,4,9:00 PM,9:33,,,Nurkic REBOUND (Off:1 Def:5),,,5.0,203994,Jusuf Nurkic,1610612743.0,Denver,Nuggets,DEN,0,0,,,,,,0,0,,,,,,1
347,0021600332,467,2,1,4,9:00 PM,9:22,,,MISS Chandler 28' 3PT Jump Shot,,,5.0,201163,Wilson Chandler,1610612743.0,Denver,Nuggets,DEN,0,0,,,,,,0,0,,,,,,1
348,0021600332,468,4,0,4,9:00 PM,9:22,,,Nuggets Rebound,,,3.0,1610612743,,,,,,0,0,,,,,,0,0,,,,,,0
349,0021600332,469,6,3,4,9:00 PM,9:22,Gortat L.B.FOUL (P3.T2) (J.VanDuyne),,,,,4.0,101162,Marcin Gortat,1610612764.0,Washington,Wizards,WAS,5,203994,Jusuf Nurkic,1610612743.0,Denver,Nuggets,DEN,1,0,,,,,,1
350,0021600332,470,8,0,4,9:01 PM,9:22,SUB: Wall FOR Burke,,,,,4.0,203504,Trey Burke,1610612764.0,Washington,Wizards,WAS,4,202322,John Wall,1610612764.0,Washington,Wizards,WAS,0,0,,,,,,0
351,0021600332,472,2,1,4,9:01 PM,9:10,,,MISS Gallinari 28' 3PT Jump Shot,,,5.0,201568,Danilo Gallinari,1610612743.0,Denver,Nuggets,DEN,0,0,,,,,,0,0,,,,,,1
352,0021600332,473,4,0,4,9:01 PM,9:08,Wall REBOUND (Off:1 Def:4),,,,,4.0,202322,John Wall,1610612764.0,Washington,Wizards,WAS,0,0,,,,,,0,0,,,,,,1
353,0021600332,474,6,2,4,9:01 PM,9:06,,,Chandler S.FOUL (P2.T2) (J.VanDuyne),,,5.0,201163,Wilson Chandler,1610612743.0,Denver,Nuggets,DEN,4,202322,John Wall,1610612764.0,Washington,Wizards,WAS,1,0,,,,,,1
354,0021600332,475,3,11,4,9:01 PM,9:06,Wall Free Throw 1 of 2 (7 PTS),,,81 - 78,-3,4.0,202322,John Wall,1610612764.0,Washington,Wizards,WAS,0,0,,,,,,0,0,,,,,,0
355,0021600332,477,3,12,4,9:02 PM,9:06,Wall Free Throw 2 of 2 (8 PTS),,,81 - 79,-2,4.0,202322,John Wall,1610612764.0,Washington,Wizards,WAS,0,0,,,,,,0,0,,,,,,0
356,0021600332,480,6,1,4,9:02 PM,8:59,Oubre Jr. P.FOUL (P4.T3) (C.Kirkland),,,,,4.0,1626162,Kelly Oubre Jr.,1610612764.0,Washington,Wizards,WAS,5,201568,Danilo Gallinari,1610612743.0,Denver,Nuggets,DEN,1,0,,,,,,1
357,0021600332,481,9,4,4,9:02 PM,8:59,,,,,,1.0,0,,,,,,0,0,,,,,,0,0,,,,,,0
358,0021600332,483,6,4,4,9:05 PM,8:49,,,Murray OFF.Foul (P2) (J.VanDuyne),,,5.0,1627750,Jamal Murray,1610612743.0,Denver,Nuggets,DEN,4,202322,John Wall,1610612764.0,Washington,Wizards,WAS,1,0,,,,,,1
359,0021600332,484,5,5,4,9:05 PM,8:49,,,Murray Foul Turnover (P4.T20),,,5.0,1627750,Jamal Murray,1610612743.0,Denver,Nuggets,DEN,0,0,,,,,,1,0,,,,,,1
360,0021600332,486,2,1,4,9:05 PM,8:35,MISS Thornton 26' 3PT Jump Shot,,,,,4.0,201977,Marcus Thornton,1610612764.0,Washington,Wizards,WAS,0,0,,,,,,0,0,,,,,,1
361,0021600332,487,4,0,4,9:05 PM,8:34,,,Chandler REBOUND (Off:1 Def:4),,,5.0,201163,Wilson Chandler,1610612743.0,Denver,Nuggets,DEN,0,0,,,,,,0,0,,,,,,1
362,0021600332,488,5,45,4,9:05 PM,8:27,,,Murray Out of Bounds - Bad Pass Turnover Turnover (P5.T21),,,5.0,1627750,Jamal Murray,1610612743.0,Denver,Nuggets,DEN,0,0,,,,,,1,0,,,,,,1
363,0021600332,489,5,21,4,9:06 PM,8:16,Wall Palming Turnover (P4.T16),,,,,4.0,202322,John Wall,1610612764.0,Washington,Wizards,WAS,0,0,,,,,,1,0,,,,,,1
364,0021600332,490,8,0,4,9:06 PM,8:16,SUB: Beal FOR Thornton,,,,,4.0,201977,Marcus Thornton,1610612764.0,Washington,Wizards,WAS,4,203078,Bradley Beal,1610612764.0,Washington,Wizards,WAS,0,0,,,,,,0
365,0021600332,491,8,0,4,9:06 PM,8:14,,,SUB: Nelson FOR Murray,,,5.0,1627750,Jamal Murray,1610612743.0,Denver,Nuggets,DEN,5,2749,Jameer Nelson,1610612743.0,Denver,Nuggets,DEN,0,0,,,,,,0
366,0021600332,492,5,1,4,9:07 PM,7:59,Oubre Jr. STEAL (2 STL),,Nelson Bad Pass Turnover (P3.T22),,,5.0,2749,Jameer Nelson,1610612743.0,Denver,Nuggets,DEN,4,1626162,Kelly Oubre Jr.,1610612764.0,Washington,Wizards,WAS,0,0,,,,,,1
367,0021600332,493,1,41,4,9:07 PM,7:54,Oubre Jr. 1' Running Layup (8 PTS),,,81 - 81,TIE,4.0,1626162,Kelly Oubre Jr.,1610612764.0,Washington,Wizards,WAS,0,0,,,,,,0,0,,,,,,1
368,0021600332,495,2,1,4,9:07 PM,7:36,,,MISS Chandler 24' 3PT Jump Shot,,,5.0,201163,Wilson Chandler,1610612743.0,Denver,Nuggets,DEN,0,0,,,,,,0,0,,,,,,1
369,0021600332,496,4,0,4,9:07 PM,7:35,Oubre Jr. REBOUND (Off:1 Def:2),,,,,4.0,1626162,Kelly Oubre Jr.,1610612764.0,Washington,Wizards,WAS,0,0,,,,,,0,0,,,,,,1
370,0021600332,497,1,79,4,9:07 PM,7:29,Wall 21' Pullup Jump Shot (10 PTS) (Oubre Jr. 2 AST),,,81 - 83,2,4.0,202322,John Wall,1610612764.0,Washington,Wizards,WAS,4,1626162,Kelly Oubre Jr.,1610612764.0,Washington,Wizards,WAS,0,0,,,,,,1
371,0021600332,498,2,1,4,9:07 PM,7:02,,,MISS Barton 27' 3PT Jump Shot,,,5.0,203115,Will Barton,1610612743.0,Denver,Nuggets,DEN,0,0,,,,,,0,0,,,,,,1
372,0021600332,499,4,0,4,9:08 PM,7:02,,,Nuggets Rebound,,,3.0,1610612743,,,,,,0,0,,,,,,0,0,,,,,,0
373,0021600332,500,5,11,4,9:08 PM,7:02,,,Nuggets Turnover: Shot Clock (T#23),,,3.0,1610612743,,,,,,0,0,,,,,,1,0,,,,,,0
374,0021600332,502,2,1,4,9:08 PM,6:52,MISS Wall 18' Jump Shot,,,,,4.0,202322,John Wall,1610612764.0,Washington,Wizards,WAS,0,0,,,,,,0,0,,,,,,1
375,0021600332,503,4,0,4,9:08 PM,6:50,,,Nurkic REBOUND (Off:1 Def:6),,,5.0,203994,Jusuf Nurkic,1610612743.0,Denver,Nuggets,DEN,0,0,,,,,,0,0,,,,,,1
376,0021600332,504,6,1,4,9:08 PM,6:32,Porter Jr. P.FOUL (P3.T4) (C.Kirkland),,,,,4.0,203490,Otto Porter Jr.,1610612764.0,Washington,Wizards,WAS,5,203994,Jusuf Nurkic,1610612743.0,Denver,Nuggets,DEN,1,0,,,,,,1
377,0021600332,506,5,2,4,9:09 PM,6:26,Porter Jr. STEAL (2 STL),,Nurkic Lost Ball Turnover (P4.T24),,,5.0,203994,Jusuf Nurkic,1610612743.0,Denver,Nuggets,DEN,4,203490,Otto Porter Jr.,1610612764.0,Washington,Wizards,WAS,0,0,,,,,,1
378,0021600332,507,6,1,4,9:09 PM,6:17,,,Barton P.FOUL (P4.T3) (J.VanDuyne),,,5.0,203115,Will Barton,1610612743.0,Denver,Nuggets,DEN,4,203078,Bradley Beal,1610612764.0,Washington,Wizards,WAS,1,0,,,,,,1
379,0021600332,509,2,1,4,9:09 PM,6:10,MISS Oubre Jr. 24' 3PT Jump Shot,,,,,4.0,1626162,Kelly Oubre Jr.,1610612764.0,Washington,Wizards,WAS,0,0,,,,,,0,0,,,,,,1
380,0021600332,510,4,0,4,9:09 PM,6:09,,,Chandler REBOUND (Off:1 Def:5),,,5.0,201163,Wilson Chandler,1610612743.0,Denver,Nuggets,DEN,0,0,,,,,,0,0,,,,,,1
381,0021600332,511,2,1,4,9:10 PM,5:48,,,MISS Nelson 5' Jump Shot,,,5.0,2749,Jameer Nelson,1610612743.0,Denver,Nuggets,DEN,0,0,,,,,,0,0,,,,,,1
382,0021600332,512,4,0,4,9:10 PM,5:47,Gortat REBOUND (Off:2 Def:5),,,,,4.0,101162,Marcin Gortat,1610612764.0,Washington,Wizards,WAS,0,0,,,,,,0,0,,,,,,1
383,0021600332,513,6,1,4,9:10 PM,5:46,,,Nelson P.FOUL (P2.T4) (T.Brown),,,5.0,2749,Jameer Nelson,1610612743.0,Denver,Nuggets,DEN,4,101162,Marcin Gortat,1610612764.0,Washington,Wizards,WAS,1,0,,,,,,1
384,0021600332,514,9,1,4,9:10 PM,5:46,WIZARDS Timeout: Regular (Full 4 Short 0),,,,,2.0,1610612764,,,,,,0,0,,,,,,0,0,,,,,,0
385,0021600332,516,8,0,4,9:12 PM,5:46,,,SUB: Jokic FOR Nurkic,,,5.0,203994,Jusuf Nurkic,1610612743.0,Denver,Nuggets,DEN,5,203999,Nikola Jokic,1610612743.0,Denver,Nuggets,DEN,0,0,,,,,,0
386,0021600332,518,6,1,4,9:13 PM,5:35,,,Barton P.FOUL (P5.PN) (T.Brown),,,5.0,203115,Will Barton,1610612743.0,Denver,Nuggets,DEN,4,203078,Bradley Beal,1610612764.0,Washington,Wizards,WAS,1,0,,,,,,1
387,0021600332,520,3,11,4,9:13 PM,5:35,Beal Free Throw 1 of 2 (23 PTS),,,81 - 84,3,4.0,203078,Bradley Beal,1610612764.0,Washington,Wizards,WAS,0,0,,,,,,0,0,,,,,,0
388,0021600332,522,3,12,4,9:13 PM,5:35,Beal Free Throw 2 of 2 (24 PTS),,,81 - 85,4,4.0,203078,Bradley Beal,1610612764.0,Washington,Wizards,WAS,0,0,,,,,,0,0,,,,,,0
389,0021600332,525,5,40,4,9:14 PM,5:20,,,Jokic Out of Bounds Lost Ball Turnover (P3.T25),,,5.0,203999,Nikola Jokic,1610612743.0,Denver,Nuggets,DEN,0,0,,,,,,1,0,,,,,,1
390,0021600332,527,2,1,4,9:14 PM,5:07,MISS Porter Jr. 26' 3PT Jump Shot,,,,,4.0,203490,Otto Porter Jr.,1610612764.0,Washington,Wizards,WAS,0,0,,,,,,0,0,,,,,,1
391,0021600332,528,4,0,4,9:14 PM,5:06,,,Gallinari REBOUND (Off:0 Def:4),,,5.0,201568,Danilo Gallinari,1610612743.0,Denver,Nuggets,DEN,0,0,,,,,,0,0,,,,,,1
392,0021600332,529,1,1,4,9:14 PM,4:46,,,Jokic 15' Jump Shot (17 PTS) (Nelson 8 AST),83 - 85,2,5.0,203999,Nikola Jokic,1610612743.0,Denver,Nuggets,DEN,5,2749,Jameer Nelson,1610612743.0,Denver,Nuggets,DEN,0,0,,,,,,1
393,0021600332,531,5,1,4,9:15 PM,4:30,Porter Jr. Bad Pass Turnover (P3.T17),,Barton STEAL (3 STL),,,4.0,203490,Otto Porter Jr.,1610612764.0,Washington,Wizards,WAS,5,203115,Will Barton,1610612743.0,Denver,Nuggets,DEN,0,0,,,,,,1
394,0021600332,532,2,5,4,9:15 PM,4:24,Gortat BLOCK (1 BLK),,MISS Barton 1' Layup,,,5.0,203115,Will Barton,1610612743.0,Denver,Nuggets,DEN,0,0,,,,,,4,101162,Marcin Gortat,1610612764.0,Washington,Wizards,WAS,1
395,0021600332,533,4,0,4,9:15 PM,4:23,Beal REBOUND (Off:0 Def:2),,,,,4.0,203078,Bradley Beal,1610612764.0,Washington,Wizards,WAS,0,0,,,,,,0,0,,,,,,1
396,0021600332,534,6,2,4,9:15 PM,4:20,,,Nelson S.FOUL (P3.PN) (J.VanDuyne),,,5.0,2749,Jameer Nelson,1610612743.0,Denver,Nuggets,DEN,4,202322,John Wall,1610612764.0,Washington,Wizards,WAS,1,0,,,,,,1
397,0021600332,535,3,11,4,9:15 PM,4:20,MISS Wall Free Throw 1 of 2,,,,,4.0,202322,John Wall,1610612764.0,Washington,Wizards,WAS,0,0,,,,,,0,0,,,,,,0
398,0021600332,536,4,1,4,9:15 PM,4:20,WIZARDS Rebound,,,,,2.0,1610612764,,,,,,0,0,,,,,,0,0,,,,,,0
399,0021600332,537,3,12,4,9:15 PM,4:20,Wall Free Throw 2 of 2 (11 PTS),,,83 - 86,3,4.0,202322,John Wall,1610612764.0,Washington,Wizards,WAS,0,0,,,,,,0,0,,,,,,0
400,0021600332,540,5,4,4,9:16 PM,3:58,,,Jokic Traveling Turnover (P4.T26),,,5.0,203999,Nikola Jokic,1610612743.0,Denver,Nuggets,DEN,0,0,,,,,,1,0,,,,,,1
401,0021600332,542,1,79,4,9:17 PM,3:47,Wall 21' Pullup Jump Shot (13 PTS),,,83 - 88,5,4.0,202322,John Wall,1610612764.0,Washington,Wizards,WAS,0,0,,,,,,0,0,,,,,,1
402,0021600332,543,9,1,4,9:17 PM,3:46,,,Nuggets Timeout: Regular (Reg.4 Short 1),,,3.0,1610612743,,,,,,0,0,,,,,,0,0,,,,,,0
403,0021600332,545,2,5,4,9:19 PM,3:35,Porter Jr. BLOCK (1 BLK),,MISS Chandler 2' Layup,,,5.0,201163,Wilson Chandler,1610612743.0,Denver,Nuggets,DEN,0,0,,,,,,4,203490,Otto Porter Jr.,1610612764.0,Washington,Wizards,WAS,1
404,0021600332,546,4,0,4,9:19 PM,3:32,,,Jokic REBOUND (Off:6 Def:3),,,5.0,203999,Nikola Jokic,1610612743.0,Denver,Nuggets,DEN,0,0,,,,,,0,0,,,,,,1
405,0021600332,547,2,1,4,9:19 PM,3:25,,,MISS Gallinari 28' 3PT Jump Shot,,,5.0,201568,Danilo Gallinari,1610612743.0,Denver,Nuggets,DEN,0,0,,,,,,0,0,,,,,,1
406,0021600332,548,4,0,4,9:19 PM,3:24,,,Jokic REBOUND (Off:7 Def:3),,,5.0,203999,Nikola Jokic,1610612743.0,Denver,Nuggets,DEN,0,0,,,,,,0,0,,,,,,1
407,0021600332,549,2,1,4,9:20 PM,3:18,,,MISS Barton 29' 3PT Jump Shot,,,5.0,203115,Will Barton,1610612743.0,Denver,Nuggets,DEN,0,0,,,,,,0,0,,,,,,1
408,0021600332,550,4,0,4,9:20 PM,3:16,Wall REBOUND (Off:1 Def:5),,,,,4.0,202322,John Wall,1610612764.0,Washington,Wizards,WAS,0,0,,,,,,0,0,,,,,,1
409,0021600332,551,2,1,4,9:20 PM,2:54,MISS Wall 34' 3PT Jump Shot,,,,,4.0,202322,John Wall,1610612764.0,Washington,Wizards,WAS,0,0,,,,,,0,0,,,,,,1
410,0021600332,552,4,0,4,9:20 PM,2:52,,,Chandler REBOUND (Off:1 Def:6),,,5.0,201163,Wilson Chandler,1610612743.0,Denver,Nuggets,DEN,0,0,,,,,,0,0,,,,,,1
411,0021600332,554,5,1,4,9:20 PM,2:44,Porter Jr. STEAL (3 STL),,Nelson Bad Pass Turnover (P4.T27),,,5.0,2749,Jameer Nelson,1610612743.0,Denver,Nuggets,DEN,4,203490,Otto Porter Jr.,1610612764.0,Washington,Wizards,WAS,0,0,,,,,,1
412,0021600332,556,5,1,4,9:21 PM,2:39,Beal Bad Pass Turnover (P2.T18),,,,,4.0,203078,Bradley Beal,1610612764.0,Washington,Wizards,WAS,0,0,,,,,,1,0,,,,,,1
413,0021600332,558,1,79,4,9:21 PM,2:25,,,Nelson 21' Pullup Jump Shot (10 PTS),85 - 88,3,5.0,2749,Jameer Nelson,1610612743.0,Denver,Nuggets,DEN,0,0,,,,,,0,0,,,,,,1
414,0021600332,559,2,1,4,9:21 PM,2:05,MISS Oubre Jr. 20' Jump Shot,,,,,4.0,1626162,Kelly Oubre Jr.,1610612764.0,Washington,Wizards,WAS,0,0,,,,,,0,0,,,,,,1
415,0021600332,560,4,0,4,9:21 PM,2:02,,,Jokic REBOUND (Off:7 Def:4),,,5.0,203999,Nikola Jokic,1610612743.0,Denver,Nuggets,DEN,0,0,,,,,,0,0,,,,,,1
416,0021600332,561,5,1,4,9:22 PM,1:44,Wall STEAL (3 STL),,Gallinari Bad Pass Turnover (P5.T28),,,5.0,201568,Danilo Gallinari,1610612743.0,Denver,Nuggets,DEN,4,202322,John Wall,1610612764.0,Washington,Wizards,WAS,0,0,,,,,,1
417,0021600332,562,6,28,4,9:22 PM,1:41,,,Nelson Personal Take Foul (P4.PN) (T.Brown),,,5.0,2749,Jameer Nelson,1610612743.0,Denver,Nuggets,DEN,4,203078,Bradley Beal,1610612764.0,Washington,Wizards,WAS,1,0,,,,,,1
418,0021600332,563,3,11,4,9:22 PM,1:41,Beal Free Throw 1 of 2 (25 PTS),,,85 - 89,4,4.0,203078,Bradley Beal,1610612764.0,Washington,Wizards,WAS,0,0,,,,,,0,0,,,,,,0
419,0021600332,565,3,12,4,9:22 PM,1:41,Beal Free Throw 2 of 2 (26 PTS),,,85 - 90,5,4.0,203078,Bradley Beal,1610612764.0,Washington,Wizards,WAS,0,0,,,,,,0,0,,,,,,0
420,0021600332,567,2,1,4,9:23 PM,1:30,,,MISS Gallinari 25' 3PT Jump Shot,,,5.0,201568,Danilo Gallinari,1610612743.0,Denver,Nuggets,DEN,0,0,,,,,,0,0,,,,,,1
421,0021600332,568,4,0,4,9:23 PM,1:29,Oubre Jr. REBOUND (Off:1 Def:3),,,,,4.0,1626162,Kelly Oubre Jr.,1610612764.0,Washington,Wizards,WAS,0,0,,,,,,0,0,,,,,,1
422,0021600332,570,2,1,4,9:23 PM,1:20,MISS Beal  3PT Jump Shot,,,,,4.0,203078,Bradley Beal,1610612764.0,Washington,Wizards,WAS,0,0,,,,,,0,0,,,,,,1
423,0021600332,571,4,0,4,9:23 PM,1:18,Oubre Jr. REBOUND (Off:2 Def:3),,,,,4.0,1626162,Kelly Oubre Jr.,1610612764.0,Washington,Wizards,WAS,0,0,,,,,,0,0,,,,,,1
424,0021600332,572,2,97,4,9:23 PM,1:16,MISS Oubre Jr. 1' Tip Layup Shot,,,,,4.0,1626162,Kelly Oubre Jr.,1610612764.0,Washington,Wizards,WAS,0,0,,,,,,0,0,,,,,,1
425,0021600332,573,4,0,4,9:23 PM,1:15,,,Nelson REBOUND (Off:0 Def:4),,,5.0,2749,Jameer Nelson,1610612743.0,Denver,Nuggets,DEN,0,0,,,,,,0,0,,,,,,1
426,0021600332,574,2,1,4,9:23 PM,1:03,,,MISS Chandler  3PT Jump Shot,,,5.0,201163,Wilson Chandler,1610612743.0,Denver,Nuggets,DEN,0,0,,,,,,0,0,,,,,,1
427,0021600332,575,4,0,4,9:23 PM,1:01,,,Nuggets Rebound,,,3.0,1610612743,,,,,,0,0,,,,,,0,0,,,,,,0
428,0021600332,577,18,0,4,9:24 PM,1:01,,,,,,,575,,,,,,0,0,,,,,,1,0,,,,,,0
429,0021600332,578,2,1,4,9:25 PM,0:58,,,MISS Barton 24' 3PT Jump Shot,,,5.0,203115,Will Barton,1610612743.0,Denver,Nuggets,DEN,0,0,,,,,,0,0,,,,,,1
430,0021600332,579,4,0,4,9:25 PM,0:57,,,Chandler REBOUND (Off:2 Def:6),,,5.0,201163,Wilson Chandler,1610612743.0,Denver,Nuggets,DEN,0,0,,,,,,0,0,,,,,,1
431,0021600332,580,2,1,4,9:25 PM,0:53,,,MISS Gallinari 29' 3PT Jump Shot,,,5.0,201568,Danilo Gallinari,1610612743.0,Denver,Nuggets,DEN,0,0,,,,,,0,0,,,,,,1
432,0021600332,581,4,0,4,9:25 PM,0:52,,,Barton REBOUND (Off:2 Def:0),,,5.0,203115,Will Barton,1610612743.0,Denver,Nuggets,DEN,0,0,,,,,,0,0,,,,,,1
433,0021600332,582,2,1,4,9:25 PM,0:48,,,MISS Nelson  3PT Jump Shot,,,5.0,2749,Jameer Nelson,1610612743.0,Denver,Nuggets,DEN,0,0,,,,,,0,0,,,,,,1
434,0021600332,583,4,0,4,9:25 PM,0:46,Beal REBOUND (Off:0 Def:3),,,,,4.0,203078,Bradley Beal,1610612764.0,Washington,Wizards,WAS,0,0,,,,,,0,0,,,,,,1
435,0021600332,584,9,1,4,9:25 PM,0:45,WIZARDS Timeout: Regular (Full 5 Short 0),,,,,2.0,1610612764,,,,,,0,0,,,,,,0,0,,,,,,0
436,0021600332,586,8,0,4,9:27 PM,0:45,,,SUB: Gee FOR Gallinari,,,5.0,201568,Danilo Gallinari,1610612743.0,Denver,Nuggets,DEN,5,202087,Alonzo Gee,1610612743.0,Denver,Nuggets,DEN,0,0,,,,,,0
437,0021600332,588,6,4,4,9:28 PM,0:29,Wall OFF.Foul (P2) (J.VanDuyne),,,,,4.0,202322,John Wall,1610612764.0,Washington,Wizards,WAS,5,2749,Jameer Nelson,1610612743.0,Denver,Nuggets,DEN,1,0,,,,,,1
438,0021600332,589,5,5,4,9:28 PM,0:29,Wall Foul Turnover (P5.T19),,,,,4.0,202322,John Wall,1610612764.0,Washington,Wizards,WAS,0,0,,,,,,1,0,,,,,,1
439,0021600332,590,9,1,4,9:28 PM,0:29,,,Nuggets Timeout: Regular (Reg.5 Short 1),,,3.0,1610612743,,,,,,0,0,,,,,,0,0,,,,,,0
440,0021600332,592,8,0,4,9:30 PM,0:29,,,SUB: Gallinari FOR Gee,,,5.0,202087,Alonzo Gee,1610612743.0,Denver,Nuggets,DEN,5,201568,Danilo Gallinari,1610612743.0,Denver,Nuggets,DEN,0,0,,,,,,0
441,0021600332,593,2,1,4,9:30 PM,0:20,,,MISS Chandler 26' 3PT Jump Shot,,,5.0,201163,Wilson Chandler,1610612743.0,Denver,Nuggets,DEN,0,0,,,,,,0,0,,,,,,1
442,0021600332,594,4,0,4,9:30 PM,0:18,Wall REBOUND (Off:1 Def:6),,,,,4.0,202322,John Wall,1610612764.0,Washington,Wizards,WAS,0,0,,,,,,0,0,,,,,,1
443,0021600332,595,6,28,4,9:30 PM,0:14,,,Jokic Personal Take Foul (P1.PN) (T.Brown),,,5.0,203999,Nikola Jokic,1610612743.0,Denver,Nuggets,DEN,4,202322,John Wall,1610612764.0,Washington,Wizards,WAS,1,0,,,,,,1
444,0021600332,596,3,11,4,9:31 PM,0:14,Wall Free Throw 1 of 2 (14 PTS),,,85 - 91,6,4.0,202322,John Wall,1610612764.0,Washington,Wizards,WAS,0,0,,,,,,0,0,,,,,,1
445,0021600332,598,3,12,4,9:31 PM,0:14,Wall Free Throw 2 of 2 (15 PTS),,,85 - 92,7,4.0,202322,John Wall,1610612764.0,Washington,Wizards,WAS,0,0,,,,,,0,0,,,,,,1
446,0021600332,600,9,2,4,9:31 PM,0:14,,,Nuggets Timeout: Short (Reg.5 Short 2),,,3.0,1610612743,,,,,,0,0,,,,,,0,0,,,,,,0
447,0021600332,602,8,0,4,9:32 PM,0:14,SUB: Mark Morris FOR Gortat,,,,,4.0,101162,Marcin Gortat,1610612764.0,Washington,Wizards,WAS,4,202693,Markieff Morris,1610612764.0,Washington,Wizards,WAS,0,0,,,,,,0
448,0021600332,603,5,38,4,9:33 PM,0:14,,,Nuggets Turnover: 5 Second Inbound (T#29),,,3.0,1610612743,,,,,,0,0,,,,,,1,0,,,,,,0
449,0021600332,605,13,0,4,9:33 PM,0:00,,,,85 - 92,7,0.0,0,,,,,,0,0,,,,,,0,0,,,,,,1
