,GAME_ID,EVENTNUM,EVENTMSGTYPE,EVENTMSGACTIONTYPE,PERIOD,WCTIMESTRING,PCTIMESTRING,HOMEDESCRIPTION,NEUTRALDESCRIPTION,VISITORDESCRIPTION,SCORE,SCOREMARGIN,PERSON1TYPE,PLAYER1_ID,PLAYER1_NAME,PLAYER1_TEAM_ID,PLAYER1_TEAM_CITY,PLAYER1_TEAM_NICKNAME,PLAYER1_TEAM_ABBREVIATION,PERSON2TYPE,PLAYER2_ID,PLAYER2_NAME,PLAYER2_TEAM_ID,PLAYER2_TEAM_CITY,PLAYER2_TEAM_NICKNAME,PLAYER2_TEAM_ABBREVIATION,PERSON3TYPE,PLAYER3_ID,PLAYER3_NAME,PLAYER3_TEAM_ID,PLAYER3_TEAM_CITY,PLAYER3_TEAM_NICKNAME,PLAYER3_TEAM_ABBREVIATION,VIDEO_AVAILABLE_FLAG
0,0021800953,2,12,0,1,7:42 PM,12:00,,,,,,0,0,,,,,,0,0,,,,,,0,0,,,,,,0
1,0021800953,4,10,0,1,7:42 PM,12:00,Jump Ball Adebayo vs. Dedmon: Tip to Olynyk,,,,,4,1628389,Bam Adebayo,1610612748.0,Miami,Heat,MIA,5,203473,Dewayne Dedmon,1610612737.0,Atlanta,Hawks,ATL,4,203482,Kelly Olynyk,1610612748.0,Miami,Heat,MIA,1
2,0021800953,7,6,1,1,7:42 PM,11:46,,,Huerter P.FOUL (P1.T1) (R.Acosta),,,5,1628989,Kevin Huerter,1610612737.0,Atlanta,Hawks,ATL,4,1626159,Justise Winslow,1610612748.0,Miami,Heat,MIA,1,0,,,,,,1
3,0021800953,9,2,1,1,7:43 PM,11:37,MISS Olynyk 22' Jump Shot,,,,,4,203482,Kelly Olynyk,1610612748.0,Miami,Heat,MIA,0,0,,,,,,0,0,,,,,,1
4,0021800953,10,4,0,1,7:43 PM,11:34,,,Bazemore REBOUND (Off:0 Def:1),,,5,203145,Kent Bazemore,1610612737.0,Atlanta,Hawks,ATL,0,0,,,,,,0,0,,,,,,1
5,0021800953,11,2,1,1,7:43 PM,11:22,,,MISS Bazemore 26' 3PT Jump Shot,,,5,203145,Kent Bazemore,1610612737.0,Atlanta,Hawks,ATL,0,0,,,,,,0,0,,,,,,1
6,0021800953,12,4,0,1,7:43 PM,11:16,Waiters REBOUND (Off:0 Def:1),,,,,4,203079,Dion Waiters,1610612748.0,Miami,Heat,MIA,0,0,,,,,,0,0,,,,,,1
7,0021800953,13,5,2,1,7:43 PM,11:10,Waiters Lost Ball Turnover (P1.T1),,Dedmon STEAL (1 STL),,,4,203079,Dion Waiters,1610612748.0,Miami,Heat,MIA,5,203473,Dewayne Dedmon,1610612737.0,Atlanta,Hawks,ATL,0,0,,,,,,1
8,0021800953,15,2,80,1,7:43 PM,11:03,,,MISS Bazemore  3PT Step Back Jump Shot,,,5,203145,Kent Bazemore,1610612737.0,Atlanta,Hawks,ATL,0,0,,,,,,0,0,,,,,,1
9,0021800953,16,4,0,1,7:43 PM,10:59,Winslow REBOUND (Off:0 Def:1),,,,,4,1626159,Justise Winslow,1610612748.0,Miami,Heat,MIA,0,0,,,,,,0,0,,,,,,1
10,0021800953,17,1,1,1,7:44 PM,10:52,Olynyk  3PT Jump Shot (3 PTS) (Adebayo 1 AST),,,0 - 3,3,4,203482,Kelly Olynyk,1610612748.0,Miami,Heat,MIA,4,1628389,Bam Adebayo,1610612748.0,Miami,Heat,MIA,0,0,,,,,,1
11,0021800953,19,1,108,1,7:44 PM,10:34,,,Bazemore 1' Cutting Dunk Shot (2 PTS) (Dedmon 1 AST),2 - 3,1,5,203145,Kent Bazemore,1610612737.0,Atlanta,Hawks,ATL,5,203473,Dewayne Dedmon,1610612737.0,Atlanta,Hawks,ATL,0,0,,,,,,1
12,0021800953,21,1,79,1,7:44 PM,10:20,Richardson 15' Pullup Jump Shot (2 PTS),,,2 - 5,3,4,1626196,Josh Richardson,1610612748.0,Miami,Heat,MIA,0,0,,,,,,0,0,,,,,,1
13,0021800953,23,5,45,1,7:45 PM,10:05,,,Young Out of Bounds - Bad Pass Turnover Turnover (P1.T1),,,5,1629027,Trae Young,1610612737.0,Atlanta,Hawks,ATL,0,0,,,,,,1,0,,,,,,1
14,0021800953,24,1,1,1,7:45 PM,9:57,Winslow 24' 3PT Jump Shot (3 PTS) (Adebayo 2 AST),,,2 - 8,6,4,1626159,Justise Winslow,1610612748.0,Miami,Heat,MIA,4,1628389,Bam Adebayo,1610612748.0,Miami,Heat,MIA,0,0,,,,,,1
15,0021800953,26,2,1,1,7:45 PM,9:45,,,MISS Dedmon 25' 3PT Jump Shot,,,5,203473,Dewayne Dedmon,1610612737.0,Atlanta,Hawks,ATL,0,0,,,,,,0,0,,,,,,1
16,0021800953,27,4,0,1,7:45 PM,9:43,Winslow REBOUND (Off:0 Def:2),,,,,4,1626159,Justise Winslow,1610612748.0,Miami,Heat,MIA,0,0,,,,,,0,0,,,,,,1
17,0021800953,28,1,52,1,7:45 PM,9:37,Adebayo  Alley Oop Dunk (2 PTS) (Winslow 1 AST),,,2 - 10,8,4,1628389,Bam Adebayo,1610612748.0,Miami,Heat,MIA,4,1626159,Justise Winslow,1610612748.0,Miami,Heat,MIA,0,0,,,,,,1
18,0021800953,30,9,1,1,7:46 PM,9:31,,,Hawks Timeout: Regular (Reg.1 Short 0),,,3,1610612737,,,,,,0,0,,,,,,0,0,,,,,,0
19,0021800953,31,1,1,1,7:49 PM,9:23,,,Huerter 27' 3PT Jump Shot (3 PTS) (Bazemore 1 AST),5 - 10,5,5,1628989,Kevin Huerter,1610612737.0,Atlanta,Hawks,ATL,5,203145,Kent Bazemore,1610612737.0,Atlanta,Hawks,ATL,0,0,,,,,,1
20,0021800953,33,2,6,1,7:49 PM,9:07,MISS Waiters 1' Driving Layup,,,,,4,203079,Dion Waiters,1610612748.0,Miami,Heat,MIA,0,0,,,,,,0,0,,,,,,1
21,0021800953,34,4,0,1,7:49 PM,9:05,,,Len REBOUND (Off:0 Def:1),,,5,203458,Alex Len,1610612737.0,Atlanta,Hawks,ATL,0,0,,,,,,0,0,,,,,,1
22,0021800953,35,2,1,1,7:49 PM,9:00,,,MISS Huerter 24' 3PT Jump Shot,,,5,1628989,Kevin Huerter,1610612737.0,Atlanta,Hawks,ATL,0,0,,,,,,0,0,,,,,,1
23,0021800953,36,4,0,1,7:49 PM,8:58,Richardson REBOUND (Off:0 Def:1),,,,,4,1626196,Josh Richardson,1610612748.0,Miami,Heat,MIA,0,0,,,,,,0,0,,,,,,1
24,0021800953,37,5,45,1,7:49 PM,8:52,Waiters Out of Bounds - Bad Pass Turnover Turnover (P2.T2),,,,,4,203079,Dion Waiters,1610612748.0,Miami,Heat,MIA,0,0,,,,,,1,0,,,,,,1
25,0021800953,38,2,1,1,7:49 PM,8:39,Waiters BLOCK (1 BLK),,MISS Bazemore 11' Jump Shot,,,5,203145,Kent Bazemore,1610612737.0,Atlanta,Hawks,ATL,0,0,,,,,,4,203079,Dion Waiters,1610612748.0,Miami,Heat,MIA,1
26,0021800953,40,4,0,1,7:49 PM,8:37,,,Bazemore REBOUND (Off:1 Def:1),,,5,203145,Kent Bazemore,1610612737.0,Atlanta,Hawks,ATL,0,0,,,,,,0,0,,,,,,1
27,0021800953,41,2,1,1,7:49 PM,8:35,,,MISS Young 26' 3PT Jump Shot,,,5,1629027,Trae Young,1610612737.0,Atlanta,Hawks,ATL,0,0,,,,,,0,0,,,,,,1
28,0021800953,42,4,0,1,7:50 PM,8:33,,,Dedmon REBOUND (Off:1 Def:0),,,5,203473,Dewayne Dedmon,1610612737.0,Atlanta,Hawks,ATL,0,0,,,,,,0,0,,,,,,1
29,0021800953,43,1,98,1,7:50 PM,8:22,,,Huerter 1' Cutting Layup Shot (5 PTS) (Young 1 AST),7 - 10,3,5,1628989,Kevin Huerter,1610612737.0,Atlanta,Hawks,ATL,5,1629027,Trae Young,1610612737.0,Atlanta,Hawks,ATL,0,0,,,,,,1
30,0021800953,45,2,1,1,7:50 PM,8:11,MISS Winslow 25' 3PT Jump Shot,,,,,4,1626159,Justise Winslow,1610612748.0,Miami,Heat,MIA,0,0,,,,,,0,0,,,,,,1
31,0021800953,46,4,0,1,7:50 PM,8:10,Adebayo REBOUND (Off:1 Def:0),,,,,4,1628389,Bam Adebayo,1610612748.0,Miami,Heat,MIA,0,0,,,,,,0,0,,,,,,1
32,0021800953,47,6,1,1,7:50 PM,8:10,,,Bazemore P.FOUL (P1.T2) (E.Lewis),,,5,203145,Kent Bazemore,1610612737.0,Atlanta,Hawks,ATL,4,1628389,Bam Adebayo,1610612748.0,Miami,Heat,MIA,1,0,,,,,,1
33,0021800953,49,1,79,1,7:50 PM,7:57,Richardson 13' Pullup Jump Shot (4 PTS) (Adebayo 3 AST),,,7 - 12,5,4,1626196,Josh Richardson,1610612748.0,Miami,Heat,MIA,4,1628389,Bam Adebayo,1610612748.0,Miami,Heat,MIA,0,0,,,,,,1
34,0021800953,51,1,1,1,7:51 PM,7:44,,,Bazemore  3PT Jump Shot (5 PTS) (Len 1 AST),10 - 12,2,5,203145,Kent Bazemore,1610612737.0,Atlanta,Hawks,ATL,5,203458,Alex Len,1610612737.0,Atlanta,Hawks,ATL,0,0,,,,,,1
35,0021800953,53,1,6,1,7:51 PM,7:25,Richardson 2' Driving Layup (6 PTS) (Winslow 2 AST),,,10 - 14,4,4,1626196,Josh Richardson,1610612748.0,Miami,Heat,MIA,4,1626159,Justise Winslow,1610612748.0,Miami,Heat,MIA,0,0,,,,,,1
36,0021800953,54,6,2,1,7:51 PM,7:20,Adebayo S.FOUL (P1.T1) (N.Buchert),,,,,4,1628389,Bam Adebayo,1610612748.0,Miami,Heat,MIA,5,203473,Dewayne Dedmon,1610612737.0,Atlanta,Hawks,ATL,1,0,,,,,,1
37,0021800953,56,3,11,1,7:52 PM,7:20,,,MISS Dedmon Free Throw 1 of 2,,,5,203473,Dewayne Dedmon,1610612737.0,Atlanta,Hawks,ATL,0,0,,,,,,0,0,,,,,,0
38,0021800953,57,4,1,1,7:52 PM,7:20,,,Hawks Rebound,,,3,1610612737,,,,,,0,0,,,,,,0,0,,,,,,0
39,0021800953,58,3,12,1,7:52 PM,7:20,,,Dedmon Free Throw 2 of 2 (1 PTS),11 - 14,3,5,203473,Dewayne Dedmon,1610612737.0,Atlanta,Hawks,ATL,0,0,,,,,,0,0,,,,,,0
40,0021800953,59,1,1,1,7:52 PM,7:04,Waiters  3PT Jump Shot (3 PTS) (Richardson 1 AST),,,11 - 17,6,4,203079,Dion Waiters,1610612748.0,Miami,Heat,MIA,4,1626196,Josh Richardson,1610612748.0,Miami,Heat,MIA,0,0,,,,,,1
41,0021800953,61,2,1,1,7:52 PM,6:52,,,MISS Len 26' 3PT Jump Shot,,,5,203458,Alex Len,1610612737.0,Atlanta,Hawks,ATL,0,0,,,,,,0,0,,,,,,1
42,0021800953,62,4,0,1,7:52 PM,6:50,Adebayo REBOUND (Off:1 Def:1),,,,,4,1628389,Bam Adebayo,1610612748.0,Miami,Heat,MIA,0,0,,,,,,0,0,,,,,,1
43,0021800953,63,5,1,1,7:52 PM,6:48,Adebayo Bad Pass Turnover (P1.T3),,Young STEAL (1 STL),,,4,1628389,Bam Adebayo,1610612748.0,Miami,Heat,MIA,5,1629027,Trae Young,1610612737.0,Atlanta,Hawks,ATL,0,0,,,,,,1
44,0021800953,65,2,1,1,7:53 PM,6:42,,,MISS Young 28' 3PT Jump Shot,,,5,1629027,Trae Young,1610612737.0,Atlanta,Hawks,ATL,0,0,,,,,,0,0,,,,,,1
45,0021800953,66,4,0,1,7:53 PM,6:40,,,Dedmon REBOUND (Off:2 Def:0),,,5,203473,Dewayne Dedmon,1610612737.0,Atlanta,Hawks,ATL,0,0,,,,,,0,0,,,,,,1
46,0021800953,67,2,5,1,7:53 PM,6:37,,,MISS Young 4' Layup,,,5,1629027,Trae Young,1610612737.0,Atlanta,Hawks,ATL,0,0,,,,,,0,0,,,,,,1
47,0021800953,68,4,0,1,7:53 PM,6:36,,,Young REBOUND (Off:1 Def:0),,,5,1629027,Trae Young,1610612737.0,Atlanta,Hawks,ATL,0,0,,,,,,0,0,,,,,,1
48,0021800953,69,1,97,1,7:53 PM,6:36,,,Young 1' Tip Layup Shot (2 PTS),13 - 17,4,5,1629027,Trae Young,1610612737.0,Atlanta,Hawks,ATL,0,0,,,,,,0,0,,,,,,1
49,0021800953,70,9,1,1,7:53 PM,6:36,HEAT Timeout: Regular (Full 1 Short 0),,,,,2,1610612748,,,,,,0,0,,,,,,0,0,,,,,,0
50,0021800953,71,8,0,1,7:54 PM,6:36,,,SUB: Bembry FOR Len,,,5,203458,Alex Len,1610612737.0,Atlanta,Hawks,ATL,5,1627761,DeAndre' Bembry,1610612737.0,Atlanta,Hawks,ATL,0,0,,,,,,0
51,0021800953,72,8,0,1,7:54 PM,6:36,,,SUB: Poythress FOR Huerter,,,5,1628989,Kevin Huerter,1610612737.0,Atlanta,Hawks,ATL,5,1627816,Alex Poythress,1610612737.0,Atlanta,Hawks,ATL,0,0,,,,,,0
52,0021800953,75,1,6,1,7:56 PM,6:22,Waiters 1' Driving Layup (5 PTS),,,13 - 19,6,4,203079,Dion Waiters,1610612748.0,Miami,Heat,MIA,0,0,,,,,,0,0,,,,,,1
53,0021800953,76,2,1,1,7:56 PM,6:08,,,MISS Bazemore 24' 3PT Jump Shot,,,5,203145,Kent Bazemore,1610612737.0,Atlanta,Hawks,ATL,0,0,,,,,,0,0,,,,,,1
54,0021800953,77,4,0,1,7:56 PM,6:06,,,Bazemore REBOUND (Off:2 Def:1),,,5,203145,Kent Bazemore,1610612737.0,Atlanta,Hawks,ATL,0,0,,,,,,0,0,,,,,,1
55,0021800953,78,6,1,1,7:56 PM,6:04,Richardson P.FOUL (P1.T2) (R.Acosta),,,,,4,1626196,Josh Richardson,1610612748.0,Miami,Heat,MIA,5,203145,Kent Bazemore,1610612737.0,Atlanta,Hawks,ATL,1,0,,,,,,1
56,0021800953,80,8,0,1,7:56 PM,6:04,SUB: Wade FOR Richardson,,,,,4,1626196,Josh Richardson,1610612748.0,Miami,Heat,MIA,4,2548,Dwyane Wade,1610612748.0,Miami,Heat,MIA,0,0,,,,,,0
57,0021800953,82,2,5,1,7:57 PM,5:52,Olynyk BLOCK (1 BLK),,MISS Bazemore 7' Layup,,,5,203145,Kent Bazemore,1610612737.0,Atlanta,Hawks,ATL,0,0,,,,,,4,203482,Kelly Olynyk,1610612748.0,Miami,Heat,MIA,1
58,0021800953,84,4,0,1,7:57 PM,5:51,,,Bazemore REBOUND (Off:3 Def:1),,,5,203145,Kent Bazemore,1610612737.0,Atlanta,Hawks,ATL,0,0,,,,,,0,0,,,,,,1
59,0021800953,85,6,3,1,7:57 PM,5:51,Adebayo L.B.FOUL (P2.T3) (E.Lewis),,,,,4,1628389,Bam Adebayo,1610612748.0,Miami,Heat,MIA,5,203145,Kent Bazemore,1610612737.0,Atlanta,Hawks,ATL,1,0,,,,,,1
60,0021800953,87,6,2,1,7:58 PM,5:47,Olynyk S.FOUL (P1.T4) (N.Buchert),,,,,4,203482,Kelly Olynyk,1610612748.0,Miami,Heat,MIA,5,1629027,Trae Young,1610612737.0,Atlanta,Hawks,ATL,1,0,,,,,,1
61,0021800953,89,3,11,1,7:58 PM,5:47,,,Young Free Throw 1 of 2 (3 PTS),14 - 19,5,5,1629027,Trae Young,1610612737.0,Atlanta,Hawks,ATL,0,0,,,,,,0,0,,,,,,0
62,0021800953,90,8,0,1,7:58 PM,5:47,SUB: Jones Jr. FOR Adebayo,,,,,4,1628389,Bam Adebayo,1610612748.0,Miami,Heat,MIA,4,1627884,Derrick Jones Jr.,1610612748.0,Miami,Heat,MIA,0,0,,,,,,0
63,0021800953,92,8,0,1,7:58 PM,5:47,,,SUB: Johnson FOR Bazemore,,,5,203145,Kent Bazemore,1610612737.0,Atlanta,Hawks,ATL,5,1629168,BJ Johnson,1610612737.0,Atlanta,Hawks,ATL,0,0,,,,,,0
64,0021800953,94,3,12,1,7:58 PM,5:47,,,Young Free Throw 2 of 2 (4 PTS),15 - 19,4,5,1629027,Trae Young,1610612737.0,Atlanta,Hawks,ATL,0,0,,,,,,0,0,,,,,,0
65,0021800953,95,1,101,1,7:59 PM,5:32,Waiters 7' Driving Floating Jump Shot (7 PTS),,,15 - 21,6,4,203079,Dion Waiters,1610612748.0,Miami,Heat,MIA,0,0,,,,,,0,0,,,,,,1
66,0021800953,96,1,1,1,7:59 PM,5:20,,,Dedmon 26' 3PT Jump Shot (4 PTS) (Young 2 AST),18 - 21,3,5,203473,Dewayne Dedmon,1610612737.0,Atlanta,Hawks,ATL,5,1629027,Trae Young,1610612737.0,Atlanta,Hawks,ATL,0,0,,,,,,1
67,0021800953,98,1,6,1,7:59 PM,5:04,Wade 1' Driving Layup (2 PTS),,,18 - 23,5,4,2548,Dwyane Wade,1610612748.0,Miami,Heat,MIA,0,0,,,,,,0,0,,,,,,1
68,0021800953,100,5,7,1,7:59 PM,4:53,,,Young Discontinue Dribble Turnover (P2.T2),,,5,1629027,Trae Young,1610612737.0,Atlanta,Hawks,ATL,0,0,,,,,,1,0,,,,,,1
69,0021800953,101,2,98,1,8:00 PM,4:41,MISS Olynyk 2' Cutting Layup Shot,,,,,4,203482,Kelly Olynyk,1610612748.0,Miami,Heat,MIA,0,0,,,,,,0,0,,,,,,1
70,0021800953,103,4,0,1,8:00 PM,4:39,,,Johnson REBOUND (Off:0 Def:1),,,5,1629168,BJ Johnson,1610612737.0,Atlanta,Hawks,ATL,0,0,,,,,,0,0,,,,,,1
71,0021800953,104,1,41,1,8:00 PM,4:30,,,Johnson 5' Running Layup (2 PTS),20 - 23,3,5,1629168,BJ Johnson,1610612737.0,Atlanta,Hawks,ATL,0,0,,,,,,0,0,,,,,,1
72,0021800953,105,6,2,1,8:00 PM,4:23,,,Poythress S.FOUL (P1.T3) (R.Acosta),,,5,1627816,Alex Poythress,1610612737.0,Atlanta,Hawks,ATL,4,203079,Dion Waiters,1610612748.0,Miami,Heat,MIA,1,0,,,,,,1
73,0021800953,107,3,11,1,8:01 PM,4:23,Waiters Free Throw 1 of 2 (8 PTS),,,20 - 24,4,4,203079,Dion Waiters,1610612748.0,Miami,Heat,MIA,0,0,,,,,,0,0,,,,,,0
74,0021800953,108,8,0,1,8:01 PM,4:23,,,SUB: Carter FOR Dedmon,,,5,203473,Dewayne Dedmon,1610612737.0,Atlanta,Hawks,ATL,5,1713,Vince Carter,1610612737.0,Atlanta,Hawks,ATL,0,0,,,,,,0
75,0021800953,110,3,12,1,8:01 PM,4:23,MISS Waiters Free Throw 2 of 2,,,,,4,203079,Dion Waiters,1610612748.0,Miami,Heat,MIA,0,0,,,,,,0,0,,,,,,0
76,0021800953,111,4,0,1,8:01 PM,4:20,,,Carter REBOUND (Off:0 Def:1),,,5,1713,Vince Carter,1610612737.0,Atlanta,Hawks,ATL,0,0,,,,,,0,0,,,,,,1
77,0021800953,112,2,1,1,8:01 PM,4:07,,,MISS Johnson  3PT Jump Shot,,,5,1629168,BJ Johnson,1610612737.0,Atlanta,Hawks,ATL,0,0,,,,,,0,0,,,,,,1
78,0021800953,113,4,0,1,8:01 PM,4:04,Olynyk REBOUND (Off:0 Def:1),,,,,4,203482,Kelly Olynyk,1610612748.0,Miami,Heat,MIA,0,0,,,,,,0,0,,,,,,1
79,0021800953,114,1,5,1,8:02 PM,3:44,Winslow 2' Layup (5 PTS) (Jones Jr. 1 AST),,,20 - 26,6,4,1626159,Justise Winslow,1610612748.0,Miami,Heat,MIA,4,1627884,Derrick Jones Jr.,1610612748.0,Miami,Heat,MIA,0,0,,,,,,1
80,0021800953,116,1,102,1,8:02 PM,3:30,,,Young 8' Driving Floating Bank Jump Shot (6 PTS),22 - 26,4,5,1629027,Trae Young,1610612737.0,Atlanta,Hawks,ATL,0,0,,,,,,0,0,,,,,,1
81,0021800953,117,2,58,1,8:02 PM,3:14,MISS Olynyk 10' Turnaround Hook Shot,,,,,4,203482,Kelly Olynyk,1610612748.0,Miami,Heat,MIA,0,0,,,,,,0,0,,,,,,1
82,0021800953,118,4,0,1,8:02 PM,3:12,,,Bembry REBOUND (Off:0 Def:1),,,5,1627761,DeAndre' Bembry,1610612737.0,Atlanta,Hawks,ATL,0,0,,,,,,0,0,,,,,,1
83,0021800953,119,2,1,1,8:02 PM,3:05,,,MISS Carter 25' 3PT Jump Shot,,,5,1713,Vince Carter,1610612737.0,Atlanta,Hawks,ATL,0,0,,,,,,0,0,,,,,,1
84,0021800953,120,4,0,1,8:02 PM,3:03,Olynyk REBOUND (Off:0 Def:2),,,,,4,203482,Kelly Olynyk,1610612748.0,Miami,Heat,MIA,0,0,,,,,,0,0,,,,,,1
85,0021800953,121,5,1,1,8:02 PM,2:53,Waiters Bad Pass Turnover (P3.T4),,Bembry STEAL (1 STL),,,4,203079,Dion Waiters,1610612748.0,Miami,Heat,MIA,5,1627761,DeAndre' Bembry,1610612737.0,Atlanta,Hawks,ATL,0,0,,,,,,1
86,0021800953,123,1,50,1,8:03 PM,2:48,,,Johnson 2' Running Dunk (4 PTS) (Bembry 1 AST),24 - 26,2,5,1629168,BJ Johnson,1610612737.0,Atlanta,Hawks,ATL,5,1627761,DeAndre' Bembry,1610612737.0,Atlanta,Hawks,ATL,0,0,,,,,,1
87,0021800953,125,1,1,1,8:03 PM,2:32,Winslow 19' Jump Shot (7 PTS) (Olynyk 1 AST),,,24 - 28,4,4,1626159,Justise Winslow,1610612748.0,Miami,Heat,MIA,4,203482,Kelly Olynyk,1610612748.0,Miami,Heat,MIA,0,0,,,,,,1
88,0021800953,127,6,2,1,8:03 PM,2:19,Jones Jr. S.FOUL (P1.PN) (R.Acosta),,,,,4,1627884,Derrick Jones Jr.,1610612748.0,Miami,Heat,MIA,5,1627816,Alex Poythress,1610612737.0,Atlanta,Hawks,ATL,1,0,,,,,,1
89,0021800953,129,3,11,1,8:04 PM,2:19,,,Poythress Free Throw 1 of 2 (1 PTS),25 - 28,3,5,1627816,Alex Poythress,1610612737.0,Atlanta,Hawks,ATL,0,0,,,,,,0,0,,,,,,0
90,0021800953,130,8,0,1,8:04 PM,2:19,SUB: Haslem FOR Olynyk,,,,,4,203482,Kelly Olynyk,1610612748.0,Miami,Heat,MIA,4,2617,Udonis Haslem,1610612748.0,Miami,Heat,MIA,0,0,,,,,,0
91,0021800953,131,8,0,1,8:04 PM,2:19,SUB: Richardson FOR Waiters,,,,,4,203079,Dion Waiters,1610612748.0,Miami,Heat,MIA,4,1626196,Josh Richardson,1610612748.0,Miami,Heat,MIA,0,0,,,,,,0
92,0021800953,132,8,0,1,8:04 PM,2:19,SUB: McGruder FOR Winslow,,,,,4,1626159,Justise Winslow,1610612748.0,Miami,Heat,MIA,4,203585,Rodney McGruder,1610612748.0,Miami,Heat,MIA,0,0,,,,,,0
93,0021800953,133,8,0,1,8:04 PM,2:19,,,SUB: Adams FOR Young,,,5,1629027,Trae Young,1610612737.0,Atlanta,Hawks,ATL,5,1629121,Jaylen Adams,1610612737.0,Atlanta,Hawks,ATL,0,0,,,,,,0
94,0021800953,138,3,12,1,8:04 PM,2:19,,,Poythress Free Throw 2 of 2 (2 PTS),26 - 28,2,5,1627816,Alex Poythress,1610612737.0,Atlanta,Hawks,ATL,0,0,,,,,,0,0,,,,,,0
95,0021800953,139,2,1,1,8:04 PM,2:03,MISS Jones Jr.  3PT Jump Shot,,,,,4,1627884,Derrick Jones Jr.,1610612748.0,Miami,Heat,MIA,0,0,,,,,,0,0,,,,,,1
96,0021800953,140,4,0,1,8:04 PM,2:01,,,Johnson REBOUND (Off:0 Def:2),,,5,1629168,BJ Johnson,1610612737.0,Atlanta,Hawks,ATL,0,0,,,,,,0,0,,,,,,1
97,0021800953,141,5,1,1,8:05 PM,1:42,Jones Jr. STEAL (1 STL),,Adams Bad Pass Turnover (P1.T3),,,5,1629121,Jaylen Adams,1610612737.0,Atlanta,Hawks,ATL,4,1627884,Derrick Jones Jr.,1610612748.0,Miami,Heat,MIA,0,0,,,,,,1
98,0021800953,143,1,50,1,8:05 PM,1:38,Jones Jr. 2' Running Dunk (2 PTS),,,26 - 30,4,4,1627884,Derrick Jones Jr.,1610612748.0,Miami,Heat,MIA,0,0,,,,,,0,0,,,,,,1
99,0021800953,144,2,1,1,8:05 PM,1:21,,,MISS Carter 11' Jump Shot,,,5,1713,Vince Carter,1610612737.0,Atlanta,Hawks,ATL,0,0,,,,,,0,0,,,,,,1
100,0021800953,145,4,0,1,8:05 PM,1:13,,,Bembry REBOUND (Off:1 Def:1),,,5,1627761,DeAndre' Bembry,1610612737.0,Atlanta,Hawks,ATL,0,0,,,,,,0,0,,,,,,1
101,0021800953,146,1,97,1,8:05 PM,1:11,,,Bembry 1' Tip Layup Shot (2 PTS),28 - 30,2,5,1627761,DeAndre' Bembry,1610612737.0,Atlanta,Hawks,ATL,0,0,,,,,,0,0,,,,,,1
102,0021800953,147,2,44,1,8:05 PM,1:08,MISS Richardson 2' Reverse Layup,,,,,4,1626196,Josh Richardson,1610612748.0,Miami,Heat,MIA,0,0,,,,,,0,0,,,,,,1
103,0021800953,148,4,0,1,8:05 PM,1:08,Jones Jr. REBOUND (Off:1 Def:0),,,,,4,1627884,Derrick Jones Jr.,1610612748.0,Miami,Heat,MIA,0,0,,,,,,0,0,,,,,,1
104,0021800953,149,1,107,1,8:05 PM,1:03,Jones Jr. 1' Tip Dunk Shot (4 PTS),,,28 - 32,4,4,1627884,Derrick Jones Jr.,1610612748.0,Miami,Heat,MIA,0,0,,,,,,0,0,,,,,,1
105,0021800953,151,2,6,1,8:06 PM,0:47,Wade BLOCK (1 BLK),,MISS Bembry 2' Driving Layup,,,5,1627761,DeAndre' Bembry,1610612737.0,Atlanta,Hawks,ATL,0,0,,,,,,4,2548,Dwyane Wade,1610612748.0,Miami,Heat,MIA,1
106,0021800953,153,4,0,1,8:06 PM,0:43,Jones Jr. REBOUND (Off:1 Def:1),,,,,4,1627884,Derrick Jones Jr.,1610612748.0,Miami,Heat,MIA,0,0,,,,,,0,0,,,,,,1
107,0021800953,154,2,1,1,8:06 PM,0:37,MISS Wade 8' Jump Shot,,,,,4,2548,Dwyane Wade,1610612748.0,Miami,Heat,MIA,0,0,,,,,,0,0,,,,,,1
108,0021800953,155,4,0,1,8:06 PM,0:37,HEAT Rebound,,,,,2,1610612748,,,,,,0,0,,,,,,0,0,,,,,,0
109,0021800953,156,6,3,1,8:06 PM,0:37,,,Bembry L.B.FOUL (P1.T4) (E.Lewis),,,5,1627761,DeAndre' Bembry,1610612737.0,Atlanta,Hawks,ATL,4,2617,Udonis Haslem,1610612748.0,Miami,Heat,MIA,1,0,,,,,,1
110,0021800953,158,8,0,1,8:06 PM,0:37,,,SUB: Len FOR Poythress,,,5,1627816,Alex Poythress,1610612737.0,Atlanta,Hawks,ATL,5,203458,Alex Len,1610612737.0,Atlanta,Hawks,ATL,0,0,,,,,,0
111,0021800953,160,2,1,1,8:07 PM,0:26,MISS McGruder 24' 3PT Jump Shot,,,,,4,203585,Rodney McGruder,1610612748.0,Miami,Heat,MIA,0,0,,,,,,0,0,,,,,,1
112,0021800953,161,4,0,1,8:07 PM,0:22,,,Johnson REBOUND (Off:0 Def:3),,,5,1629168,BJ Johnson,1610612737.0,Atlanta,Hawks,ATL,0,0,,,,,,0,0,,,,,,1
113,0021800953,162,1,1,1,8:07 PM,0:05,,,Carter 25' 3PT Jump Shot (3 PTS) (Adams 1 AST),31 - 32,1,5,1713,Vince Carter,1610612737.0,Atlanta,Hawks,ATL,5,1629121,Jaylen Adams,1610612737.0,Atlanta,Hawks,ATL,0,0,,,,,,1
114,0021800953,164,2,101,1,8:07 PM,0:00,MISS Richardson 13' Driving Floating Jump Shot,,,,,4,1626196,Josh Richardson,1610612748.0,Miami,Heat,MIA,0,0,,,,,,0,0,,,,,,1
115,0021800953,165,4,0,1,8:07 PM,0:00,HEAT Rebound,,,,,2,1610612748,,,,,,0,0,,,,,,0,0,,,,,,0
116,0021800953,166,13,0,1,8:07 PM,0:00,,,,31 - 32,1,0,0,,,,,,0,0,,,,,,0,0,,,,,,1
117,0021800953,169,12,0,2,8:10 PM,12:00,,,,31 - 32,1,0,0,,,,,,0,0,,,,,,0,0,,,,,,0
118,0021800953,170,1,79,2,8:10 PM,11:50,,,Carter 24' 3PT Pullup Jump Shot (6 PTS) (Adams 2 AST),34 - 32,-2,5,1713,Vince Carter,1610612737.0,Atlanta,Hawks,ATL,5,1629121,Jaylen Adams,1610612737.0,Atlanta,Hawks,ATL,0,0,,,,,,1
119,0021800953,172,5,2,2,8:11 PM,11:33,Wade Lost Ball Turnover (P1.T5),,Johnson STEAL (1 STL),,,4,2548,Dwyane Wade,1610612748.0,Miami,Heat,MIA,5,1629168,BJ Johnson,1610612737.0,Atlanta,Hawks,ATL,0,0,,,,,,1
120,0021800953,174,2,41,2,8:11 PM,11:29,Richardson BLOCK (1 BLK),,MISS Johnson 1' Running Layup,,,5,1629168,BJ Johnson,1610612737.0,Atlanta,Hawks,ATL,0,0,,,,,,4,1626196,Josh Richardson,1610612748.0,Miami,Heat,MIA,1
121,0021800953,176,4,0,2,8:11 PM,11:27,McGruder REBOUND (Off:0 Def:1),,,,,4,203585,Rodney McGruder,1610612748.0,Miami,Heat,MIA,0,0,,,,,,0,0,,,,,,1
122,0021800953,177,6,2,2,8:11 PM,11:18,,,Len S.FOUL (P1.T1) (R.Acosta),,,5,203458,Alex Len,1610612737.0,Atlanta,Hawks,ATL,4,2548,Dwyane Wade,1610612748.0,Miami,Heat,MIA,1,0,,,,,,1
123,0021800953,179,3,11,2,8:11 PM,11:18,Wade Free Throw 1 of 2 (3 PTS),,,34 - 33,-1,4,2548,Dwyane Wade,1610612748.0,Miami,Heat,MIA,0,0,,,,,,0,0,,,,,,0
124,0021800953,180,8,0,2,8:11 PM,11:18,SUB: Whiteside FOR Haslem,,,,,4,2617,Udonis Haslem,1610612748.0,Miami,Heat,MIA,4,202355,Hassan Whiteside,1610612748.0,Miami,Heat,MIA,0,0,,,,,,0
125,0021800953,182,3,12,2,8:12 PM,11:18,MISS Wade Free Throw 2 of 2,,,,,4,2548,Dwyane Wade,1610612748.0,Miami,Heat,MIA,0,0,,,,,,0,0,,,,,,0
126,0021800953,183,4,0,2,8:12 PM,11:16,,,Len REBOUND (Off:0 Def:2),,,5,203458,Alex Len,1610612737.0,Atlanta,Hawks,ATL,0,0,,,,,,0,0,,,,,,1
127,0021800953,184,2,1,2,8:12 PM,11:03,,,MISS Huerter 26' 3PT Jump Shot,,,5,1628989,Kevin Huerter,1610612737.0,Atlanta,Hawks,ATL,0,0,,,,,,0,0,,,,,,1
128,0021800953,185,4,0,2,8:12 PM,11:01,Whiteside REBOUND (Off:0 Def:1),,,,,4,202355,Hassan Whiteside,1610612748.0,Miami,Heat,MIA,0,0,,,,,,0,0,,,,,,1
129,0021800953,186,6,1,2,8:12 PM,10:51,,,Huerter P.FOUL (P2.T2) (E.Lewis),,,5,1628989,Kevin Huerter,1610612737.0,Atlanta,Hawks,ATL,4,2548,Dwyane Wade,1610612748.0,Miami,Heat,MIA,1,0,,,,,,1
130,0021800953,188,1,79,2,8:12 PM,10:46,Richardson 19' Pullup Jump Shot (8 PTS) (Wade 1 AST),,,34 - 35,1,4,1626196,Josh Richardson,1610612748.0,Miami,Heat,MIA,4,2548,Dwyane Wade,1610612748.0,Miami,Heat,MIA,0,0,,,,,,1
131,0021800953,190,2,5,2,8:13 PM,10:38,Whiteside BLOCK (1 BLK),,MISS Len 1' Layup,,,5,203458,Alex Len,1610612737.0,Atlanta,Hawks,ATL,0,0,,,,,,4,202355,Hassan Whiteside,1610612748.0,Miami,Heat,MIA,1
132,0021800953,192,4,0,2,8:13 PM,10:34,McGruder REBOUND (Off:0 Def:2),,,,,4,203585,Rodney McGruder,1610612748.0,Miami,Heat,MIA,0,0,,,,,,0,0,,,,,,1
133,0021800953,193,5,2,2,8:13 PM,10:28,Jones Jr. Lost Ball Turnover (P1.T6),,Carter STEAL (1 STL),,,4,1627884,Derrick Jones Jr.,1610612748.0,Miami,Heat,MIA,5,1713,Vince Carter,1610612737.0,Atlanta,Hawks,ATL,0,0,,,,,,1
134,0021800953,195,2,1,2,8:13 PM,10:21,,,MISS Adams  3PT Jump Shot,,,5,1629121,Jaylen Adams,1610612737.0,Atlanta,Hawks,ATL,0,0,,,,,,0,0,,,,,,1
135,0021800953,196,4,0,2,8:13 PM,10:19,,,Johnson REBOUND (Off:1 Def:3),,,5,1629168,BJ Johnson,1610612737.0,Atlanta,Hawks,ATL,0,0,,,,,,0,0,,,,,,1
136,0021800953,197,2,5,2,8:13 PM,10:18,,,MISS Johnson 1' Layup,,,5,1629168,BJ Johnson,1610612737.0,Atlanta,Hawks,ATL,0,0,,,,,,0,0,,,,,,1
137,0021800953,198,4,0,2,8:13 PM,10:16,,,Johnson REBOUND (Off:2 Def:3),,,5,1629168,BJ Johnson,1610612737.0,Atlanta,Hawks,ATL,0,0,,,,,,0,0,,,,,,1
138,0021800953,199,1,1,2,8:13 PM,10:14,,,Carter 27' 3PT Jump Shot (9 PTS) (Huerter 1 AST),37 - 35,-2,5,1713,Vince Carter,1610612737.0,Atlanta,Hawks,ATL,5,1628989,Kevin Huerter,1610612737.0,Atlanta,Hawks,ATL,0,0,,,,,,1
139,0021800953,201,6,1,2,8:13 PM,9:58,,,Huerter P.FOUL (P3.T3) (N.Buchert),,,5,1628989,Kevin Huerter,1610612737.0,Atlanta,Hawks,ATL,4,1626196,Josh Richardson,1610612748.0,Miami,Heat,MIA,1,0,,,,,,1
140,0021800953,203,8,0,2,8:14 PM,9:58,,,SUB: Bazemore FOR Huerter,,,5,1628989,Kevin Huerter,1610612737.0,Atlanta,Hawks,ATL,5,203145,Kent Bazemore,1610612737.0,Atlanta,Hawks,ATL,0,0,,,,,,0
141,0021800953,205,1,79,2,8:14 PM,9:44,Richardson 15' Pullup Jump Shot (10 PTS),,,37 - 37,TIE,4,1626196,Josh Richardson,1610612748.0,Miami,Heat,MIA,0,0,,,,,,0,0,,,,,,1
142,0021800953,206,2,1,2,8:14 PM,9:32,,,MISS Len 26' 3PT Jump Shot,,,5,203458,Alex Len,1610612737.0,Atlanta,Hawks,ATL,0,0,,,,,,0,0,,,,,,1
143,0021800953,207,4,0,2,8:14 PM,9:30,Jones Jr. REBOUND (Off:1 Def:2),,,,,4,1627884,Derrick Jones Jr.,1610612748.0,Miami,Heat,MIA,0,0,,,,,,0,0,,,,,,1
144,0021800953,208,1,7,2,8:14 PM,9:20,Richardson 1' Dunk (12 PTS) (Wade 2 AST),,,37 - 39,2,4,1626196,Josh Richardson,1610612748.0,Miami,Heat,MIA,4,2548,Dwyane Wade,1610612748.0,Miami,Heat,MIA,0,0,,,,,,1
145,0021800953,210,2,1,2,8:15 PM,9:07,Wade BLOCK (2 BLK),,MISS Johnson 14' Jump Shot,,,5,1629168,BJ Johnson,1610612737.0,Atlanta,Hawks,ATL,0,0,,,,,,4,2548,Dwyane Wade,1610612748.0,Miami,Heat,MIA,1
146,0021800953,212,4,0,2,8:15 PM,9:04,Richardson REBOUND (Off:0 Def:2),,,,,4,1626196,Josh Richardson,1610612748.0,Miami,Heat,MIA,0,0,,,,,,0,0,,,,,,1
147,0021800953,213,5,2,2,8:15 PM,9:00,Whiteside Lost Ball Turnover (P1.T7),,Adams STEAL (1 STL),,,4,202355,Hassan Whiteside,1610612748.0,Miami,Heat,MIA,5,1629121,Jaylen Adams,1610612737.0,Atlanta,Hawks,ATL,0,0,,,,,,1
148,0021800953,215,6,28,2,8:15 PM,8:59,Wade Personal Take Foul (P1.T1) (R.Acosta),,,,,4,2548,Dwyane Wade,1610612748.0,Miami,Heat,MIA,5,1629121,Jaylen Adams,1610612737.0,Atlanta,Hawks,ATL,1,0,,,,,,1
149,0021800953,217,8,0,2,8:15 PM,8:59,,,SUB: Dedmon FOR Len,,,5,203458,Alex Len,1610612737.0,Atlanta,Hawks,ATL,5,203473,Dewayne Dedmon,1610612737.0,Atlanta,Hawks,ATL,0,0,,,,,,0
150,0021800953,219,8,0,2,8:15 PM,8:59,SUB: Winslow FOR Jones Jr.,,,,,4,1627884,Derrick Jones Jr.,1610612748.0,Miami,Heat,MIA,4,1626159,Justise Winslow,1610612748.0,Miami,Heat,MIA,0,0,,,,,,0
151,0021800953,221,2,1,2,8:15 PM,8:38,,,MISS Bazemore 15' Jump Shot,,,5,203145,Kent Bazemore,1610612737.0,Atlanta,Hawks,ATL,0,0,,,,,,0,0,,,,,,1
152,0021800953,222,4,0,2,8:15 PM,8:38,Whiteside REBOUND (Off:0 Def:2),,,,,4,202355,Hassan Whiteside,1610612748.0,Miami,Heat,MIA,0,0,,,,,,0,0,,,,,,1
153,0021800953,223,10,0,2,8:16 PM,8:32,Jump Ball Whiteside vs. Adams: Tip to Richardson,,,,,4,202355,Hassan Whiteside,1610612748.0,Miami,Heat,MIA,5,1629121,Jaylen Adams,1610612737.0,Atlanta,Hawks,ATL,4,1626196,Josh Richardson,1610612748.0,Miami,Heat,MIA,1
154,0021800953,226,1,75,2,8:16 PM,8:24,Wade 1' Driving Finger Roll Layup (5 PTS),,,37 - 41,4,4,2548,Dwyane Wade,1610612748.0,Miami,Heat,MIA,0,0,,,,,,0,0,,,,,,1
155,0021800953,227,6,1,2,8:16 PM,8:15,Richardson P.FOUL (P2.T2) (E.Lewis),,,,,4,1626196,Josh Richardson,1610612748.0,Miami,Heat,MIA,5,203145,Kent Bazemore,1610612737.0,Atlanta,Hawks,ATL,1,0,,,,,,1
156,0021800953,229,8,0,2,8:16 PM,8:15,SUB: Waiters FOR Richardson,,,,,4,1626196,Josh Richardson,1610612748.0,Miami,Heat,MIA,4,203079,Dion Waiters,1610612748.0,Miami,Heat,MIA,0,0,,,,,,0
157,0021800953,230,8,0,2,8:16 PM,8:15,,,SUB: Anderson FOR Johnson,,,5,1629168,BJ Johnson,1610612737.0,Atlanta,Hawks,ATL,5,1626147,Justin Anderson,1610612737.0,Atlanta,Hawks,ATL,0,0,,,,,,0
158,0021800953,233,1,1,2,8:17 PM,8:10,,,Adams  3PT Jump Shot (3 PTS) (Carter 1 AST),40 - 41,1,5,1629121,Jaylen Adams,1610612737.0,Atlanta,Hawks,ATL,5,1713,Vince Carter,1610612737.0,Atlanta,Hawks,ATL,0,0,,,,,,1
159,0021800953,235,1,79,2,8:17 PM,7:48,Winslow 12' Pullup Jump Shot (9 PTS),,,40 - 43,3,4,1626159,Justise Winslow,1610612748.0,Miami,Heat,MIA,0,0,,,,,,0,0,,,,,,1
160,0021800953,476,2,1,2,8:17 PM,7:40,McGruder BLOCK (1 BLK),,MISS Adams 6' Jump Shot,,,5,1629121,Jaylen Adams,1610612737.0,Atlanta,Hawks,ATL,0,0,,,,,,4,203585,Rodney McGruder,1610612748.0,Miami,Heat,MIA,1
161,0021800953,478,4,0,2,8:17 PM,7:39,,,Adams REBOUND (Off:1 Def:0),,,5,1629121,Jaylen Adams,1610612737.0,Atlanta,Hawks,ATL,0,0,,,,,,0,0,,,,,,1
162,0021800953,236,2,1,2,8:17 PM,7:35,,,MISS Carter 29' 3PT Jump Shot,,,5,1713,Vince Carter,1610612737.0,Atlanta,Hawks,ATL,0,0,,,,,,0,0,,,,,,1
163,0021800953,237,4,0,2,8:17 PM,7:33,Wade REBOUND (Off:0 Def:1),,,,,4,2548,Dwyane Wade,1610612748.0,Miami,Heat,MIA,0,0,,,,,,0,0,,,,,,1
164,0021800953,238,1,6,2,8:18 PM,7:28,Wade 2' Driving Layup (7 PTS),,,40 - 45,5,4,2548,Dwyane Wade,1610612748.0,Miami,Heat,MIA,0,0,,,,,,0,0,,,,,,1
165,0021800953,239,7,2,2,8:18 PM,7:28,,,Bazemore Violation:Defensive Goaltending (E.Lewis),,,5,203145,Kent Bazemore,1610612737.0,Atlanta,Hawks,ATL,0,0,,,,,,1,0,,,,,,1
166,0021800953,240,5,2,2,8:18 PM,7:12,Waiters STEAL (1 STL),,Dedmon Lost Ball Turnover (P1.T4),,,5,203473,Dewayne Dedmon,1610612737.0,Atlanta,Hawks,ATL,4,203079,Dion Waiters,1610612748.0,Miami,Heat,MIA,0,0,,,,,,1
167,0021800953,242,5,7,2,8:18 PM,7:07,Waiters Discontinue Dribble Turnover (P4.T8),,,,,4,203079,Dion Waiters,1610612748.0,Miami,Heat,MIA,0,0,,,,,,1,0,,,,,,1
168,0021800953,243,8,0,2,8:18 PM,7:07,SUB: Olynyk FOR Wade,,,,,4,2548,Dwyane Wade,1610612748.0,Miami,Heat,MIA,4,203482,Kelly Olynyk,1610612748.0,Miami,Heat,MIA,0,0,,,,,,0
169,0021800953,245,1,6,2,8:19 PM,6:56,,,Bazemore 2' Driving Layup (7 PTS),42 - 45,3,5,203145,Kent Bazemore,1610612737.0,Atlanta,Hawks,ATL,0,0,,,,,,0,0,,,,,,1
170,0021800953,246,1,1,2,8:19 PM,6:42,McGruder  3PT Jump Shot (3 PTS) (Waiters 1 AST),,,42 - 48,6,4,203585,Rodney McGruder,1610612748.0,Miami,Heat,MIA,4,203079,Dion Waiters,1610612748.0,Miami,Heat,MIA,0,0,,,,,,1
171,0021800953,248,1,5,2,8:19 PM,6:30,,,Bazemore 1' Layup (9 PTS),44 - 48,4,5,203145,Kent Bazemore,1610612737.0,Atlanta,Hawks,ATL,0,0,,,,,,0,0,,,,,,1
172,0021800953,249,1,102,2,8:19 PM,6:14,Winslow 14' Driving Floating Bank Jump Shot (11 PTS),,,44 - 50,6,4,1626159,Justise Winslow,1610612748.0,Miami,Heat,MIA,0,0,,,,,,0,0,,,,,,1
173,0021800953,250,1,1,2,8:19 PM,6:04,,,Carter  3PT Jump Shot (12 PTS) (Adams 3 AST),47 - 50,3,5,1713,Vince Carter,1610612737.0,Atlanta,Hawks,ATL,5,1629121,Jaylen Adams,1610612737.0,Atlanta,Hawks,ATL,0,0,,,,,,1
174,0021800953,252,9,1,2,8:20 PM,5:57,HEAT Timeout: Regular (Full 2 Short 0),,,,,2,1610612748,,,,,,0,0,,,,,,0,0,,,,,,0
175,0021800953,253,8,0,2,8:20 PM,5:57,,,SUB: Young FOR Adams,,,5,1629121,Jaylen Adams,1610612737.0,Atlanta,Hawks,ATL,5,1629027,Trae Young,1610612737.0,Atlanta,Hawks,ATL,0,0,,,,,,0
176,0021800953,255,1,1,2,8:23 PM,5:48,McGruder 26' 3PT Jump Shot (6 PTS) (Whiteside 1 AST),,,47 - 53,6,4,203585,Rodney McGruder,1610612748.0,Miami,Heat,MIA,4,202355,Hassan Whiteside,1610612748.0,Miami,Heat,MIA,0,0,,,,,,1
177,0021800953,257,2,1,2,8:23 PM,5:31,,,MISS Anderson 26' 3PT Jump Shot,,,5,1626147,Justin Anderson,1610612737.0,Atlanta,Hawks,ATL,0,0,,,,,,0,0,,,,,,1
178,0021800953,258,4,0,2,8:23 PM,5:29,Waiters REBOUND (Off:0 Def:2),,,,,4,203079,Dion Waiters,1610612748.0,Miami,Heat,MIA,0,0,,,,,,0,0,,,,,,1
179,0021800953,260,2,1,2,8:24 PM,5:09,MISS Olynyk 25' 3PT Jump Shot,,,,,4,203482,Kelly Olynyk,1610612748.0,Miami,Heat,MIA,0,0,,,,,,0,0,,,,,,1
180,0021800953,261,4,0,2,8:24 PM,5:08,Winslow REBOUND (Off:1 Def:2),,,,,4,1626159,Justise Winslow,1610612748.0,Miami,Heat,MIA,0,0,,,,,,0,0,,,,,,1
181,0021800953,262,6,2,2,8:24 PM,5:08,,,Anderson S.FOUL (P1.T4) (R.Acosta),,,5,1626147,Justin Anderson,1610612737.0,Atlanta,Hawks,ATL,4,1626159,Justise Winslow,1610612748.0,Miami,Heat,MIA,1,0,,,,,,1
182,0021800953,264,3,11,2,8:24 PM,5:08,MISS Winslow Free Throw 1 of 2,,,,,4,1626159,Justise Winslow,1610612748.0,Miami,Heat,MIA,0,0,,,,,,0,0,,,,,,0
183,0021800953,265,4,1,2,8:24 PM,5:08,HEAT Rebound,,,,,2,1610612748,,,,,,0,0,,,,,,0,0,,,,,,0
184,0021800953,266,3,12,2,8:24 PM,5:08,Winslow Free Throw 2 of 2 (12 PTS),,,47 - 54,7,4,1626159,Justise Winslow,1610612748.0,Miami,Heat,MIA,0,0,,,,,,0,0,,,,,,0
185,0021800953,267,1,1,2,8:25 PM,4:51,,,Bazemore  3PT Jump Shot (12 PTS) (Young 3 AST),50 - 54,4,5,203145,Kent Bazemore,1610612737.0,Atlanta,Hawks,ATL,5,1629027,Trae Young,1610612737.0,Atlanta,Hawks,ATL,0,0,,,,,,1
186,0021800953,269,2,63,2,8:25 PM,4:32,MISS Waiters 16' Fadeaway Jumper,,,,,4,203079,Dion Waiters,1610612748.0,Miami,Heat,MIA,0,0,,,,,,0,0,,,,,,1
187,0021800953,270,4,0,2,8:25 PM,4:30,Whiteside REBOUND (Off:1 Def:2),,,,,4,202355,Hassan Whiteside,1610612748.0,Miami,Heat,MIA,0,0,,,,,,0,0,,,,,,1
188,0021800953,271,1,97,2,8:25 PM,4:29,Whiteside 1' Tip Layup Shot (2 PTS),,,50 - 56,6,4,202355,Hassan Whiteside,1610612748.0,Miami,Heat,MIA,0,0,,,,,,0,0,,,,,,1
189,0021800953,272,2,79,2,8:25 PM,4:20,,,MISS Bazemore 17' Pullup Jump Shot,,,5,203145,Kent Bazemore,1610612737.0,Atlanta,Hawks,ATL,0,0,,,,,,0,0,,,,,,1
190,0021800953,273,4,0,2,8:25 PM,4:19,Whiteside REBOUND (Off:1 Def:3),,,,,4,202355,Hassan Whiteside,1610612748.0,Miami,Heat,MIA,0,0,,,,,,0,0,,,,,,1
191,0021800953,274,2,79,2,8:25 PM,4:11,MISS Winslow 20' Pullup Jump Shot,,,,,4,1626159,Justise Winslow,1610612748.0,Miami,Heat,MIA,0,0,,,,,,0,0,,,,,,1
192,0021800953,275,4,0,2,8:25 PM,4:09,,,Dedmon REBOUND (Off:2 Def:1),,,5,203473,Dewayne Dedmon,1610612737.0,Atlanta,Hawks,ATL,0,0,,,,,,0,0,,,,,,1
193,0021800953,276,2,1,2,8:25 PM,3:59,,,MISS Carter 27' 3PT Jump Shot,,,5,1713,Vince Carter,1610612737.0,Atlanta,Hawks,ATL,0,0,,,,,,0,0,,,,,,1
194,0021800953,277,4,0,2,8:26 PM,3:55,Whiteside REBOUND (Off:1 Def:4),,,,,4,202355,Hassan Whiteside,1610612748.0,Miami,Heat,MIA,0,0,,,,,,0,0,,,,,,1
195,0021800953,278,2,58,2,8:26 PM,3:45,MISS Whiteside 9' Turnaround Hook Shot,,,,,4,202355,Hassan Whiteside,1610612748.0,Miami,Heat,MIA,0,0,,,,,,0,0,,,,,,1
196,0021800953,279,4,0,2,8:26 PM,3:43,,,Young REBOUND (Off:1 Def:1),,,5,1629027,Trae Young,1610612737.0,Atlanta,Hawks,ATL,0,0,,,,,,0,0,,,,,,1
197,0021800953,280,5,1,2,8:26 PM,3:40,Winslow STEAL (1 STL),,Young Bad Pass Turnover (P3.T5),,,5,1629027,Trae Young,1610612737.0,Atlanta,Hawks,ATL,4,1626159,Justise Winslow,1610612748.0,Miami,Heat,MIA,0,0,,,,,,1
198,0021800953,282,1,41,2,8:26 PM,3:34,Olynyk 1' Running Layup (5 PTS) (Waiters 2 AST),,,50 - 58,8,4,203482,Kelly Olynyk,1610612748.0,Miami,Heat,MIA,4,203079,Dion Waiters,1610612748.0,Miami,Heat,MIA,0,0,,,,,,1
199,0021800953,284,9,1,2,8:26 PM,3:26,,,Hawks Timeout: Regular (Reg.2 Short 0),,,3,1610612737,,,,,,0,0,,,,,,0,0,,,,,,0
200,0021800953,285,8,0,2,8:26 PM,3:26,SUB: Adebayo FOR McGruder,,,,,4,203585,Rodney McGruder,1610612748.0,Miami,Heat,MIA,4,1628389,Bam Adebayo,1610612748.0,Miami,Heat,MIA,0,0,,,,,,0
201,0021800953,286,8,0,2,8:26 PM,3:26,SUB: Richardson FOR Whiteside,,,,,4,202355,Hassan Whiteside,1610612748.0,Miami,Heat,MIA,4,1626196,Josh Richardson,1610612748.0,Miami,Heat,MIA,0,0,,,,,,0
202,0021800953,287,8,0,2,8:26 PM,3:26,,,SUB: Poythress FOR Carter,,,5,1713,Vince Carter,1610612737.0,Atlanta,Hawks,ATL,5,1627816,Alex Poythress,1610612737.0,Atlanta,Hawks,ATL,0,0,,,,,,0
203,0021800953,288,8,0,2,8:26 PM,3:26,,,SUB: Bembry FOR Bazemore,,,5,203145,Kent Bazemore,1610612737.0,Atlanta,Hawks,ATL,5,1627761,DeAndre' Bembry,1610612737.0,Atlanta,Hawks,ATL,0,0,,,,,,0
204,0021800953,293,1,73,2,8:29 PM,3:14,,,Bembry 1' Driving Reverse Layup (4 PTS) (Dedmon 2 AST),52 - 58,6,5,1627761,DeAndre' Bembry,1610612737.0,Atlanta,Hawks,ATL,5,203473,Dewayne Dedmon,1610612737.0,Atlanta,Hawks,ATL,0,0,,,,,,1
205,0021800953,295,2,79,2,8:30 PM,2:58,MISS Richardson 16' Pullup Jump Shot,,,,,4,1626196,Josh Richardson,1610612748.0,Miami,Heat,MIA,0,0,,,,,,0,0,,,,,,1
206,0021800953,296,4,0,2,8:30 PM,2:58,,,Poythress REBOUND (Off:0 Def:1),,,5,1627816,Alex Poythress,1610612737.0,Atlanta,Hawks,ATL,0,0,,,,,,0,0,,,,,,1
207,0021800953,297,1,1,2,8:30 PM,2:49,,,Dedmon  3PT Jump Shot (7 PTS) (Young 4 AST),55 - 58,3,5,203473,Dewayne Dedmon,1610612737.0,Atlanta,Hawks,ATL,5,1629027,Trae Young,1610612737.0,Atlanta,Hawks,ATL,0,0,,,,,,1
208,0021800953,299,2,1,2,8:30 PM,2:26,MISS Winslow 24' 3PT Jump Shot,,,,,4,1626159,Justise Winslow,1610612748.0,Miami,Heat,MIA,0,0,,,,,,0,0,,,,,,1
209,0021800953,300,4,0,2,8:30 PM,2:23,,,Bembry REBOUND (Off:1 Def:2),,,5,1627761,DeAndre' Bembry,1610612737.0,Atlanta,Hawks,ATL,0,0,,,,,,0,0,,,,,,1
210,0021800953,301,2,1,2,8:31 PM,2:03,,,MISS Young 25' 3PT Jump Shot,,,5,1629027,Trae Young,1610612737.0,Atlanta,Hawks,ATL,0,0,,,,,,0,0,,,,,,1
211,0021800953,302,4,0,2,8:31 PM,2:00,Olynyk REBOUND (Off:0 Def:3),,,,,4,203482,Kelly Olynyk,1610612748.0,Miami,Heat,MIA,0,0,,,,,,0,0,,,,,,1
212,0021800953,303,6,17,2,8:31 PM,1:52,,,Hawks T.Foul (Def. 3 Sec Dedmon ) (N.Buchert),,,5,203473,Dewayne Dedmon,1610612737.0,Atlanta,Hawks,ATL,0,0,,,,,,1,0,,,,,,1
213,0021800953,304,3,16,2,8:31 PM,1:52,Richardson Free Throw Technical (13 PTS),,,55 - 59,4,4,1626196,Josh Richardson,1610612748.0,Miami,Heat,MIA,0,0,,,,,,0,0,,,,,,0
214,0021800953,305,8,0,2,8:31 PM,1:52,SUB: McGruder FOR Waiters,,,,,4,203079,Dion Waiters,1610612748.0,Miami,Heat,MIA,4,203585,Rodney McGruder,1610612748.0,Miami,Heat,MIA,0,0,,,,,,0
215,0021800953,306,8,0,2,8:31 PM,1:52,SUB: Wade FOR Adebayo,,,,,4,1628389,Bam Adebayo,1610612748.0,Miami,Heat,MIA,4,2548,Dwyane Wade,1610612748.0,Miami,Heat,MIA,0,0,,,,,,0
216,0021800953,307,8,0,2,8:31 PM,1:52,SUB: Jones Jr. FOR Richardson,,,,,4,1626196,Josh Richardson,1610612748.0,Miami,Heat,MIA,4,1627884,Derrick Jones Jr.,1610612748.0,Miami,Heat,MIA,0,0,,,,,,0
217,0021800953,308,8,0,2,8:31 PM,1:52,,,SUB: Len FOR Dedmon,,,5,203473,Dewayne Dedmon,1610612737.0,Atlanta,Hawks,ATL,5,203458,Alex Len,1610612737.0,Atlanta,Hawks,ATL,0,0,,,,,,0
218,0021800953,313,6,1,2,8:32 PM,1:42,,,Anderson P.FOUL (P2.PN) (R.Acosta),,,5,1626147,Justin Anderson,1610612737.0,Atlanta,Hawks,ATL,4,203482,Kelly Olynyk,1610612748.0,Miami,Heat,MIA,1,0,,,,,,1
219,0021800953,315,3,11,2,8:32 PM,1:42,Olynyk Free Throw 1 of 2 (6 PTS),,,55 - 60,5,4,203482,Kelly Olynyk,1610612748.0,Miami,Heat,MIA,0,0,,,,,,0,0,,,,,,0
220,0021800953,316,3,12,2,8:32 PM,1:42,Olynyk Free Throw 2 of 2 (7 PTS),,,55 - 61,6,4,203482,Kelly Olynyk,1610612748.0,Miami,Heat,MIA,0,0,,,,,,0,0,,,,,,0
221,0021800953,317,1,109,2,8:33 PM,1:24,,,Bembry 1' Driving Reverse Dunk Shot (6 PTS),57 - 61,4,5,1627761,DeAndre' Bembry,1610612737.0,Atlanta,Hawks,ATL,0,0,,,,,,0,0,,,,,,1
222,0021800953,318,5,1,2,8:33 PM,1:07,Wade Bad Pass Turnover (P2.T9),,Anderson STEAL (1 STL),,,4,2548,Dwyane Wade,1610612748.0,Miami,Heat,MIA,5,1626147,Justin Anderson,1610612737.0,Atlanta,Hawks,ATL,0,0,,,,,,1
223,0021800953,320,6,1,2,8:33 PM,1:05,Olynyk P.FOUL (P2.T3) (E.Lewis),,,,,4,203482,Kelly Olynyk,1610612748.0,Miami,Heat,MIA,5,1626147,Justin Anderson,1610612737.0,Atlanta,Hawks,ATL,1,0,,,,,,1
224,0021800953,322,8,0,2,8:33 PM,1:05,SUB: Haslem FOR Olynyk,,,,,4,203482,Kelly Olynyk,1610612748.0,Miami,Heat,MIA,4,2617,Udonis Haslem,1610612748.0,Miami,Heat,MIA,0,0,,,,,,0
225,0021800953,324,1,6,2,8:34 PM,0:56,,,Young 2' Driving Layup (8 PTS) (Len 2 AST),59 - 61,2,5,1629027,Trae Young,1610612737.0,Atlanta,Hawks,ATL,5,203458,Alex Len,1610612737.0,Atlanta,Hawks,ATL,0,0,,,,,,1
226,0021800953,326,5,45,2,8:34 PM,0:41,Winslow Out of Bounds - Bad Pass Turnover Turnover (P1.T10),,,,,4,1626159,Justise Winslow,1610612748.0,Miami,Heat,MIA,0,0,,,,,,1,0,,,,,,1
227,0021800953,328,6,1,2,8:35 PM,0:34,Jones Jr. P.FOUL (P2.PN) (R.Acosta),,,,,4,1627884,Derrick Jones Jr.,1610612748.0,Miami,Heat,MIA,5,1629027,Trae Young,1610612737.0,Atlanta,Hawks,ATL,1,0,,,,,,1
228,0021800953,330,3,11,2,8:35 PM,0:34,,,Young Free Throw 1 of 2 (9 PTS),60 - 61,1,5,1629027,Trae Young,1610612737.0,Atlanta,Hawks,ATL,0,0,,,,,,0,0,,,,,,0
229,0021800953,331,8,0,2,8:35 PM,0:34,,,SUB: Johnson FOR Len,,,5,203458,Alex Len,1610612737.0,Atlanta,Hawks,ATL,5,1629168,BJ Johnson,1610612737.0,Atlanta,Hawks,ATL,0,0,,,,,,0
230,0021800953,333,3,12,2,8:35 PM,0:34,,,Young Free Throw 2 of 2 (10 PTS),61 - 61,TIE,5,1629027,Trae Young,1610612737.0,Atlanta,Hawks,ATL,0,0,,,,,,0,0,,,,,,0
231,0021800953,334,5,40,2,8:36 PM,0:22,Wade Out of Bounds Lost Ball Turnover (P3.T11),,,,,4,2548,Dwyane Wade,1610612748.0,Miami,Heat,MIA,0,0,,,,,,1,0,,,,,,1
232,0021800953,335,2,101,2,8:36 PM,0:01,,,MISS Young 13' Driving Floating Jump Shot,,,5,1629027,Trae Young,1610612737.0,Atlanta,Hawks,ATL,0,0,,,,,,0,0,,,,,,1
233,0021800953,336,4,0,2,8:36 PM,0:00,Winslow REBOUND (Off:1 Def:3),,,,,4,1626159,Justise Winslow,1610612748.0,Miami,Heat,MIA,0,0,,,,,,0,0,,,,,,1
234,0021800953,337,13,0,2,8:36 PM,0:00,,,,61 - 61,TIE,0,0,,,,,,0,0,,,,,,0,0,,,,,,1
235,0021800953,354,12,0,3,8:51 PM,12:00,,,,61 - 61,TIE,0,0,,,,,,0,0,,,,,,0,0,,,,,,0
236,0021800953,355,1,52,3,8:52 PM,11:43,,,Dedmon 1' Alley Oop Dunk (9 PTS) (Young 5 AST),63 - 61,-2,5,203473,Dewayne Dedmon,1610612737.0,Atlanta,Hawks,ATL,5,1629027,Trae Young,1610612737.0,Atlanta,Hawks,ATL,0,0,,,,,,1
237,0021800953,357,2,1,3,8:52 PM,11:18,MISS Richardson 26' 3PT Jump Shot,,,,,4,1626196,Josh Richardson,1610612748.0,Miami,Heat,MIA,0,0,,,,,,0,0,,,,,,1
238,0021800953,358,4,0,3,8:52 PM,11:16,,,Bazemore REBOUND (Off:3 Def:2),,,5,203145,Kent Bazemore,1610612737.0,Atlanta,Hawks,ATL,0,0,,,,,,0,0,,,,,,1
239,0021800953,359,2,1,3,8:52 PM,11:09,,,MISS Huerter 26' 3PT Jump Shot,,,5,1628989,Kevin Huerter,1610612737.0,Atlanta,Hawks,ATL,0,0,,,,,,0,0,,,,,,1
240,0021800953,360,4,0,3,8:52 PM,11:07,Adebayo REBOUND (Off:1 Def:2),,,,,4,1628389,Bam Adebayo,1610612748.0,Miami,Heat,MIA,0,0,,,,,,0,0,,,,,,1
241,0021800953,361,1,98,3,8:52 PM,11:03,Adebayo 1' Cutting Layup Shot (4 PTS) (Winslow 3 AST),,,63 - 63,TIE,4,1628389,Bam Adebayo,1610612748.0,Miami,Heat,MIA,4,1626159,Justise Winslow,1610612748.0,Miami,Heat,MIA,0,0,,,,,,1
242,0021800953,363,6,2,3,8:52 PM,11:03,,,Bazemore S.FOUL (P2.T1) (R.Acosta),,,5,203145,Kent Bazemore,1610612737.0,Atlanta,Hawks,ATL,4,1628389,Bam Adebayo,1610612748.0,Miami,Heat,MIA,1,0,,,,,,1
243,0021800953,365,3,10,3,8:53 PM,11:03,Adebayo Free Throw 1 of 1 (5 PTS),,,63 - 64,1,4,1628389,Bam Adebayo,1610612748.0,Miami,Heat,MIA,0,0,,,,,,0,0,,,,,,0
244,0021800953,366,2,1,3,8:53 PM,10:50,,,MISS Bazemore 25' 3PT Jump Shot,,,5,203145,Kent Bazemore,1610612737.0,Atlanta,Hawks,ATL,0,0,,,,,,0,0,,,,,,1
245,0021800953,367,4,0,3,8:53 PM,10:47,Waiters REBOUND (Off:0 Def:3),,,,,4,203079,Dion Waiters,1610612748.0,Miami,Heat,MIA,0,0,,,,,,0,0,,,,,,1
246,0021800953,368,1,78,3,8:53 PM,10:36,Winslow 8' Floating Jump Shot (14 PTS),,,63 - 66,3,4,1626159,Justise Winslow,1610612748.0,Miami,Heat,MIA,0,0,,,,,,0,0,,,,,,1
247,0021800953,369,6,1,3,8:54 PM,10:25,Adebayo P.FOUL (P3.T1) (N.Buchert),,,,,4,1628389,Bam Adebayo,1610612748.0,Miami,Heat,MIA,5,203145,Kent Bazemore,1610612737.0,Atlanta,Hawks,ATL,1,0,,,,,,1
248,0021800953,371,2,1,3,8:54 PM,10:20,,,MISS Bazemore 24' 3PT Jump Shot,,,5,203145,Kent Bazemore,1610612737.0,Atlanta,Hawks,ATL,0,0,,,,,,0,0,,,,,,1
249,0021800953,372,4,0,3,8:54 PM,10:14,Richardson REBOUND (Off:0 Def:3),,,,,4,1626196,Josh Richardson,1610612748.0,Miami,Heat,MIA,0,0,,,,,,0,0,,,,,,1
250,0021800953,373,6,2,3,8:54 PM,10:12,,,Bazemore S.FOUL (P3.T2) (R.Acosta),,,5,203145,Kent Bazemore,1610612737.0,Atlanta,Hawks,ATL,4,203079,Dion Waiters,1610612748.0,Miami,Heat,MIA,1,0,,,,,,1
251,0021800953,375,3,11,3,8:55 PM,10:12,Waiters Free Throw 1 of 2 (9 PTS),,,63 - 67,4,4,203079,Dion Waiters,1610612748.0,Miami,Heat,MIA,0,0,,,,,,0,0,,,,,,0
252,0021800953,376,3,12,3,8:55 PM,10:12,Waiters Free Throw 2 of 2 (10 PTS),,,63 - 68,5,4,203079,Dion Waiters,1610612748.0,Miami,Heat,MIA,0,0,,,,,,0,0,,,,,,0
253,0021800953,377,2,1,3,8:55 PM,9:55,,,MISS Len 24' 3PT Jump Shot,,,5,203458,Alex Len,1610612737.0,Atlanta,Hawks,ATL,0,0,,,,,,0,0,,,,,,1
254,0021800953,378,4,0,3,8:55 PM,9:55,HEAT Rebound,,,,,2,1610612748,,,,,,0,0,,,,,,0,0,,,,,,1
255,0021800953,380,2,1,3,8:55 PM,9:43,MISS Waiters  3PT Jump Shot,,,,,4,203079,Dion Waiters,1610612748.0,Miami,Heat,MIA,0,0,,,,,,0,0,,,,,,1
256,0021800953,381,4,0,3,8:56 PM,9:42,HEAT Rebound,,,,,2,1610612748,,,,,,0,0,,,,,,0,0,,,,,,0
257,0021800953,382,6,3,3,8:56 PM,9:42,,,Young L.B.FOUL (P1.T3) (N.Buchert),,,5,1629027,Trae Young,1610612737.0,Atlanta,Hawks,ATL,4,1626159,Justise Winslow,1610612748.0,Miami,Heat,MIA,1,0,,,,,,1
258,0021800953,384,5,2,3,8:56 PM,9:34,Waiters Lost Ball Turnover (P5.T12),,Dedmon STEAL (2 STL),,,4,203079,Dion Waiters,1610612748.0,Miami,Heat,MIA,5,203473,Dewayne Dedmon,1610612737.0,Atlanta,Hawks,ATL,0,0,,,,,,1
259,0021800953,385,6,1,3,8:56 PM,9:32,Olynyk P.FOUL (P3.T2) (R.Acosta),,,,,4,203482,Kelly Olynyk,1610612748.0,Miami,Heat,MIA,5,1629027,Trae Young,1610612737.0,Atlanta,Hawks,ATL,1,0,,,,,,1
260,0021800953,387,1,80,3,8:57 PM,9:18,,,Huerter 24' 3PT Step Back Jump Shot (8 PTS),66 - 68,2,5,1628989,Kevin Huerter,1610612737.0,Atlanta,Hawks,ATL,0,0,,,,,,0,0,,,,,,1
261,0021800953,389,6,4,3,8:57 PM,9:07,Olynyk OFF.Foul (P4) (N.Buchert),,,,,4,203482,Kelly Olynyk,1610612748.0,Miami,Heat,MIA,5,1629027,Trae Young,1610612737.0,Atlanta,Hawks,ATL,1,0,,,,,,1
262,0021800953,391,5,37,3,8:57 PM,9:07,Olynyk Offensive Foul Turnover (P1.T13),,,,,4,203482,Kelly Olynyk,1610612748.0,Miami,Heat,MIA,0,0,,,,,,1,0,,,,,,1
263,0021800953,392,8,0,3,8:57 PM,9:07,SUB: Jones Jr. FOR Olynyk,,,,,4,203482,Kelly Olynyk,1610612748.0,Miami,Heat,MIA,4,1627884,Derrick Jones Jr.,1610612748.0,Miami,Heat,MIA,0,0,,,,,,0
264,0021800953,394,2,101,3,8:57 PM,8:55,,,MISS Young 12' Driving Floating Jump Shot,,,5,1629027,Trae Young,1610612737.0,Atlanta,Hawks,ATL,0,0,,,,,,0,0,,,,,,1
265,0021800953,395,4,0,3,8:57 PM,8:53,,,Young REBOUND (Off:2 Def:1),,,5,1629027,Trae Young,1610612737.0,Atlanta,Hawks,ATL,0,0,,,,,,0,0,,,,,,1
266,0021800953,396,5,1,3,8:57 PM,8:50,Winslow STEAL (2 STL),,Young Bad Pass Turnover (P4.T6),,,5,1629027,Trae Young,1610612737.0,Atlanta,Hawks,ATL,4,1626159,Justise Winslow,1610612748.0,Miami,Heat,MIA,0,0,,,,,,1
267,0021800953,398,1,7,3,8:58 PM,8:46,Adebayo 1' Dunk (7 PTS) (Richardson 2 AST),,,66 - 70,4,4,1628389,Bam Adebayo,1610612748.0,Miami,Heat,MIA,4,1626196,Josh Richardson,1610612748.0,Miami,Heat,MIA,0,0,,,,,,1
268,0021800953,400,5,2,3,8:58 PM,8:32,Winslow STEAL (3 STL),,Young Lost Ball Turnover (P5.T7),,,5,1629027,Trae Young,1610612737.0,Atlanta,Hawks,ATL,4,1626159,Justise Winslow,1610612748.0,Miami,Heat,MIA,0,0,,,,,,1
269,0021800953,402,6,2,3,8:58 PM,8:28,,,Len S.FOUL (P2.T4) (R.Acosta),,,5,203458,Alex Len,1610612737.0,Atlanta,Hawks,ATL,4,1627884,Derrick Jones Jr.,1610612748.0,Miami,Heat,MIA,1,0,,,,,,1
270,0021800953,404,3,11,3,8:58 PM,8:28,MISS Jones Jr. Free Throw 1 of 2,,,,,4,1627884,Derrick Jones Jr.,1610612748.0,Miami,Heat,MIA,0,0,,,,,,0,0,,,,,,0
271,0021800953,405,4,1,3,8:58 PM,8:28,HEAT Rebound,,,,,2,1610612748,,,,,,0,0,,,,,,0,0,,,,,,0
272,0021800953,406,3,12,3,8:59 PM,8:28,Jones Jr. Free Throw 2 of 2 (5 PTS),,,66 - 71,5,4,1627884,Derrick Jones Jr.,1610612748.0,Miami,Heat,MIA,0,0,,,,,,0,0,,,,,,0
273,0021800953,407,5,1,3,8:59 PM,8:13,Jones Jr. STEAL (2 STL),,Len Bad Pass Turnover (P1.T8),,,5,203458,Alex Len,1610612737.0,Atlanta,Hawks,ATL,4,1627884,Derrick Jones Jr.,1610612748.0,Miami,Heat,MIA,0,0,,,,,,1
274,0021800953,409,2,1,3,8:59 PM,8:08,MISS Richardson 26' 3PT Jump Shot,,,,,4,1626196,Josh Richardson,1610612748.0,Miami,Heat,MIA,0,0,,,,,,0,0,,,,,,1
275,0021800953,410,4,0,3,8:59 PM,8:05,,,Hawks Rebound,,,3,1610612737,,,,,,0,0,,,,,,0,0,,,,,,1
276,0021800953,414,6,1,3,8:59 PM,7:56,Jones Jr. P.FOUL (P3.T3) (E.Lewis),,,,,4,1627884,Derrick Jones Jr.,1610612748.0,Miami,Heat,MIA,5,1629027,Trae Young,1610612737.0,Atlanta,Hawks,ATL,1,0,,,,,,1
277,0021800953,416,6,2,3,9:00 PM,7:52,Jones Jr. S.FOUL (P4.T4) (E.Lewis),,,,,4,1627884,Derrick Jones Jr.,1610612748.0,Miami,Heat,MIA,5,203145,Kent Bazemore,1610612737.0,Atlanta,Hawks,ATL,1,0,,,,,,1
278,0021800953,418,18,1,3,9:00 PM,7:52,,,,66 - 71,5,0,414,,,,,,0,0,,,,,,1,0,,,,,,0
279,0021800953,419,3,13,3,9:01 PM,7:52,,,Bazemore Free Throw 1 of 3 (13 PTS),67 - 71,4,5,203145,Kent Bazemore,1610612737.0,Atlanta,Hawks,ATL,0,0,,,,,,0,0,,,,,,0
280,0021800953,420,8,0,3,9:01 PM,7:52,,,SUB: Poythress FOR Len,,,5,203458,Alex Len,1610612737.0,Atlanta,Hawks,ATL,5,1627816,Alex Poythress,1610612737.0,Atlanta,Hawks,ATL,0,0,,,,,,0
281,0021800953,422,8,0,3,9:01 PM,7:52,SUB: McGruder FOR Jones Jr.,,,,,4,1627884,Derrick Jones Jr.,1610612748.0,Miami,Heat,MIA,4,203585,Rodney McGruder,1610612748.0,Miami,Heat,MIA,0,0,,,,,,0
282,0021800953,424,3,14,3,9:01 PM,7:52,,,MISS Bazemore Free Throw 2 of 3,,,5,203145,Kent Bazemore,1610612737.0,Atlanta,Hawks,ATL,0,0,,,,,,0,0,,,,,,0
283,0021800953,425,4,1,3,9:01 PM,7:52,,,Hawks Rebound,,,3,1610612737,,,,,,0,0,,,,,,0,0,,,,,,0
284,0021800953,426,3,15,3,9:01 PM,7:52,,,Bazemore Free Throw 3 of 3 (14 PTS),68 - 71,3,5,203145,Kent Bazemore,1610612737.0,Atlanta,Hawks,ATL,0,0,,,,,,0,0,,,,,,0
285,0021800953,427,2,1,3,9:01 PM,7:40,MISS Richardson 26' 3PT Jump Shot,,,,,4,1626196,Josh Richardson,1610612748.0,Miami,Heat,MIA,0,0,,,,,,0,0,,,,,,1
286,0021800953,429,4,0,3,9:01 PM,7:33,,,Huerter REBOUND (Off:0 Def:1),,,5,1628989,Kevin Huerter,1610612737.0,Atlanta,Hawks,ATL,0,0,,,,,,0,0,,,,,,1
287,0021800953,430,6,2,3,9:02 PM,7:29,Richardson S.FOUL (P3.PN) (R.Acosta),,,,,4,1626196,Josh Richardson,1610612748.0,Miami,Heat,MIA,5,203145,Kent Bazemore,1610612737.0,Atlanta,Hawks,ATL,1,0,,,,,,1
288,0021800953,432,3,13,3,9:02 PM,7:29,,,Bazemore Free Throw 1 of 3 (15 PTS),69 - 71,2,5,203145,Kent Bazemore,1610612737.0,Atlanta,Hawks,ATL,0,0,,,,,,0,0,,,,,,0
289,0021800953,433,3,14,3,9:02 PM,7:29,,,MISS Bazemore Free Throw 2 of 3,,,5,203145,Kent Bazemore,1610612737.0,Atlanta,Hawks,ATL,0,0,,,,,,0,0,,,,,,0
290,0021800953,434,4,1,3,9:02 PM,7:29,,,Hawks Rebound,,,3,1610612737,,,,,,0,0,,,,,,0,0,,,,,,0
291,0021800953,435,8,0,3,9:02 PM,7:29,,,SUB: Carter FOR Huerter,,,5,1628989,Kevin Huerter,1610612737.0,Atlanta,Hawks,ATL,5,1713,Vince Carter,1610612737.0,Atlanta,Hawks,ATL,0,0,,,,,,0
292,0021800953,436,8,0,3,9:02 PM,7:29,,,SUB: Johnson FOR Dedmon,,,5,203473,Dewayne Dedmon,1610612737.0,Atlanta,Hawks,ATL,5,1629168,BJ Johnson,1610612737.0,Atlanta,Hawks,ATL,0,0,,,,,,0
293,0021800953,439,3,15,3,9:03 PM,7:29,,,Bazemore Free Throw 3 of 3 (16 PTS),70 - 71,1,5,203145,Kent Bazemore,1610612737.0,Atlanta,Hawks,ATL,0,0,,,,,,0,0,,,,,,0
294,0021800953,440,2,1,3,9:03 PM,7:02,MISS Adebayo 10' Jump Shot,,,,,4,1628389,Bam Adebayo,1610612748.0,Miami,Heat,MIA,0,0,,,,,,0,0,,,,,,1
295,0021800953,441,4,0,3,9:03 PM,7:00,,,Bazemore REBOUND (Off:3 Def:3),,,5,203145,Kent Bazemore,1610612737.0,Atlanta,Hawks,ATL,0,0,,,,,,0,0,,,,,,1
296,0021800953,442,1,78,3,9:03 PM,6:52,,,Johnson 10' Floating Jump Shot (6 PTS) (Bazemore 2 AST),72 - 71,-1,5,1629168,BJ Johnson,1610612737.0,Atlanta,Hawks,ATL,5,203145,Kent Bazemore,1610612737.0,Atlanta,Hawks,ATL,0,0,,,,,,1
297,0021800953,444,2,1,3,9:03 PM,6:36,MISS McGruder 24' 3PT Jump Shot,,,,,4,203585,Rodney McGruder,1610612748.0,Miami,Heat,MIA,0,0,,,,,,0,0,,,,,,1
298,0021800953,445,4,0,3,9:03 PM,6:34,,,Bazemore REBOUND (Off:3 Def:4),,,5,203145,Kent Bazemore,1610612737.0,Atlanta,Hawks,ATL,0,0,,,,,,0,0,,,,,,1
299,0021800953,446,5,2,3,9:04 PM,6:26,Waiters STEAL (2 STL),,Young Lost Ball Turnover (P6.T9),,,5,1629027,Trae Young,1610612737.0,Atlanta,Hawks,ATL,4,203079,Dion Waiters,1610612748.0,Miami,Heat,MIA,0,0,,,,,,1
300,0021800953,448,1,41,3,9:04 PM,6:23,Waiters 1' Running Layup (12 PTS),,,72 - 73,1,4,203079,Dion Waiters,1610612748.0,Miami,Heat,MIA,0,0,,,,,,0,0,,,,,,1
301,0021800953,449,9,1,3,9:04 PM,6:23,,,Hawks Timeout: Regular (Reg.3 Short 0),,,3,1610612737,,,,,,0,0,,,,,,0,0,,,,,,0
302,0021800953,450,8,0,3,9:06 PM,6:23,SUB: Wade FOR Richardson,,,,,4,1626196,Josh Richardson,1610612748.0,Miami,Heat,MIA,4,2548,Dwyane Wade,1610612748.0,Miami,Heat,MIA,0,0,,,,,,0
303,0021800953,451,8,0,3,9:06 PM,6:23,,,SUB: Adams FOR Young,,,5,1629027,Trae Young,1610612737.0,Atlanta,Hawks,ATL,5,1629121,Jaylen Adams,1610612737.0,Atlanta,Hawks,ATL,0,0,,,,,,0
304,0021800953,452,8,0,3,9:06 PM,6:23,,,SUB: Bembry FOR Bazemore,,,5,203145,Kent Bazemore,1610612737.0,Atlanta,Hawks,ATL,5,1627761,DeAndre' Bembry,1610612737.0,Atlanta,Hawks,ATL,0,0,,,,,,0
305,0021800953,456,5,4,3,9:07 PM,6:05,,,Poythress Traveling Turnover (P1.T10),,,5,1627816,Alex Poythress,1610612737.0,Atlanta,Hawks,ATL,0,0,,,,,,1,0,,,,,,1
306,0021800953,457,2,1,3,9:07 PM,5:56,MISS Adebayo 7' Jump Shot,,,,,4,1628389,Bam Adebayo,1610612748.0,Miami,Heat,MIA,0,0,,,,,,0,0,,,,,,1
307,0021800953,458,4,0,3,9:07 PM,5:53,,,Carter REBOUND (Off:0 Def:2),,,5,1713,Vince Carter,1610612737.0,Atlanta,Hawks,ATL,0,0,,,,,,0,0,,,,,,1
308,0021800953,459,2,63,3,9:07 PM,5:43,,,MISS Carter 11' Fadeaway Jumper,,,5,1713,Vince Carter,1610612737.0,Atlanta,Hawks,ATL,0,0,,,,,,0,0,,,,,,1
309,0021800953,460,4,0,3,9:08 PM,5:41,Adebayo REBOUND (Off:1 Def:3),,,,,4,1628389,Bam Adebayo,1610612748.0,Miami,Heat,MIA,0,0,,,,,,0,0,,,,,,1
310,0021800953,461,2,86,3,9:08 PM,5:29,MISS Wade 11' Turnaround Fadeaway Shot,,,,,4,2548,Dwyane Wade,1610612748.0,Miami,Heat,MIA,0,0,,,,,,0,0,,,,,,1
311,0021800953,462,4,0,3,9:08 PM,5:27,,,Poythress REBOUND (Off:0 Def:2),,,5,1627816,Alex Poythress,1610612737.0,Atlanta,Hawks,ATL,0,0,,,,,,0,0,,,,,,1
312,0021800953,463,2,6,3,9:08 PM,5:08,,,MISS Bembry 2' Driving Layup,,,5,1627761,DeAndre' Bembry,1610612737.0,Atlanta,Hawks,ATL,0,0,,,,,,0,0,,,,,,1
313,0021800953,464,4,0,3,9:08 PM,5:06,Adebayo REBOUND (Off:1 Def:4),,,,,4,1628389,Bam Adebayo,1610612748.0,Miami,Heat,MIA,0,0,,,,,,0,0,,,,,,1
314,0021800953,465,1,6,3,9:08 PM,4:59,Waiters 1' Driving Layup (14 PTS),,,72 - 75,3,4,203079,Dion Waiters,1610612748.0,Miami,Heat,MIA,0,0,,,,,,0,0,,,,,,1
315,0021800953,466,5,2,3,9:08 PM,4:44,Waiters STEAL (3 STL),,Bembry Lost Ball Turnover (P1.T11),,,5,1627761,DeAndre' Bembry,1610612737.0,Atlanta,Hawks,ATL,4,203079,Dion Waiters,1610612748.0,Miami,Heat,MIA,0,0,,,,,,1
316,0021800953,468,6,28,3,9:09 PM,4:43,,,Bembry Personal Take Foul (P2.PN) (N.Buchert),,,5,1627761,DeAndre' Bembry,1610612737.0,Atlanta,Hawks,ATL,4,1628389,Bam Adebayo,1610612748.0,Miami,Heat,MIA,1,0,,,,,,1
317,0021800953,470,3,11,3,9:09 PM,4:43,Adebayo Free Throw 1 of 2 (8 PTS),,,72 - 76,4,4,1628389,Bam Adebayo,1610612748.0,Miami,Heat,MIA,0,0,,,,,,0,0,,,,,,0
318,0021800953,471,3,12,3,9:09 PM,4:43,Adebayo Free Throw 2 of 2 (9 PTS),,,72 - 77,5,4,1628389,Bam Adebayo,1610612748.0,Miami,Heat,MIA,0,0,,,,,,0,0,,,,,,0
319,0021800953,472,1,1,3,9:10 PM,4:24,,,Bembry 26' 3PT Jump Shot (9 PTS) (Adams 4 AST),75 - 77,2,5,1627761,DeAndre' Bembry,1610612737.0,Atlanta,Hawks,ATL,5,1629121,Jaylen Adams,1610612737.0,Atlanta,Hawks,ATL,0,0,,,,,,1
320,0021800953,475,9,1,3,9:10 PM,3:57,HEAT Timeout: Regular (Full 3 Short 0),,,,,2,1610612748,,,,,,0,0,,,,,,0,0,,,,,,0
321,0021800953,479,8,0,3,9:10 PM,3:57,,,SUB: Huerter FOR Johnson,,,5,1629168,BJ Johnson,1610612737.0,Atlanta,Hawks,ATL,5,1628989,Kevin Huerter,1610612737.0,Atlanta,Hawks,ATL,0,0,,,,,,0
322,0021800953,481,2,1,3,9:13 PM,3:57,MISS Adebayo 26' 3PT Jump Shot,,,,,4,1628389,Bam Adebayo,1610612748.0,Miami,Heat,MIA,0,0,,,,,,0,0,,,,,,0
323,0021800953,482,4,0,3,9:13 PM,3:57,HEAT Rebound,,,,,2,1610612748,,,,,,0,0,,,,,,0,0,,,,,,0
324,0021800953,483,5,11,3,9:13 PM,3:57,HEAT Turnover: Shot Clock (T#14),,,,,2,1610612748,,,,,,0,0,,,,,,1,0,,,,,,0
325,0021800953,484,1,1,3,9:14 PM,3:42,,,Adams 25' 3PT Jump Shot (6 PTS) (Huerter 2 AST),78 - 77,-1,5,1629121,Jaylen Adams,1610612737.0,Atlanta,Hawks,ATL,5,1628989,Kevin Huerter,1610612737.0,Atlanta,Hawks,ATL,0,0,,,,,,1
326,0021800953,486,2,101,3,9:14 PM,3:27,MISS Wade 13' Driving Floating Jump Shot,,,,,4,2548,Dwyane Wade,1610612748.0,Miami,Heat,MIA,0,0,,,,,,0,0,,,,,,1
327,0021800953,487,4,0,3,9:14 PM,3:24,,,Huerter REBOUND (Off:0 Def:2),,,5,1628989,Kevin Huerter,1610612737.0,Atlanta,Hawks,ATL,0,0,,,,,,0,0,,,,,,1
328,0021800953,488,2,1,3,9:14 PM,3:20,,,MISS Huerter 25' 3PT Jump Shot,,,5,1628989,Kevin Huerter,1610612737.0,Atlanta,Hawks,ATL,0,0,,,,,,0,0,,,,,,1
329,0021800953,489,4,0,3,9:14 PM,3:18,Adebayo REBOUND (Off:1 Def:5),,,,,4,1628389,Bam Adebayo,1610612748.0,Miami,Heat,MIA,0,0,,,,,,0,0,,,,,,1
330,0021800953,490,2,1,3,9:14 PM,2:55,MISS Winslow  3PT Jump Shot,,,,,4,1626159,Justise Winslow,1610612748.0,Miami,Heat,MIA,0,0,,,,,,0,0,,,,,,1
331,0021800953,491,4,0,3,9:15 PM,2:51,Winslow REBOUND (Off:2 Def:3),,,,,4,1626159,Justise Winslow,1610612748.0,Miami,Heat,MIA,0,0,,,,,,0,0,,,,,,1
332,0021800953,492,2,6,3,9:15 PM,2:47,MISS Waiters 1' Driving Layup,,Bembry BLOCK (1 BLK),,,4,203079,Dion Waiters,1610612748.0,Miami,Heat,MIA,0,0,,,,,,5,1627761,DeAndre' Bembry,1610612737.0,Atlanta,Hawks,ATL,1
333,0021800953,494,4,0,3,9:15 PM,2:44,,,Poythress REBOUND (Off:0 Def:3),,,5,1627816,Alex Poythress,1610612737.0,Atlanta,Hawks,ATL,0,0,,,,,,0,0,,,,,,1
334,0021800953,495,6,2,3,9:15 PM,2:35,Adebayo S.FOUL (P4.PN) (E.Lewis),,,,,4,1628389,Bam Adebayo,1610612748.0,Miami,Heat,MIA,5,1627816,Alex Poythress,1610612737.0,Atlanta,Hawks,ATL,1,0,,,,,,1
335,0021800953,497,3,11,3,9:15 PM,2:35,,,Poythress Free Throw 1 of 2 (3 PTS),79 - 77,-2,5,1627816,Alex Poythress,1610612737.0,Atlanta,Hawks,ATL,0,0,,,,,,0,0,,,,,,0
336,0021800953,498,8,0,3,9:15 PM,2:35,SUB: Whiteside FOR Waiters,,,,,4,203079,Dion Waiters,1610612748.0,Miami,Heat,MIA,4,202355,Hassan Whiteside,1610612748.0,Miami,Heat,MIA,0,0,,,,,,0
337,0021800953,499,8,0,3,9:15 PM,2:35,SUB: Richardson FOR Adebayo,,,,,4,1628389,Bam Adebayo,1610612748.0,Miami,Heat,MIA,4,1626196,Josh Richardson,1610612748.0,Miami,Heat,MIA,0,0,,,,,,0
338,0021800953,502,3,12,3,9:15 PM,2:35,,,Poythress Free Throw 2 of 2 (4 PTS),80 - 77,-3,5,1627816,Alex Poythress,1610612737.0,Atlanta,Hawks,ATL,0,0,,,,,,0,0,,,,,,0
339,0021800953,503,6,4,3,9:16 PM,2:27,Whiteside OFF.Foul (P1) (N.Buchert),,,,,4,202355,Hassan Whiteside,1610612748.0,Miami,Heat,MIA,5,1713,Vince Carter,1610612737.0,Atlanta,Hawks,ATL,1,0,,,,,,1
340,0021800953,505,5,37,3,9:16 PM,2:27,Whiteside Offensive Foul Turnover (P2.T15),,,,,4,202355,Hassan Whiteside,1610612748.0,Miami,Heat,MIA,0,0,,,,,,1,0,,,,,,1
341,0021800953,506,2,6,3,9:16 PM,2:20,,,MISS Carter 2' Driving Layup,,,5,1713,Vince Carter,1610612737.0,Atlanta,Hawks,ATL,0,0,,,,,,0,0,,,,,,1
342,0021800953,525,2,5,3,9:16 PM,2:19,,,MISS Poythress 2' Layup,,,5,1627816,Alex Poythress,1610612737.0,Atlanta,Hawks,ATL,0,0,,,,,,0,0,,,,,,1
343,0021800953,507,4,0,3,9:16 PM,2:19,,,Poythress REBOUND (Off:3 Def:3),,,5,1627816,Alex Poythress,1610612737.0,Atlanta,Hawks,ATL,0,0,,,,,,0,0,,,,,,1
344,0021800953,526,4,0,3,9:16 PM,2:18,,,Poythress REBOUND (Off:1 Def:3),,,5,1627816,Alex Poythress,1610612737.0,Atlanta,Hawks,ATL,0,0,,,,,,0,0,,,,,,1
345,0021800953,537,2,97,3,9:16 PM,2:18,,,MISS Poythress 3' Tip Layup Shot,,,5,1627816,Alex Poythress,1610612737.0,Atlanta,Hawks,ATL,0,0,,,,,,0,0,,,,,,1
346,0021800953,538,4,0,3,9:16 PM,2:16,,,Poythress REBOUND (Off:2 Def:3),,,5,1627816,Alex Poythress,1610612737.0,Atlanta,Hawks,ATL,0,0,,,,,,0,0,,,,,,1
347,0021800953,508,2,97,3,9:16 PM,2:07,,,MISS Poythress 1' Tip Layup Shot,,,5,1627816,Alex Poythress,1610612737.0,Atlanta,Hawks,ATL,0,0,,,,,,0,0,,,,,,1
348,0021800953,509,4,0,3,9:16 PM,2:05,Whiteside REBOUND (Off:1 Def:5),,,,,4,202355,Hassan Whiteside,1610612748.0,Miami,Heat,MIA,0,0,,,,,,0,0,,,,,,1
349,0021800953,511,1,79,3,9:17 PM,1:55,Wade 21' Pullup Jump Shot (9 PTS),,,80 - 79,-1,4,2548,Dwyane Wade,1610612748.0,Miami,Heat,MIA,0,0,,,,,,0,0,,,,,,1
350,0021800953,512,1,1,3,9:17 PM,1:38,,,Carter 25' 3PT Jump Shot (15 PTS) (Bembry 2 AST),83 - 79,-4,5,1713,Vince Carter,1610612737.0,Atlanta,Hawks,ATL,5,1627761,DeAndre' Bembry,1610612737.0,Atlanta,Hawks,ATL,0,0,,,,,,1
351,0021800953,514,1,6,3,9:17 PM,1:23,Winslow 2' Driving Layup (16 PTS) (Whiteside 2 AST),,,83 - 81,-2,4,1626159,Justise Winslow,1610612748.0,Miami,Heat,MIA,4,202355,Hassan Whiteside,1610612748.0,Miami,Heat,MIA,0,0,,,,,,1
352,0021800953,516,1,9,3,9:18 PM,1:03,,,Bembry 1' Driving Dunk (11 PTS),85 - 81,-4,5,1627761,DeAndre' Bembry,1610612737.0,Atlanta,Hawks,ATL,0,0,,,,,,0,0,,,,,,1
353,0021800953,517,1,3,3,9:18 PM,0:49,Whiteside 9' Hook Shot (4 PTS) (Wade 3 AST),,,85 - 83,-2,4,202355,Hassan Whiteside,1610612748.0,Miami,Heat,MIA,4,2548,Dwyane Wade,1610612748.0,Miami,Heat,MIA,0,0,,,,,,1
354,0021800953,519,2,1,3,9:18 PM,0:34,,,MISS Poythress 26' 3PT Jump Shot,,,5,1627816,Alex Poythress,1610612737.0,Atlanta,Hawks,ATL,0,0,,,,,,0,0,,,,,,1
355,0021800953,520,4,0,3,9:18 PM,0:32,Whiteside REBOUND (Off:1 Def:6),,,,,4,202355,Hassan Whiteside,1610612748.0,Miami,Heat,MIA,0,0,,,,,,0,0,,,,,,1
356,0021800953,521,1,73,3,9:19 PM,0:11,Winslow 1' Driving Reverse Layup (18 PTS),,,85 - 85,TIE,4,1626159,Justise Winslow,1610612748.0,Miami,Heat,MIA,0,0,,,,,,0,0,,,,,,1
357,0021800953,522,2,57,3,9:19 PM,0:00,,,MISS Bembry 6' Driving Hook Shot,,,5,1627761,DeAndre' Bembry,1610612737.0,Atlanta,Hawks,ATL,0,0,,,,,,0,0,,,,,,1
358,0021800953,523,4,0,3,9:19 PM,0:00,,,Hawks Rebound,,,3,1610612737,,,,,,0,0,,,,,,0,0,,,,,,0
359,0021800953,524,13,0,3,9:19 PM,0:00,,,,85 - 85,TIE,0,0,,,,,,0,0,,,,,,0,0,,,,,,1
360,0021800953,535,12,0,4,9:22 PM,12:00,,,,85 - 85,TIE,0,0,,,,,,0,0,,,,,,0,0,,,,,,0
361,0021800953,536,1,3,4,9:22 PM,11:43,Wade 5' Hook Shot (11 PTS),,,85 - 87,2,4,2548,Dwyane Wade,1610612748.0,Miami,Heat,MIA,0,0,,,,,,0,0,,,,,,1
362,0021800953,539,2,1,4,9:22 PM,11:26,,,MISS Carter 24' 3PT Jump Shot,,,5,1713,Vince Carter,1610612737.0,Atlanta,Hawks,ATL,0,0,,,,,,0,0,,,,,,1
363,0021800953,540,4,0,4,9:22 PM,11:26,Richardson REBOUND (Off:0 Def:4),,,,,4,1626196,Josh Richardson,1610612748.0,Miami,Heat,MIA,0,0,,,,,,0,0,,,,,,1
364,0021800953,542,1,1,4,9:22 PM,11:10,Richardson 26' 3PT Jump Shot (16 PTS) (Jones Jr. 2 AST),,,85 - 90,5,4,1626196,Josh Richardson,1610612748.0,Miami,Heat,MIA,4,1627884,Derrick Jones Jr.,1610612748.0,Miami,Heat,MIA,0,0,,,,,,1
365,0021800953,544,1,1,4,9:23 PM,10:56,,,Huerter 26' 3PT Jump Shot (11 PTS) (Young 6 AST),88 - 90,2,5,1628989,Kevin Huerter,1610612737.0,Atlanta,Hawks,ATL,5,1629027,Trae Young,1610612737.0,Atlanta,Hawks,ATL,0,0,,,,,,1
366,0021800953,546,6,2,4,9:23 PM,10:48,,,Carter S.FOUL (P1.T1) (N.Buchert),,,5,1713,Vince Carter,1610612737.0,Atlanta,Hawks,ATL,4,1627884,Derrick Jones Jr.,1610612748.0,Miami,Heat,MIA,1,0,,,,,,1
367,0021800953,548,3,11,4,9:23 PM,10:48,Jones Jr. Free Throw 1 of 2 (6 PTS),,,88 - 91,3,4,1627884,Derrick Jones Jr.,1610612748.0,Miami,Heat,MIA,0,0,,,,,,0,0,,,,,,0
368,0021800953,549,3,12,4,9:23 PM,10:48,MISS Jones Jr. Free Throw 2 of 2,,,,,4,1627884,Derrick Jones Jr.,1610612748.0,Miami,Heat,MIA,0,0,,,,,,0,0,,,,,,0
369,0021800953,550,4,0,4,9:23 PM,10:45,,,Carter REBOUND (Off:0 Def:3),,,5,1713,Vince Carter,1610612737.0,Atlanta,Hawks,ATL,0,0,,,,,,0,0,,,,,,1
370,0021800953,551,6,2,4,9:24 PM,10:38,Wade S.FOUL (P2.T1) (E.Lewis),,,,,4,2548,Dwyane Wade,1610612748.0,Miami,Heat,MIA,5,203473,Dewayne Dedmon,1610612737.0,Atlanta,Hawks,ATL,1,0,,,,,,1
371,0021800953,553,3,11,4,9:24 PM,10:38,,,MISS Dedmon Free Throw 1 of 2,,,5,203473,Dewayne Dedmon,1610612737.0,Atlanta,Hawks,ATL,0,0,,,,,,0,0,,,,,,0
372,0021800953,554,4,1,4,9:24 PM,10:38,,,Hawks Rebound,,,3,1610612737,,,,,,0,0,,,,,,0,0,,,,,,0
373,0021800953,555,3,12,4,9:24 PM,10:38,,,Dedmon Free Throw 2 of 2 (10 PTS),89 - 91,2,5,203473,Dewayne Dedmon,1610612737.0,Atlanta,Hawks,ATL,0,0,,,,,,0,0,,,,,,0
374,0021800953,556,6,2,4,9:25 PM,10:20,,,Huerter S.FOUL (P4.T2) (R.Acosta),,,5,1628989,Kevin Huerter,1610612737.0,Atlanta,Hawks,ATL,4,2548,Dwyane Wade,1610612748.0,Miami,Heat,MIA,1,0,,,,,,1
375,0021800953,558,3,11,4,9:25 PM,10:20,Wade Free Throw 1 of 2 (12 PTS),,,89 - 92,3,4,2548,Dwyane Wade,1610612748.0,Miami,Heat,MIA,0,0,,,,,,0,0,,,,,,0
376,0021800953,559,8,0,4,9:25 PM,10:20,,,SUB: Len FOR Carter,,,5,1713,Vince Carter,1610612737.0,Atlanta,Hawks,ATL,5,203458,Alex Len,1610612737.0,Atlanta,Hawks,ATL,0,0,,,,,,0
377,0021800953,561,3,12,4,9:25 PM,10:20,MISS Wade Free Throw 2 of 2,,,,,4,2548,Dwyane Wade,1610612748.0,Miami,Heat,MIA,0,0,,,,,,0,0,,,,,,0
378,0021800953,562,4,0,4,9:26 PM,10:16,,,Dedmon REBOUND (Off:2 Def:2),,,5,203473,Dewayne Dedmon,1610612737.0,Atlanta,Hawks,ATL,0,0,,,,,,0,0,,,,,,1
379,0021800953,563,1,75,4,9:26 PM,9:56,,,Huerter 1' Driving Finger Roll Layup (13 PTS) (Young 7 AST),91 - 92,1,5,1628989,Kevin Huerter,1610612737.0,Atlanta,Hawks,ATL,5,1629027,Trae Young,1610612737.0,Atlanta,Hawks,ATL,0,0,,,,,,1
380,0021800953,565,2,1,4,9:26 PM,9:38,MISS Richardson 26' 3PT Jump Shot,,,,,4,1626196,Josh Richardson,1610612748.0,Miami,Heat,MIA,0,0,,,,,,0,0,,,,,,1
381,0021800953,566,4,0,4,9:26 PM,9:38,,,Hawks Rebound,,,3,1610612737,,,,,,0,0,,,,,,0,0,,,,,,0
382,0021800953,568,6,3,4,9:26 PM,9:38,Whiteside L.B.FOUL (P2.T2) (N.Buchert),,,,,4,202355,Hassan Whiteside,1610612748.0,Miami,Heat,MIA,5,203458,Alex Len,1610612737.0,Atlanta,Hawks,ATL,1,0,,,,,,1
383,0021800953,570,2,1,4,9:27 PM,9:23,,,MISS Bazemore  3PT Jump Shot,,,5,203145,Kent Bazemore,1610612737.0,Atlanta,Hawks,ATL,0,0,,,,,,0,0,,,,,,1
384,0021800953,571,4,0,4,9:27 PM,9:20,,,Dedmon REBOUND (Off:3 Def:2),,,5,203473,Dewayne Dedmon,1610612737.0,Atlanta,Hawks,ATL,0,0,,,,,,0,0,,,,,,1
385,0021800953,572,1,72,4,9:27 PM,9:17,,,Dedmon 2' Putback Layup (12 PTS),93 - 92,-1,5,203473,Dewayne Dedmon,1610612737.0,Atlanta,Hawks,ATL,0,0,,,,,,0,0,,,,,,1
386,0021800953,573,2,66,4,9:27 PM,8:59,MISS Wade 11' Jump Bank Shot,,,,,4,2548,Dwyane Wade,1610612748.0,Miami,Heat,MIA,0,0,,,,,,0,0,,,,,,1
387,0021800953,574,4,0,4,9:27 PM,8:57,,,Dedmon REBOUND (Off:3 Def:3),,,5,203473,Dewayne Dedmon,1610612737.0,Atlanta,Hawks,ATL,0,0,,,,,,0,0,,,,,,1
388,0021800953,575,2,1,4,9:27 PM,8:46,,,MISS Young 25' 3PT Jump Shot,,,5,1629027,Trae Young,1610612737.0,Atlanta,Hawks,ATL,0,0,,,,,,0,0,,,,,,1
389,0021800953,576,4,0,4,9:27 PM,8:44,McGruder REBOUND (Off:0 Def:3),,,,,4,203585,Rodney McGruder,1610612748.0,Miami,Heat,MIA,0,0,,,,,,0,0,,,,,,1
390,0021800953,577,1,52,4,9:27 PM,8:38,Jones Jr. 1' Alley Oop Dunk (8 PTS) (Richardson 3 AST),,,93 - 94,1,4,1627884,Derrick Jones Jr.,1610612748.0,Miami,Heat,MIA,4,1626196,Josh Richardson,1610612748.0,Miami,Heat,MIA,0,0,,,,,,1
391,0021800953,580,5,1,4,9:28 PM,8:16,Richardson STEAL (1 STL),,Young Bad Pass Turnover (P7.T12),,,5,1629027,Trae Young,1610612737.0,Atlanta,Hawks,ATL,4,1626196,Josh Richardson,1610612748.0,Miami,Heat,MIA,0,0,,,,,,1
392,0021800953,582,5,2,4,9:28 PM,8:06,Whiteside Lost Ball Turnover (P3.T16),,Dedmon STEAL (3 STL),,,4,202355,Hassan Whiteside,1610612748.0,Miami,Heat,MIA,5,203473,Dewayne Dedmon,1610612737.0,Atlanta,Hawks,ATL,0,0,,,,,,1
393,0021800953,584,2,1,4,9:28 PM,7:55,,,MISS Bazemore 26' 3PT Jump Shot,,,5,203145,Kent Bazemore,1610612737.0,Atlanta,Hawks,ATL,0,0,,,,,,0,0,,,,,,1
394,0021800953,585,4,0,4,9:28 PM,7:52,Jones Jr. REBOUND (Off:1 Def:3),,,,,4,1627884,Derrick Jones Jr.,1610612748.0,Miami,Heat,MIA,0,0,,,,,,0,0,,,,,,1
395,0021800953,586,1,1,4,9:28 PM,7:33,Wade 26' 3PT Jump Shot (15 PTS),,,93 - 97,4,4,2548,Dwyane Wade,1610612748.0,Miami,Heat,MIA,0,0,,,,,,0,0,,,,,,1
396,0021800953,587,2,1,4,9:29 PM,7:14,,,MISS Huerter 25' 3PT Jump Shot,,,5,1628989,Kevin Huerter,1610612737.0,Atlanta,Hawks,ATL,0,0,,,,,,0,0,,,,,,1
397,0021800953,588,4,0,4,9:29 PM,7:13,HEAT Rebound,,,,,2,1610612748,,,,,,0,0,,,,,,0,0,,,,,,0
398,0021800953,590,9,1,4,9:29 PM,7:13,HEAT Timeout: Regular (Full 4 Short 0),,,,,2,1610612748,,,,,,0,0,,,,,,0,0,,,,,,0
399,0021800953,591,8,0,4,9:29 PM,7:13,SUB: Adebayo FOR Whiteside,,,,,4,202355,Hassan Whiteside,1610612748.0,Miami,Heat,MIA,4,1628389,Bam Adebayo,1610612748.0,Miami,Heat,MIA,0,0,,,,,,0
400,0021800953,593,1,79,4,9:32 PM,7:00,Wade 14' Pullup Jump Shot (17 PTS) (Richardson 4 AST),,,93 - 99,6,4,2548,Dwyane Wade,1610612748.0,Miami,Heat,MIA,4,1626196,Josh Richardson,1610612748.0,Miami,Heat,MIA,0,0,,,,,,1
401,0021800953,595,1,5,4,9:32 PM,6:42,,,Dedmon 2' Layup (14 PTS),95 - 99,4,5,203473,Dewayne Dedmon,1610612737.0,Atlanta,Hawks,ATL,0,0,,,,,,0,0,,,,,,1
402,0021800953,596,1,79,4,9:33 PM,6:25,Wade 12' Pullup Jump Shot (19 PTS) (Richardson 5 AST),,,95 - 101,6,4,2548,Dwyane Wade,1610612748.0,Miami,Heat,MIA,4,1626196,Josh Richardson,1610612748.0,Miami,Heat,MIA,0,0,,,,,,1
403,0021800953,598,6,4,4,9:33 PM,6:18,,,Huerter OFF.Foul (P5) (R.Acosta),,,5,1628989,Kevin Huerter,1610612737.0,Atlanta,Hawks,ATL,4,1626196,Josh Richardson,1610612748.0,Miami,Heat,MIA,1,0,,,,,,1
404,0021800953,600,5,37,4,9:33 PM,6:18,,,Huerter Offensive Foul Turnover (P1.T13),,,5,1628989,Kevin Huerter,1610612737.0,Atlanta,Hawks,ATL,0,0,,,,,,1,0,,,,,,1
405,0021800953,601,8,0,4,9:33 PM,6:18,SUB: Olynyk FOR Jones Jr.,,,,,4,1627884,Derrick Jones Jr.,1610612748.0,Miami,Heat,MIA,4,203482,Kelly Olynyk,1610612748.0,Miami,Heat,MIA,0,0,,,,,,0
406,0021800953,602,8,0,4,9:33 PM,6:18,,,SUB: Adams FOR Huerter,,,5,1628989,Kevin Huerter,1610612737.0,Atlanta,Hawks,ATL,5,1629121,Jaylen Adams,1610612737.0,Atlanta,Hawks,ATL,0,0,,,,,,0
407,0021800953,603,8,0,4,9:33 PM,6:18,,,SUB: Bembry FOR Young,,,5,1629027,Trae Young,1610612737.0,Atlanta,Hawks,ATL,5,1627761,DeAndre' Bembry,1610612737.0,Atlanta,Hawks,ATL,0,0,,,,,,0
408,0021800953,607,1,1,4,9:34 PM,6:00,Richardson 26' 3PT Jump Shot (19 PTS) (Wade 4 AST),,,95 - 104,9,4,1626196,Josh Richardson,1610612748.0,Miami,Heat,MIA,4,2548,Dwyane Wade,1610612748.0,Miami,Heat,MIA,0,0,,,,,,1
409,0021800953,609,2,5,4,9:34 PM,5:43,,,MISS Len 3' Layup,,,5,203458,Alex Len,1610612737.0,Atlanta,Hawks,ATL,0,0,,,,,,0,0,,,,,,1
410,0021800953,610,4,0,4,9:34 PM,5:42,,,Len REBOUND (Off:1 Def:2),,,5,203458,Alex Len,1610612737.0,Atlanta,Hawks,ATL,0,0,,,,,,0,0,,,,,,1
411,0021800953,611,2,97,4,9:34 PM,5:40,,,MISS Len 1' Tip Layup Shot,,,5,203458,Alex Len,1610612737.0,Atlanta,Hawks,ATL,0,0,,,,,,0,0,,,,,,1
412,0021800953,612,4,0,4,9:34 PM,5:40,HEAT Rebound,,,,,2,1610612748,,,,,,0,0,,,,,,0,0,,,,,,1
413,0021800953,613,6,3,4,9:34 PM,5:40,,,Len L.B.FOUL (P3.T3) (E.Lewis),,,5,203458,Alex Len,1610612737.0,Atlanta,Hawks,ATL,4,1628389,Bam Adebayo,1610612748.0,Miami,Heat,MIA,1,0,,,,,,1
414,0021800953,616,6,4,4,9:35 PM,5:29,Adebayo OFF.Foul (P5) (R.Acosta),,,,,4,1628389,Bam Adebayo,1610612748.0,Miami,Heat,MIA,5,203145,Kent Bazemore,1610612737.0,Atlanta,Hawks,ATL,1,0,,,,,,1
415,0021800953,618,5,37,4,9:35 PM,5:29,Adebayo Offensive Foul Turnover (P2.T17),,,,,4,1628389,Bam Adebayo,1610612748.0,Miami,Heat,MIA,0,0,,,,,,1,0,,,,,,1
416,0021800953,619,8,0,4,9:35 PM,5:29,SUB: Winslow FOR Richardson,,,,,4,1626196,Josh Richardson,1610612748.0,Miami,Heat,MIA,4,1626159,Justise Winslow,1610612748.0,Miami,Heat,MIA,0,0,,,,,,0
417,0021800953,620,8,0,4,9:35 PM,5:29,SUB: Jones Jr. FOR Adebayo,,,,,4,1628389,Bam Adebayo,1610612748.0,Miami,Heat,MIA,4,1627884,Derrick Jones Jr.,1610612748.0,Miami,Heat,MIA,0,0,,,,,,0
418,0021800953,623,6,1,4,9:36 PM,5:16,Olynyk P.FOUL (P5.T3) (N.Buchert),,,,,4,203482,Kelly Olynyk,1610612748.0,Miami,Heat,MIA,5,1627761,DeAndre' Bembry,1610612737.0,Atlanta,Hawks,ATL,1,0,,,,,,1
419,0021800953,625,2,1,4,9:36 PM,5:05,,,MISS Bembry 25' 3PT Jump Shot,,,5,1627761,DeAndre' Bembry,1610612737.0,Atlanta,Hawks,ATL,0,0,,,,,,0,0,,,,,,1
420,0021800953,626,4,0,4,9:36 PM,5:03,Wade REBOUND (Off:0 Def:2),,,,,4,2548,Dwyane Wade,1610612748.0,Miami,Heat,MIA,0,0,,,,,,0,0,,,,,,1
421,0021800953,627,2,101,4,9:36 PM,4:58,MISS Wade 7' Driving Floating Jump Shot,,,,,4,2548,Dwyane Wade,1610612748.0,Miami,Heat,MIA,0,0,,,,,,0,0,,,,,,1
422,0021800953,628,4,0,4,9:36 PM,4:55,,,Len REBOUND (Off:1 Def:3),,,5,203458,Alex Len,1610612737.0,Atlanta,Hawks,ATL,0,0,,,,,,0,0,,,,,,1
423,0021800953,629,6,2,4,9:36 PM,4:46,Wade S.FOUL (P3.T4) (R.Acosta),,,,,4,2548,Dwyane Wade,1610612748.0,Miami,Heat,MIA,5,203458,Alex Len,1610612737.0,Atlanta,Hawks,ATL,1,0,,,,,,1
424,0021800953,631,3,11,4,9:37 PM,4:46,,,Len Free Throw 1 of 2 (1 PTS),96 - 104,8,5,203458,Alex Len,1610612737.0,Atlanta,Hawks,ATL,0,0,,,,,,0,0,,,,,,0
425,0021800953,639,8,0,4,9:37 PM,4:46,SUB: Richardson FOR Jones Jr.,,,,,4,1627884,Derrick Jones Jr.,1610612748.0,Miami,Heat,MIA,4,1626196,Josh Richardson,1610612748.0,Miami,Heat,MIA,0,0,,,,,,0
426,0021800953,632,3,12,4,9:37 PM,4:46,,,Len Free Throw 2 of 2 (2 PTS),97 - 104,7,5,203458,Alex Len,1610612737.0,Atlanta,Hawks,ATL,0,0,,,,,,0,0,,,,,,0
427,0021800953,633,1,1,4,9:37 PM,4:23,Olynyk 26' 3PT Jump Shot (10 PTS) (Wade 5 AST),,,97 - 107,10,4,203482,Kelly Olynyk,1610612748.0,Miami,Heat,MIA,4,2548,Dwyane Wade,1610612748.0,Miami,Heat,MIA,0,0,,,,,,1
428,0021800953,635,1,79,4,9:38 PM,4:12,,,Adams 19' Pullup Jump Shot (8 PTS),99 - 107,8,5,1629121,Jaylen Adams,1610612737.0,Atlanta,Hawks,ATL,0,0,,,,,,0,0,,,,,,1
429,0021800953,636,6,1,4,9:38 PM,3:59,,,Bazemore P.FOUL (P4.T4) (R.Acosta),,,5,203145,Kent Bazemore,1610612737.0,Atlanta,Hawks,ATL,4,1626196,Josh Richardson,1610612748.0,Miami,Heat,MIA,1,0,,,,,,1
430,0021800953,638,9,1,4,9:40 PM,3:59,HEAT Timeout: Regular (Full 5 Short 0),,,,,2,1610612748,,,,,,0,0,,,,,,0,0,,,,,,0
431,0021800953,641,8,0,4,9:40 PM,3:59,,,SUB: Carter FOR Dedmon,,,5,203473,Dewayne Dedmon,1610612737.0,Atlanta,Hawks,ATL,5,1713,Vince Carter,1610612737.0,Atlanta,Hawks,ATL,0,0,,,,,,0
432,0021800953,642,8,0,4,9:40 PM,3:59,,,SUB: Poythress FOR Len,,,5,203458,Alex Len,1610612737.0,Atlanta,Hawks,ATL,5,1627816,Alex Poythress,1610612737.0,Atlanta,Hawks,ATL,0,0,,,,,,0
433,0021800953,645,2,6,4,9:41 PM,3:50,MISS McGruder 1' Driving Layup,,Poythress BLOCK (1 BLK),,,4,203585,Rodney McGruder,1610612748.0,Miami,Heat,MIA,0,0,,,,,,5,1627816,Alex Poythress,1610612737.0,Atlanta,Hawks,ATL,1
434,0021800953,647,4,0,4,9:41 PM,3:46,,,Carter REBOUND (Off:0 Def:4),,,5,1713,Vince Carter,1610612737.0,Atlanta,Hawks,ATL,0,0,,,,,,0,0,,,,,,1
435,0021800953,648,2,98,4,9:41 PM,3:42,,,MISS Poythress 1' Cutting Layup Shot,,,5,1627816,Alex Poythress,1610612737.0,Atlanta,Hawks,ATL,0,0,,,,,,0,0,,,,,,1
436,0021800953,649,4,0,4,9:41 PM,3:42,Olynyk REBOUND (Off:0 Def:4),,,,,4,203482,Kelly Olynyk,1610612748.0,Miami,Heat,MIA,0,0,,,,,,0,0,,,,,,1
437,0021800953,650,1,80,4,9:41 PM,3:27,Wade 21' Step Back Jump Shot (21 PTS),,,99 - 109,10,4,2548,Dwyane Wade,1610612748.0,Miami,Heat,MIA,0,0,,,,,,0,0,,,,,,1
438,0021800953,651,1,1,4,9:42 PM,3:09,,,Carter 24' 3PT Jump Shot (18 PTS) (Bazemore 3 AST),102 - 109,7,5,1713,Vince Carter,1610612737.0,Atlanta,Hawks,ATL,5,203145,Kent Bazemore,1610612737.0,Atlanta,Hawks,ATL,0,0,,,,,,1
439,0021800953,654,6,1,4,9:42 PM,2:50,,,Adams P.FOUL (P1.PN) (R.Acosta),,,5,1629121,Jaylen Adams,1610612737.0,Atlanta,Hawks,ATL,4,203482,Kelly Olynyk,1610612748.0,Miami,Heat,MIA,1,0,,,,,,1
440,0021800953,656,3,11,4,9:42 PM,2:50,Olynyk Free Throw 1 of 2 (11 PTS),,,102 - 110,8,4,203482,Kelly Olynyk,1610612748.0,Miami,Heat,MIA,0,0,,,,,,0,0,,,,,,0
441,0021800953,657,8,0,4,9:43 PM,2:50,,,SUB: Young FOR Adams,,,5,1629121,Jaylen Adams,1610612737.0,Atlanta,Hawks,ATL,5,1629027,Trae Young,1610612737.0,Atlanta,Hawks,ATL,0,0,,,,,,0
442,0021800953,658,8,0,4,9:43 PM,2:50,,,SUB: Huerter FOR Bazemore,,,5,203145,Kent Bazemore,1610612737.0,Atlanta,Hawks,ATL,5,1628989,Kevin Huerter,1610612737.0,Atlanta,Hawks,ATL,0,0,,,,,,0
443,0021800953,661,3,12,4,9:43 PM,2:50,Olynyk Free Throw 2 of 2 (12 PTS),,,102 - 111,9,4,203482,Kelly Olynyk,1610612748.0,Miami,Heat,MIA,0,0,,,,,,0,0,,,,,,0
444,0021800953,662,1,1,4,9:44 PM,2:35,,,Carter 25' 3PT Jump Shot (21 PTS) (Young 8 AST),105 - 111,6,5,1713,Vince Carter,1610612737.0,Atlanta,Hawks,ATL,5,1629027,Trae Young,1610612737.0,Atlanta,Hawks,ATL,0,0,,,,,,1
445,0021800953,664,2,79,4,9:44 PM,2:14,MISS Wade 16' Pullup Jump Shot,,,,,4,2548,Dwyane Wade,1610612748.0,Miami,Heat,MIA,0,0,,,,,,0,0,,,,,,1
446,0021800953,665,4,0,4,9:44 PM,2:12,,,Huerter REBOUND (Off:0 Def:3),,,5,1628989,Kevin Huerter,1610612737.0,Atlanta,Hawks,ATL,0,0,,,,,,0,0,,,,,,1
447,0021800953,666,6,1,4,9:44 PM,2:04,Winslow P.FOUL (P1.PN) (N.Buchert),,,,,4,1626159,Justise Winslow,1610612748.0,Miami,Heat,MIA,5,1629027,Trae Young,1610612737.0,Atlanta,Hawks,ATL,1,0,,,,,,1
448,0021800953,668,6,11,4,9:45 PM,2:04,Winslow T.FOUL (P1.PN) (N.Buchert),,,,,4,1626159,Justise Winslow,1610612748.0,Miami,Heat,MIA,0,0,,,,,,1,0,,,,,,1
449,0021800953,669,3,16,4,9:45 PM,2:04,,,MISS Young Free Throw Technical,,,5,1629027,Trae Young,1610612737.0,Atlanta,Hawks,ATL,0,0,,,,,,0,0,,,,,,0
450,0021800953,670,4,1,4,9:45 PM,2:04,,,Hawks Rebound,,,3,1610612737,,,,,,0,0,,,,,,0,0,,,,,,0
451,0021800953,671,3,11,4,9:45 PM,2:04,,,Young Free Throw 1 of 2 (11 PTS),106 - 111,5,5,1629027,Trae Young,1610612737.0,Atlanta,Hawks,ATL,0,0,,,,,,0,0,,,,,,0
452,0021800953,672,3,12,4,9:46 PM,2:04,,,Young Free Throw 2 of 2 (12 PTS),107 - 111,4,5,1629027,Trae Young,1610612737.0,Atlanta,Hawks,ATL,0,0,,,,,,0,0,,,,,,0
453,0021800953,673,6,2,4,9:46 PM,1:44,,,Poythress S.FOUL (P2.PN) (N.Buchert),,,5,1627816,Alex Poythress,1610612737.0,Atlanta,Hawks,ATL,4,203585,Rodney McGruder,1610612748.0,Miami,Heat,MIA,1,0,,,,,,1
454,0021800953,675,3,11,4,9:46 PM,1:44,MISS McGruder Free Throw 1 of 2,,,,,4,203585,Rodney McGruder,1610612748.0,Miami,Heat,MIA,0,0,,,,,,0,0,,,,,,0
455,0021800953,676,4,1,4,9:46 PM,1:44,HEAT Rebound,,,,,2,1610612748,,,,,,0,0,,,,,,0,0,,,,,,0
456,0021800953,677,8,0,4,9:47 PM,1:44,SUB: Adebayo FOR Olynyk,,,,,4,203482,Kelly Olynyk,1610612748.0,Miami,Heat,MIA,4,1628389,Bam Adebayo,1610612748.0,Miami,Heat,MIA,0,0,,,,,,0
457,0021800953,679,3,12,4,9:47 PM,1:44,McGruder Free Throw 2 of 2 (7 PTS),,,107 - 112,5,4,203585,Rodney McGruder,1610612748.0,Miami,Heat,MIA,0,0,,,,,,0,0,,,,,,0
458,0021800953,680,1,98,4,9:47 PM,1:37,,,Poythress 2' Cutting Layup Shot (6 PTS) (Bembry 3 AST),109 - 112,3,5,1627816,Alex Poythress,1610612737.0,Atlanta,Hawks,ATL,5,1627761,DeAndre' Bembry,1610612737.0,Atlanta,Hawks,ATL,0,0,,,,,,1
459,0021800953,682,5,45,4,9:47 PM,1:16,Wade Out of Bounds - Bad Pass Turnover Turnover (P4.T18),,,,,4,2548,Dwyane Wade,1610612748.0,Miami,Heat,MIA,0,0,,,,,,1,0,,,,,,1
460,0021800953,683,1,6,4,9:48 PM,1:02,,,Young 1' Driving Layup (14 PTS),111 - 112,1,5,1629027,Trae Young,1610612737.0,Atlanta,Hawks,ATL,0,0,,,,,,0,0,,,,,,1
461,0021800953,684,1,6,4,9:48 PM,0:46,Wade 2' Driving Layup (23 PTS),,,111 - 114,3,4,2548,Dwyane Wade,1610612748.0,Miami,Heat,MIA,0,0,,,,,,0,0,,,,,,1
462,0021800953,685,5,4,4,9:48 PM,0:40,,,Young Traveling Turnover (P8.T14),,,5,1629027,Trae Young,1610612737.0,Atlanta,Hawks,ATL,0,0,,,,,,1,0,,,,,,1
463,0021800953,686,8,0,4,9:48 PM,0:40,SUB: Olynyk FOR Adebayo,,,,,4,1628389,Bam Adebayo,1610612748.0,Miami,Heat,MIA,4,203482,Kelly Olynyk,1610612748.0,Miami,Heat,MIA,0,0,,,,,,0
464,0021800953,688,2,1,4,9:49 PM,0:16,MISS Wade 26' 3PT Jump Shot,,,,,4,2548,Dwyane Wade,1610612748.0,Miami,Heat,MIA,0,0,,,,,,0,0,,,,,,1
465,0021800953,689,4,0,4,9:49 PM,0:15,Olynyk REBOUND (Off:1 Def:4),,,,,4,203482,Kelly Olynyk,1610612748.0,Miami,Heat,MIA,0,0,,,,,,0,0,,,,,,1
466,0021800953,690,2,97,4,9:49 PM,0:14,MISS Olynyk 1' Tip Layup Shot,,,,,4,203482,Kelly Olynyk,1610612748.0,Miami,Heat,MIA,0,0,,,,,,0,0,,,,,,1
467,0021800953,691,4,0,4,9:49 PM,0:13,Richardson REBOUND (Off:1 Def:4),,,,,4,1626196,Josh Richardson,1610612748.0,Miami,Heat,MIA,0,0,,,,,,0,0,,,,,,1
468,0021800953,692,9,1,4,9:50 PM,0:13,HEAT Timeout: Regular (Full 6 Short 0),,,,,2,1610612748,,,,,,0,0,,,,,,0,0,,,,,,0
469,0021800953,695,8,0,4,9:51 PM,0:13,,,SUB: Anderson FOR Huerter,,,5,1628989,Kevin Huerter,1610612737.0,Atlanta,Hawks,ATL,5,1626147,Justin Anderson,1610612737.0,Atlanta,Hawks,ATL,0,0,,,,,,0
470,0021800953,696,8,0,4,9:51 PM,0:13,,,SUB: Bazemore FOR Young,,,5,1629027,Trae Young,1610612737.0,Atlanta,Hawks,ATL,5,203145,Kent Bazemore,1610612737.0,Atlanta,Hawks,ATL,0,0,,,,,,0
471,0021800953,699,5,40,4,9:51 PM,0:10,Olynyk Out of Bounds Lost Ball Turnover (P2.T19),,,,,4,203482,Kelly Olynyk,1610612748.0,Miami,Heat,MIA,0,0,,,,,,1,0,,,,,,1
472,0021800953,701,18,0,4,9:52 PM,0:10,,,,111 - 114,3,0,699,Brent Barry,,,,,0,0,,,,,,1,0,,,,,,0
473,0021800953,702,9,1,4,9:53 PM,0:10,,,Hawks Timeout: Regular (Reg.4 Short 0),,,3,1610612737,,,,,,0,0,,,,,,0,0,,,,,,0
474,0021800953,703,8,0,4,9:53 PM,0:10,SUB: Adebayo FOR Olynyk,,,,,4,203482,Kelly Olynyk,1610612748.0,Miami,Heat,MIA,4,1628389,Bam Adebayo,1610612748.0,Miami,Heat,MIA,0,0,,,,,,0
475,0021800953,704,8,0,4,9:53 PM,0:10,,,SUB: Young FOR Poythress,,,5,1627816,Alex Poythress,1610612737.0,Atlanta,Hawks,ATL,5,1629027,Trae Young,1610612737.0,Atlanta,Hawks,ATL,0,0,,,,,,0
476,0021800953,705,8,0,4,9:53 PM,0:10,,,SUB: Huerter FOR Bembry,,,5,1627761,DeAndre' Bembry,1610612737.0,Atlanta,Hawks,ATL,5,1628989,Kevin Huerter,1610612737.0,Atlanta,Hawks,ATL,0,0,,,,,,0
477,0021800953,706,8,0,4,9:53 PM,0:10,,,SUB: Dedmon FOR Anderson,,,5,1626147,Justin Anderson,1610612737.0,Atlanta,Hawks,ATL,5,203473,Dewayne Dedmon,1610612737.0,Atlanta,Hawks,ATL,0,0,,,,,,0
478,0021800953,711,6,2,4,9:54 PM,0:09,McGruder S.FOUL (P1.PN) (E.Lewis),,,,,4,203585,Rodney McGruder,1610612748.0,Miami,Heat,MIA,5,203145,Kent Bazemore,1610612737.0,Atlanta,Hawks,ATL,1,0,,,,,,1
479,0021800953,713,3,11,4,9:54 PM,0:09,,,Bazemore Free Throw 1 of 2 (17 PTS),112 - 114,2,5,203145,Kent Bazemore,1610612737.0,Atlanta,Hawks,ATL,0,0,,,,,,0,0,,,,,,1
480,0021800953,714,8,0,4,9:54 PM,0:09,,,SUB: Bembry FOR Carter,,,5,1713,Vince Carter,1610612737.0,Atlanta,Hawks,ATL,5,1627761,DeAndre' Bembry,1610612737.0,Atlanta,Hawks,ATL,0,0,,,,,,0
481,0021800953,715,8,0,4,9:54 PM,0:09,,,SUB: Anderson FOR Young,,,5,1629027,Trae Young,1610612737.0,Atlanta,Hawks,ATL,5,1626147,Justin Anderson,1610612737.0,Atlanta,Hawks,ATL,0,0,,,,,,0
482,0021800953,716,8,0,4,9:54 PM,0:09,,,SUB: Poythress FOR Huerter,,,5,1628989,Kevin Huerter,1610612737.0,Atlanta,Hawks,ATL,5,1627816,Alex Poythress,1610612737.0,Atlanta,Hawks,ATL,0,0,,,,,,0
483,0021800953,720,3,12,4,9:55 PM,0:09,,,Bazemore Free Throw 2 of 2 (18 PTS),113 - 114,1,5,203145,Kent Bazemore,1610612737.0,Atlanta,Hawks,ATL,0,0,,,,,,0,0,,,,,,1
484,0021800953,721,13,0,4,9:55 PM,0:00,,,,113 - 114,1,0,0,,,,,,0,0,,,,,,0,0,,,,,,1
