,GAME_ID,EVENTNUM,EVENTMSGTYPE,EVENTMSGACTIONTYPE,PERIOD,WCTIMESTRING,PCTIMESTRING,HOMEDESCRIPTION,NEUTRALDESCRIPTION,VISITORDESCRIPTION,SCORE,SCOREMARGIN,PERSON1TYPE,PLAYER1_ID,PLAYER1_NAME,PLAYER1_TEAM_ID,PLAYER1_TEAM_CITY,PLAYER1_TEAM_NICKNAME,PLAYER1_TEAM_ABBREVIATION,PERSON2TYPE,PLAYER2_ID,PLAYER2_NAME,PLAYER2_TEAM_ID,PLAYER2_TEAM_CITY,PLAYER2_TEAM_NICKNAME,PLAYER2_TEAM_ABBREVIATION,PERSON3TYPE,PLAYER3_ID,PLAYER3_NAME,PLAYER3_TEAM_ID,PLAYER3_TEAM_CITY,PLAYER3_TEAM_NICKNAME,PLAYER3_TEAM_ABBREVIATION,VIDEO_AVAILABLE_FLAG
0,0021600042,0,12,0,1,7:41 PM,12:00,,,,,,0.0,0,,,,,,0,0,,,,,,0,0,,,,,,0
1,0021600042,1,10,0,1,7:41 PM,12:00,Jump Ball Valanciunas vs. Nurkic: Tip to,,,,,4.0,202685,Jonas Valanciunas,1610612761.0,Toronto,Raptors,TOR,5,203994,Jusuf Nurkic,1610612743.0,Denver,Nuggets,DEN,2,1610612761,,,,,,1
2,0021600042,3,2,1,1,7:41 PM,11:43,MISS Valanciunas 15' Jump Shot,,,,,4.0,202685,Jonas Valanciunas,1610612761.0,Toronto,Raptors,TOR,0,0,,,,,,0,0,,,,,,1
3,0021600042,4,4,0,1,7:41 PM,11:43,,,Mudiay REBOUND (Off:0 Def:1),,,5.0,1626144,Emmanuel Mudiay,1610612743.0,Denver,Nuggets,DEN,0,0,,,,,,0,0,,,,,,1
4,0021600042,5,6,1,1,7:42 PM,11:33,Lowry P.FOUL (P1.T1) (G.Zielinski),,,,,4.0,200768,Kyle Lowry,1610612761.0,Toronto,Raptors,TOR,5,1626144,Emmanuel Mudiay,1610612743.0,Denver,Nuggets,DEN,1,0,,,,,,1
5,0021600042,6,2,79,1,7:42 PM,11:17,,,MISS Mudiay 20' Pullup Jump Shot,,,5.0,1626144,Emmanuel Mudiay,1610612743.0,Denver,Nuggets,DEN,0,0,,,,,,0,0,,,,,,1
6,0021600042,7,4,0,1,7:42 PM,11:17,DeRozan REBOUND (Off:0 Def:1),,,,,4.0,201942,DeMar DeRozan,1610612761.0,Toronto,Raptors,TOR,0,0,,,,,,0,0,,,,,,1
7,0021600042,8,1,52,1,7:43 PM,11:01,Valanciunas  Alley Oop Dunk (2 PTS) (Lowry 1 AST),,,0 - 2,2,4.0,202685,Jonas Valanciunas,1610612761.0,Toronto,Raptors,TOR,4,200768,Kyle Lowry,1610612761.0,Toronto,Raptors,TOR,0,0,,,,,,1
8,0021600042,9,6,1,1,7:43 PM,10:51,Valanciunas P.FOUL (P1.T2) (M.McCutchen),,,,,4.0,202685,Jonas Valanciunas,1610612761.0,Toronto,Raptors,TOR,5,203994,Jusuf Nurkic,1610612743.0,Denver,Nuggets,DEN,1,0,,,,,,1
9,0021600042,10,2,67,1,7:43 PM,10:46,,,MISS Nurkic 3' Hook Bank Shot,,,5.0,203994,Jusuf Nurkic,1610612743.0,Denver,Nuggets,DEN,0,0,,,,,,0,0,,,,,,1
10,0021600042,11,4,0,1,7:43 PM,10:45,Siakam REBOUND (Off:0 Def:1),,,,,4.0,1627783,Pascal Siakam,1610612761.0,Toronto,Raptors,TOR,0,0,,,,,,0,0,,,,,,1
11,0021600042,12,1,1,1,7:43 PM,10:31,Valanciunas 21' Jump Shot (4 PTS) (Lowry 2 AST),,,0 - 4,4,4.0,202685,Jonas Valanciunas,1610612761.0,Toronto,Raptors,TOR,4,200768,Kyle Lowry,1610612761.0,Toronto,Raptors,TOR,0,0,,,,,,1
12,0021600042,13,1,57,1,7:44 PM,10:16,,,Jokic 4' Driving Hook Shot (2 PTS) (Gallinari 1 AST),2 - 4,2,5.0,203999,Nikola Jokic,1610612743.0,Denver,Nuggets,DEN,5,201568,Danilo Gallinari,1610612743.0,Denver,Nuggets,DEN,0,0,,,,,,1
13,0021600042,14,2,101,1,7:44 PM,9:58,MISS Siakam 5' Driving Floating Jump Shot,,Nurkic BLOCK (1 BLK),,,4.0,1627783,Pascal Siakam,1610612761.0,Toronto,Raptors,TOR,0,0,,,,,,5,203994,Jusuf Nurkic,1610612743.0,Denver,Nuggets,DEN,1
14,0021600042,15,4,0,1,7:44 PM,9:57,,,Jokic REBOUND (Off:0 Def:1),,,5.0,203999,Nikola Jokic,1610612743.0,Denver,Nuggets,DEN,0,0,,,,,,0,0,,,,,,1
15,0021600042,16,1,46,1,7:44 PM,9:51,,,Mudiay 26' 3PT Running Jump Shot (3 PTS) (Barton 1 AST),5 - 4,-1,5.0,1626144,Emmanuel Mudiay,1610612743.0,Denver,Nuggets,DEN,5,203115,Will Barton,1610612743.0,Denver,Nuggets,DEN,0,0,,,,,,1
16,0021600042,17,1,79,1,7:44 PM,9:38,DeRozan 11' Pullup Jump Shot (2 PTS) (Lowry 3 AST),,,5 - 6,1,4.0,201942,DeMar DeRozan,1610612761.0,Toronto,Raptors,TOR,4,200768,Kyle Lowry,1610612761.0,Toronto,Raptors,TOR,0,0,,,,,,1
17,0021600042,18,1,40,1,7:44 PM,9:29,,,Jokic 2' Layup (4 PTS) (Nurkic 1 AST),7 - 6,-1,5.0,203999,Nikola Jokic,1610612743.0,Denver,Nuggets,DEN,5,203994,Jusuf Nurkic,1610612743.0,Denver,Nuggets,DEN,0,0,,,,,,1
18,0021600042,19,6,17,1,7:45 PM,9:17,,,Nuggets T.Foul (Def. 3 Sec Jokic ) (G.Zielinski),,,5.0,203999,Nikola Jokic,1610612743.0,Denver,Nuggets,DEN,0,0,,,,,,1,0,,,,,,1
19,0021600042,20,3,16,1,7:45 PM,9:17,DeRozan Free Throw Technical (3 PTS),,,7 - 7,TIE,4.0,201942,DeMar DeRozan,1610612761.0,Toronto,Raptors,TOR,0,0,,,,,,0,0,,,,,,0
20,0021600042,22,6,17,1,7:45 PM,9:10,,,Nuggets T.Foul (Def. 3 Sec Nurkic ) (G.Zielinski),,,5.0,203994,Jusuf Nurkic,1610612743.0,Denver,Nuggets,DEN,0,0,,,,,,1,0,,,,,,1
21,0021600042,23,3,16,1,7:46 PM,9:10,DeRozan Free Throw Technical (4 PTS),,,7 - 8,1,4.0,201942,DeMar DeRozan,1610612761.0,Toronto,Raptors,TOR,0,0,,,,,,0,0,,,,,,0
22,0021600042,25,2,79,1,7:46 PM,9:02,MISS DeRozan 13' Pullup Jump Shot,,Barton BLOCK (1 BLK),,,4.0,201942,DeMar DeRozan,1610612761.0,Toronto,Raptors,TOR,0,0,,,,,,5,203115,Will Barton,1610612743.0,Denver,Nuggets,DEN,1
23,0021600042,26,4,0,1,7:46 PM,9:01,,,Mudiay REBOUND (Off:0 Def:2),,,5.0,1626144,Emmanuel Mudiay,1610612743.0,Denver,Nuggets,DEN,0,0,,,,,,0,0,,,,,,1
24,0021600042,27,1,41,1,7:46 PM,8:57,,,Barton 2' Running Layup (2 PTS) (Mudiay 1 AST),9 - 8,-1,5.0,203115,Will Barton,1610612743.0,Denver,Nuggets,DEN,5,1626144,Emmanuel Mudiay,1610612743.0,Denver,Nuggets,DEN,0,0,,,,,,1
25,0021600042,28,2,5,1,7:46 PM,8:47,MISS Valanciunas 3' Layup,,Nurkic BLOCK (2 BLK),,,4.0,202685,Jonas Valanciunas,1610612761.0,Toronto,Raptors,TOR,0,0,,,,,,5,203994,Jusuf Nurkic,1610612743.0,Denver,Nuggets,DEN,1
26,0021600042,29,4,0,1,7:46 PM,8:46,,,Nurkic REBOUND (Off:0 Def:1),,,5.0,203994,Jusuf Nurkic,1610612743.0,Denver,Nuggets,DEN,0,0,,,,,,0,0,,,,,,1
27,0021600042,30,6,2,1,7:46 PM,8:41,Siakam S.FOUL (P1.T3) (A.Smith),,,,,4.0,1627783,Pascal Siakam,1610612761.0,Toronto,Raptors,TOR,5,203994,Jusuf Nurkic,1610612743.0,Denver,Nuggets,DEN,1,0,,,,,,1
28,0021600042,31,3,11,1,7:47 PM,8:41,,,Nurkic Free Throw 1 of 2 (1 PTS),10 - 8,-2,5.0,203994,Jusuf Nurkic,1610612743.0,Denver,Nuggets,DEN,0,0,,,,,,0,0,,,,,,0
29,0021600042,33,3,12,1,7:47 PM,8:41,,,MISS Nurkic Free Throw 2 of 2,,,5.0,203994,Jusuf Nurkic,1610612743.0,Denver,Nuggets,DEN,0,0,,,,,,0,0,,,,,,0
30,0021600042,35,4,0,1,7:47 PM,8:40,Carroll REBOUND (Off:0 Def:1),,,,,4.0,201960,DeMarre Carroll,1610612761.0,Toronto,Raptors,TOR,0,0,,,,,,0,0,,,,,,1
31,0021600042,36,1,102,1,7:47 PM,8:24,Carroll 5' Driving Floating Bank Jump Shot (2 PTS) (Valanciunas 1 AST),,,10 - 10,TIE,4.0,201960,DeMarre Carroll,1610612761.0,Toronto,Raptors,TOR,4,202685,Jonas Valanciunas,1610612761.0,Toronto,Raptors,TOR,0,0,,,,,,1
32,0021600042,37,2,1,1,7:48 PM,7:59,,,MISS Nurkic 21' Jump Shot,,,5.0,203994,Jusuf Nurkic,1610612743.0,Denver,Nuggets,DEN,0,0,,,,,,0,0,,,,,,1
33,0021600042,38,4,0,1,7:48 PM,7:59,Siakam REBOUND (Off:0 Def:2),,,,,4.0,1627783,Pascal Siakam,1610612761.0,Toronto,Raptors,TOR,0,0,,,,,,0,0,,,,,,1
34,0021600042,39,1,3,1,7:48 PM,7:49,Siakam 4' Hook Shot (2 PTS) (Lowry 4 AST),,,10 - 12,2,4.0,1627783,Pascal Siakam,1610612761.0,Toronto,Raptors,TOR,4,200768,Kyle Lowry,1610612761.0,Toronto,Raptors,TOR,0,0,,,,,,1
35,0021600042,40,6,1,1,7:48 PM,7:41,Carroll P.FOUL (P1.T4) (A.Smith),,,,,4.0,201960,DeMarre Carroll,1610612761.0,Toronto,Raptors,TOR,5,201568,Danilo Gallinari,1610612743.0,Denver,Nuggets,DEN,1,0,,,,,,1
36,0021600042,41,5,2,1,7:48 PM,7:38,Lowry STEAL (1 STL),,Mudiay Lost Ball Turnover (P1.T1),,,5.0,1626144,Emmanuel Mudiay,1610612743.0,Denver,Nuggets,DEN,4,200768,Kyle Lowry,1610612761.0,Toronto,Raptors,TOR,0,0,,,,,,1
37,0021600042,42,1,41,1,7:48 PM,7:34,Lowry 1' Running Layup (2 PTS),,,10 - 14,4,4.0,200768,Kyle Lowry,1610612761.0,Toronto,Raptors,TOR,0,0,,,,,,0,0,,,,,,1
38,0021600042,43,1,79,1,7:49 PM,7:14,,,Barton 24' 3PT Pullup Jump Shot (5 PTS),13 - 14,1,5.0,203115,Will Barton,1610612743.0,Denver,Nuggets,DEN,0,0,,,,,,0,0,,,,,,1
39,0021600042,44,1,42,1,7:49 PM,6:47,Valanciunas 2' Driving Layup (6 PTS),,,13 - 16,3,4.0,202685,Jonas Valanciunas,1610612761.0,Toronto,Raptors,TOR,0,0,,,,,,0,0,,,,,,1
40,0021600042,45,2,73,1,7:49 PM,6:37,,,MISS Barton 1' Driving Reverse Layup,,,5.0,203115,Will Barton,1610612743.0,Denver,Nuggets,DEN,0,0,,,,,,0,0,,,,,,1
41,0021600042,46,4,0,1,7:49 PM,6:36,,,Jokic REBOUND (Off:1 Def:1),,,5.0,203999,Nikola Jokic,1610612743.0,Denver,Nuggets,DEN,0,0,,,,,,0,0,,,,,,1
42,0021600042,47,1,97,1,7:49 PM,6:34,,,Jokic 2' Tip Layup Shot (6 PTS),15 - 16,1,5.0,203999,Nikola Jokic,1610612743.0,Denver,Nuggets,DEN,0,0,,,,,,0,0,,,,,,1
43,0021600042,48,1,101,1,7:50 PM,6:26,DeRozan 4' Driving Floating Jump Shot (6 PTS),,,15 - 18,3,4.0,201942,DeMar DeRozan,1610612761.0,Toronto,Raptors,TOR,0,0,,,,,,0,0,,,,,,1
44,0021600042,49,9,1,1,7:50 PM,6:25,,,Nuggets Timeout: Regular (Reg.1 Short 0),,,3.0,1610612743,,,,,,0,0,,,,,,0,0,,,,,,0
45,0021600042,53,2,101,1,7:52 PM,6:11,,,MISS Barton 5' Driving Floating Jump Shot,,,5.0,203115,Will Barton,1610612743.0,Denver,Nuggets,DEN,0,0,,,,,,0,0,,,,,,1
46,0021600042,54,4,0,1,7:52 PM,6:10,DeRozan REBOUND (Off:0 Def:2),,,,,4.0,201942,DeMar DeRozan,1610612761.0,Toronto,Raptors,TOR,0,0,,,,,,0,0,,,,,,1
47,0021600042,55,2,63,1,7:53 PM,5:51,MISS Valanciunas 13' Fadeaway Jumper,,,,,4.0,202685,Jonas Valanciunas,1610612761.0,Toronto,Raptors,TOR,0,0,,,,,,0,0,,,,,,1
48,0021600042,56,4,0,1,7:53 PM,5:51,,,Nurkic REBOUND (Off:0 Def:2),,,5.0,203994,Jusuf Nurkic,1610612743.0,Denver,Nuggets,DEN,0,0,,,,,,0,0,,,,,,1
49,0021600042,57,1,103,1,7:53 PM,5:43,,,Mudiay 17' Running Pull-Up Jump Shot (5 PTS),17 - 18,1,5.0,1626144,Emmanuel Mudiay,1610612743.0,Denver,Nuggets,DEN,0,0,,,,,,0,0,,,,,,1
50,0021600042,58,1,44,1,7:53 PM,5:25,Carroll 2' Reverse Layup (4 PTS) (Lowry 5 AST),,,17 - 20,3,4.0,201960,DeMarre Carroll,1610612761.0,Toronto,Raptors,TOR,4,200768,Kyle Lowry,1610612761.0,Toronto,Raptors,TOR,0,0,,,,,,1
51,0021600042,59,2,5,1,7:53 PM,5:11,,,MISS Jokic 2' Layup,,,5.0,203999,Nikola Jokic,1610612743.0,Denver,Nuggets,DEN,0,0,,,,,,0,0,,,,,,1
52,0021600042,60,4,0,1,7:53 PM,5:11,Siakam REBOUND (Off:0 Def:3),,,,,4.0,1627783,Pascal Siakam,1610612761.0,Toronto,Raptors,TOR,0,0,,,,,,0,0,,,,,,1
53,0021600042,61,2,78,1,7:54 PM,5:02,MISS Lowry 19' Floating Jump Shot,,,,,4.0,200768,Kyle Lowry,1610612761.0,Toronto,Raptors,TOR,0,0,,,,,,0,0,,,,,,1
54,0021600042,62,4,0,1,7:54 PM,5:02,Siakam REBOUND (Off:1 Def:3),,,,,4.0,1627783,Pascal Siakam,1610612761.0,Toronto,Raptors,TOR,0,0,,,,,,0,0,,,,,,1
55,0021600042,63,2,97,1,7:54 PM,5:00,MISS Siakam 1' Tip Layup Shot,,,,,4.0,1627783,Pascal Siakam,1610612761.0,Toronto,Raptors,TOR,0,0,,,,,,0,0,,,,,,1
56,0021600042,64,4,0,1,7:54 PM,4:59,DeRozan REBOUND (Off:1 Def:2),,,,,4.0,201942,DeMar DeRozan,1610612761.0,Toronto,Raptors,TOR,0,0,,,,,,0,0,,,,,,1
57,0021600042,65,2,1,1,7:54 PM,4:51,MISS Siakam 15' Jump Shot,,,,,4.0,1627783,Pascal Siakam,1610612761.0,Toronto,Raptors,TOR,0,0,,,,,,0,0,,,,,,1
58,0021600042,66,4,0,1,7:54 PM,4:51,Valanciunas REBOUND (Off:1 Def:0),,,,,4.0,202685,Jonas Valanciunas,1610612761.0,Toronto,Raptors,TOR,0,0,,,,,,0,0,,,,,,1
59,0021600042,67,1,1,1,7:54 PM,4:43,Carroll 25' 3PT Jump Shot (7 PTS) (DeRozan 1 AST),,,17 - 23,6,4.0,201960,DeMarre Carroll,1610612761.0,Toronto,Raptors,TOR,4,201942,DeMar DeRozan,1610612761.0,Toronto,Raptors,TOR,0,0,,,,,,1
60,0021600042,68,2,101,1,7:54 PM,4:27,,,MISS Mudiay 4' Driving Floating Jump Shot,,,5.0,1626144,Emmanuel Mudiay,1610612743.0,Denver,Nuggets,DEN,0,0,,,,,,0,0,,,,,,1
61,0021600042,69,4,0,1,7:54 PM,4:27,RAPTORS Rebound,,,,,2.0,1610612761,,,,,,0,0,,,,,,0,0,,,,,,0
62,0021600042,70,8,0,1,7:54 PM,4:27,,,SUB: Chandler FOR Jokic,,,5.0,203999,Nikola Jokic,1610612743.0,Denver,Nuggets,DEN,5,201163,Wilson Chandler,1610612743.0,Denver,Nuggets,DEN,0,0,,,,,,0
63,0021600042,71,8,0,1,7:54 PM,4:27,,,SUB: Faried FOR Nurkic,,,5.0,203994,Jusuf Nurkic,1610612743.0,Denver,Nuggets,DEN,5,202702,Kenneth Faried,1610612743.0,Denver,Nuggets,DEN,0,0,,,,,,0
64,0021600042,72,1,79,1,7:55 PM,4:11,DeRozan 18' Pullup Jump Shot (8 PTS),,,17 - 25,8,4.0,201942,DeMar DeRozan,1610612761.0,Toronto,Raptors,TOR,0,0,,,,,,0,0,,,,,,1
65,0021600042,73,9,1,1,7:55 PM,4:10,,,Nuggets Timeout: Regular (Reg.2 Short 0),,,3.0,1610612743,,,,,,0,0,,,,,,0,0,,,,,,0
66,0021600042,75,8,0,1,7:57 PM,4:10,SUB: Patterson FOR Siakam,,,,,4.0,1627783,Pascal Siakam,1610612761.0,Toronto,Raptors,TOR,4,202335,Patrick Patterson,1610612761.0,Toronto,Raptors,TOR,0,0,,,,,,0
67,0021600042,77,2,5,1,7:58 PM,3:51,Patterson BLOCK (1 BLK),,MISS Mudiay 2' Layup,,,5.0,1626144,Emmanuel Mudiay,1610612743.0,Denver,Nuggets,DEN,0,0,,,,,,4,202335,Patrick Patterson,1610612761.0,Toronto,Raptors,TOR,1
68,0021600042,78,4,0,1,7:58 PM,3:48,Valanciunas REBOUND (Off:1 Def:1),,,,,4.0,202685,Jonas Valanciunas,1610612761.0,Toronto,Raptors,TOR,0,0,,,,,,0,0,,,,,,1
69,0021600042,79,1,41,1,7:58 PM,3:44,Lowry 3' Running Layup (4 PTS),,,17 - 27,10,4.0,200768,Kyle Lowry,1610612761.0,Toronto,Raptors,TOR,0,0,,,,,,0,0,,,,,,1
70,0021600042,80,2,1,1,7:58 PM,3:31,,,MISS Chandler 25' 3PT Jump Shot,,,5.0,201163,Wilson Chandler,1610612743.0,Denver,Nuggets,DEN,0,0,,,,,,0,0,,,,,,1
71,0021600042,81,4,0,1,7:58 PM,3:31,Lowry REBOUND (Off:0 Def:1),,,,,4.0,200768,Kyle Lowry,1610612761.0,Toronto,Raptors,TOR,0,0,,,,,,0,0,,,,,,1
72,0021600042,82,2,79,1,7:58 PM,3:05,MISS Carroll 12' Pullup Jump Shot,,,,,4.0,201960,DeMarre Carroll,1610612761.0,Toronto,Raptors,TOR,0,0,,,,,,0,0,,,,,,1
73,0021600042,83,4,0,1,7:58 PM,3:05,,,Faried REBOUND (Off:0 Def:1),,,5.0,202702,Kenneth Faried,1610612743.0,Denver,Nuggets,DEN,0,0,,,,,,0,0,,,,,,1
74,0021600042,85,8,0,1,7:59 PM,2:58,,,SUB: Nelson FOR Mudiay,,,5.0,1626144,Emmanuel Mudiay,1610612743.0,Denver,Nuggets,DEN,5,2749,Jameer Nelson,1610612743.0,Denver,Nuggets,DEN,0,0,,,,,,0
75,0021600042,86,8,0,1,7:59 PM,2:58,SUB: Joseph FOR Lowry,,,,,4.0,200768,Kyle Lowry,1610612761.0,Toronto,Raptors,TOR,4,202709,Cory Joseph,1610612761.0,Toronto,Raptors,TOR,0,0,,,,,,0
76,0021600042,87,6,2,1,7:59 PM,2:49,Joseph S.FOUL (P1.PN) (G.Zielinski),,,,,4.0,202709,Cory Joseph,1610612761.0,Toronto,Raptors,TOR,5,201568,Danilo Gallinari,1610612743.0,Denver,Nuggets,DEN,1,0,,,,,,1
77,0021600042,88,3,11,1,7:59 PM,2:49,,,Gallinari Free Throw 1 of 2 (1 PTS),18 - 27,9,5.0,201568,Danilo Gallinari,1610612743.0,Denver,Nuggets,DEN,0,0,,,,,,0,0,,,,,,0
78,0021600042,90,3,12,1,8:00 PM,2:49,,,Gallinari Free Throw 2 of 2 (2 PTS),19 - 27,8,5.0,201568,Danilo Gallinari,1610612743.0,Denver,Nuggets,DEN,0,0,,,,,,0,0,,,,,,0
79,0021600042,92,1,79,1,8:00 PM,2:28,DeRozan 18' Pullup Jump Shot (10 PTS),,,19 - 29,10,4.0,201942,DeMar DeRozan,1610612761.0,Toronto,Raptors,TOR,0,0,,,,,,0,0,,,,,,1
80,0021600042,93,2,63,1,8:00 PM,2:10,,,MISS Gallinari 16' Fadeaway Jumper,,,5.0,201568,Danilo Gallinari,1610612743.0,Denver,Nuggets,DEN,0,0,,,,,,0,0,,,,,,1
81,0021600042,94,4,0,1,8:00 PM,2:10,,,Faried REBOUND (Off:1 Def:1),,,5.0,202702,Kenneth Faried,1610612743.0,Denver,Nuggets,DEN,0,0,,,,,,0,0,,,,,,1
82,0021600042,95,6,2,1,8:01 PM,2:08,Valanciunas S.FOUL (P2.PN) (A.Smith),,,,,4.0,202685,Jonas Valanciunas,1610612761.0,Toronto,Raptors,TOR,5,202702,Kenneth Faried,1610612743.0,Denver,Nuggets,DEN,1,0,,,,,,1
83,0021600042,96,3,11,1,8:01 PM,2:08,,,Faried Free Throw 1 of 2 (1 PTS),20 - 29,9,5.0,202702,Kenneth Faried,1610612743.0,Denver,Nuggets,DEN,0,0,,,,,,0,0,,,,,,0
84,0021600042,98,8,0,1,8:01 PM,2:08,SUB: Ross FOR Carroll,,,,,4.0,201960,DeMarre Carroll,1610612761.0,Toronto,Raptors,TOR,4,203082,Terrence Ross,1610612761.0,Toronto,Raptors,TOR,0,0,,,,,,0
85,0021600042,99,8,0,1,8:01 PM,2:08,SUB: Poeltl FOR Valanciunas,,,,,4.0,202685,Jonas Valanciunas,1610612761.0,Toronto,Raptors,TOR,4,1627751,Jakob Poeltl,1610612761.0,Toronto,Raptors,TOR,0,0,,,,,,0
86,0021600042,100,3,12,1,8:01 PM,2:08,,,Faried Free Throw 2 of 2 (2 PTS),21 - 29,8,5.0,202702,Kenneth Faried,1610612743.0,Denver,Nuggets,DEN,0,0,,,,,,0,0,,,,,,0
87,0021600042,103,2,79,1,8:02 PM,1:51,MISS DeRozan 19' Pullup Jump Shot,,,,,4.0,201942,DeMar DeRozan,1610612761.0,Toronto,Raptors,TOR,0,0,,,,,,0,0,,,,,,1
88,0021600042,104,4,0,1,8:02 PM,1:51,Joseph REBOUND (Off:1 Def:0),,,,,4.0,202709,Cory Joseph,1610612761.0,Toronto,Raptors,TOR,0,0,,,,,,0,0,,,,,,1
89,0021600042,107,1,1,1,8:03 PM,1:34,DeRozan 7' Jump Shot (12 PTS),,,21 - 31,10,4.0,201942,DeMar DeRozan,1610612761.0,Toronto,Raptors,TOR,0,0,,,,,,0,0,,,,,,1
90,0021600042,108,1,79,1,8:03 PM,1:22,,,Nelson 26' 3PT Pullup Jump Shot (3 PTS),24 - 31,7,5.0,2749,Jameer Nelson,1610612743.0,Denver,Nuggets,DEN,0,0,,,,,,0,0,,,,,,1
91,0021600042,109,1,79,1,8:03 PM,1:05,DeRozan 11' Pullup Jump Shot (14 PTS),,,24 - 33,9,4.0,201942,DeMar DeRozan,1610612761.0,Toronto,Raptors,TOR,0,0,,,,,,0,0,,,,,,1
92,0021600042,110,2,98,1,8:03 PM,0:55,,,MISS Faried 2' Cutting Layup Shot,,,5.0,202702,Kenneth Faried,1610612743.0,Denver,Nuggets,DEN,0,0,,,,,,0,0,,,,,,1
93,0021600042,111,4,0,1,8:03 PM,0:54,Poeltl REBOUND (Off:0 Def:1),,,,,4.0,1627751,Jakob Poeltl,1610612761.0,Toronto,Raptors,TOR,0,0,,,,,,0,0,,,,,,1
94,0021600042,112,2,79,1,8:04 PM,0:32,MISS Joseph 21' Pullup Jump Shot,,,,,4.0,202709,Cory Joseph,1610612761.0,Toronto,Raptors,TOR,0,0,,,,,,0,0,,,,,,1
95,0021600042,113,4,0,1,8:04 PM,0:32,RAPTORS Rebound,,,,,2.0,1610612761,,,,,,0,0,,,,,,0,0,,,,,,0
96,0021600042,114,8,0,1,8:04 PM,0:30,,,SUB: Jokic FOR Gallinari,,,5.0,201568,Danilo Gallinari,1610612743.0,Denver,Nuggets,DEN,5,203999,Nikola Jokic,1610612743.0,Denver,Nuggets,DEN,0,0,,,,,,0
97,0021600042,115,2,1,1,8:04 PM,0:27,MISS Ross 25' 3PT Jump Shot,,,,,4.0,203082,Terrence Ross,1610612761.0,Toronto,Raptors,TOR,0,0,,,,,,0,0,,,,,,1
98,0021600042,116,4,0,1,8:04 PM,0:27,,,Chandler REBOUND (Off:0 Def:1),,,5.0,201163,Wilson Chandler,1610612743.0,Denver,Nuggets,DEN,0,0,,,,,,0,0,,,,,,1
99,0021600042,117,5,4,1,8:05 PM,0:03,,,Jokic Traveling Turnover (P1.T2),,,5.0,203999,Nikola Jokic,1610612743.0,Denver,Nuggets,DEN,0,0,,,,,,1,0,,,,,,1
100,0021600042,119,2,101,1,8:05 PM,0:00,MISS DeRozan 36' 3PT Driving Floating Jump Shot,,,,,4.0,201942,DeMar DeRozan,1610612761.0,Toronto,Raptors,TOR,0,0,,,,,,0,0,,,,,,1
101,0021600042,120,4,0,1,8:05 PM,0:00,RAPTORS Rebound,,,,,2.0,1610612761,,,,,,0,0,,,,,,0,0,,,,,,0
102,0021600042,121,13,0,1,8:05 PM,0:00,,,,24 - 33,9,0.0,0,,,,,,0,0,,,,,,0,0,,,,,,0
103,0021600042,123,12,0,2,8:08 PM,12:00,,,,24 - 33,9,0.0,0,,,,,,0,0,,,,,,0,0,,,,,,0
104,0021600042,124,2,1,2,8:08 PM,11:41,,,MISS Nelson 27' 3PT Jump Shot,,,5.0,2749,Jameer Nelson,1610612743.0,Denver,Nuggets,DEN,0,0,,,,,,0,0,,,,,,1
105,0021600042,125,4,0,2,8:08 PM,11:40,Ross REBOUND (Off:0 Def:1),,,,,4.0,203082,Terrence Ross,1610612761.0,Toronto,Raptors,TOR,0,0,,,,,,0,0,,,,,,1
106,0021600042,126,1,1,2,8:08 PM,11:26,Ross 26' 3PT Jump Shot (3 PTS) (Joseph 1 AST),,,24 - 36,12,4.0,203082,Terrence Ross,1610612761.0,Toronto,Raptors,TOR,4,202709,Cory Joseph,1610612761.0,Toronto,Raptors,TOR,0,0,,,,,,1
107,0021600042,127,2,79,2,8:09 PM,11:00,,,MISS Murray 12' Pullup Jump Shot,,,5.0,1627750,Jamal Murray,1610612743.0,Denver,Nuggets,DEN,0,0,,,,,,0,0,,,,,,1
108,0021600042,128,4,0,2,8:09 PM,10:59,Poeltl REBOUND (Off:0 Def:2),,,,,4.0,1627751,Jakob Poeltl,1610612761.0,Toronto,Raptors,TOR,0,0,,,,,,0,0,,,,,,1
109,0021600042,129,2,43,2,8:09 PM,10:48,MISS Poeltl 3' Alley Oop Layup,,,,,4.0,1627751,Jakob Poeltl,1610612761.0,Toronto,Raptors,TOR,0,0,,,,,,0,0,,,,,,1
110,0021600042,130,4,0,2,8:09 PM,10:48,,,Nelson REBOUND (Off:0 Def:1),,,5.0,2749,Jameer Nelson,1610612743.0,Denver,Nuggets,DEN,0,0,,,,,,0,0,,,,,,1
111,0021600042,131,6,1,2,8:09 PM,10:38,Patterson P.FOUL (P1.T1) (M.McCutchen),,,,,4.0,202335,Patrick Patterson,1610612761.0,Toronto,Raptors,TOR,5,203999,Nikola Jokic,1610612743.0,Denver,Nuggets,DEN,1,0,,,,,,1
112,0021600042,132,2,80,2,8:10 PM,10:26,,,MISS Jokic 25' 3PT Step Back Jump Shot,,,5.0,203999,Nikola Jokic,1610612743.0,Denver,Nuggets,DEN,0,0,,,,,,0,0,,,,,,1
113,0021600042,133,4,0,2,8:10 PM,10:26,Poeltl REBOUND (Off:0 Def:3),,,,,4.0,1627751,Jakob Poeltl,1610612761.0,Toronto,Raptors,TOR,0,0,,,,,,0,0,,,,,,1
114,0021600042,134,1,79,2,8:10 PM,10:16,Joseph 10' Pullup Jump Shot (2 PTS),,,24 - 38,14,4.0,202709,Cory Joseph,1610612761.0,Toronto,Raptors,TOR,0,0,,,,,,0,0,,,,,,1
115,0021600042,135,6,2,2,8:10 PM,10:02,Ross S.FOUL (P1.T2) (M.McCutchen),,,,,4.0,203082,Terrence Ross,1610612761.0,Toronto,Raptors,TOR,5,201163,Wilson Chandler,1610612743.0,Denver,Nuggets,DEN,1,0,,,,,,1
116,0021600042,136,3,11,2,8:10 PM,10:02,,,Chandler Free Throw 1 of 2 (1 PTS),25 - 38,13,5.0,201163,Wilson Chandler,1610612743.0,Denver,Nuggets,DEN,0,0,,,,,,0,0,,,,,,0
117,0021600042,138,3,12,2,8:11 PM,10:02,,,Chandler Free Throw 2 of 2 (2 PTS),26 - 38,12,5.0,201163,Wilson Chandler,1610612743.0,Denver,Nuggets,DEN,0,0,,,,,,0,0,,,,,,0
118,0021600042,140,6,2,2,8:11 PM,9:50,,,Chandler S.FOUL (P1.T1) (M.McCutchen),,,5.0,201163,Wilson Chandler,1610612743.0,Denver,Nuggets,DEN,4,203082,Terrence Ross,1610612761.0,Toronto,Raptors,TOR,1,0,,,,,,1
119,0021600042,141,3,11,2,8:11 PM,9:50,Ross Free Throw 1 of 2 (4 PTS),,,26 - 39,13,4.0,203082,Terrence Ross,1610612761.0,Toronto,Raptors,TOR,0,0,,,,,,0,0,,,,,,0
120,0021600042,143,3,12,2,8:12 PM,9:50,Ross Free Throw 2 of 2 (5 PTS),,,26 - 40,14,4.0,203082,Terrence Ross,1610612761.0,Toronto,Raptors,TOR,0,0,,,,,,0,0,,,,,,0
121,0021600042,145,6,1,2,8:12 PM,9:36,Ross P.FOUL (P2.T3) (A.Smith),,,,,4.0,203082,Terrence Ross,1610612761.0,Toronto,Raptors,TOR,5,201163,Wilson Chandler,1610612743.0,Denver,Nuggets,DEN,1,0,,,,,,1
122,0021600042,146,2,1,2,8:12 PM,9:28,,,MISS Chandler 26' 3PT Jump Shot,,,5.0,201163,Wilson Chandler,1610612743.0,Denver,Nuggets,DEN,0,0,,,,,,0,0,,,,,,1
123,0021600042,147,4,0,2,8:12 PM,9:27,Joseph REBOUND (Off:1 Def:1),,,,,4.0,202709,Cory Joseph,1610612761.0,Toronto,Raptors,TOR,0,0,,,,,,0,0,,,,,,1
124,0021600042,148,1,79,2,8:13 PM,9:17,Ross 21' Pullup Jump Shot (7 PTS) (Joseph 2 AST),,,26 - 42,16,4.0,203082,Terrence Ross,1610612761.0,Toronto,Raptors,TOR,4,202709,Cory Joseph,1610612761.0,Toronto,Raptors,TOR,0,0,,,,,,1
125,0021600042,149,2,1,2,8:13 PM,8:58,,,MISS Murray 25' 3PT Jump Shot,,,5.0,1627750,Jamal Murray,1610612743.0,Denver,Nuggets,DEN,0,0,,,,,,0,0,,,,,,1
126,0021600042,150,4,0,2,8:13 PM,8:58,Ross REBOUND (Off:0 Def:2),,,,,4.0,203082,Terrence Ross,1610612761.0,Toronto,Raptors,TOR,0,0,,,,,,0,0,,,,,,1
127,0021600042,151,6,29,2,8:13 PM,8:54,,,Murray Shooting Block Foul (P1.T2) (A.Smith),,,5.0,1627750,Jamal Murray,1610612743.0,Denver,Nuggets,DEN,4,200768,Kyle Lowry,1610612761.0,Toronto,Raptors,TOR,1,0,,,,,,1
128,0021600042,152,9,4,2,8:13 PM,8:54,,,,,,1.0,0,,,,,,0,0,,,,,,0,0,,,,,,0
129,0021600042,156,3,11,2,8:16 PM,8:54,Lowry Free Throw 1 of 2 (5 PTS),,,26 - 43,17,4.0,200768,Kyle Lowry,1610612761.0,Toronto,Raptors,TOR,0,0,,,,,,0,0,,,,,,0
130,0021600042,158,3,12,2,8:16 PM,8:54,Lowry Free Throw 2 of 2 (6 PTS),,,26 - 44,18,4.0,200768,Kyle Lowry,1610612761.0,Toronto,Raptors,TOR,0,0,,,,,,0,0,,,,,,0
131,0021600042,160,6,2,2,8:16 PM,8:37,Lowry S.FOUL (P2.T4) (M.McCutchen),,,,,4.0,200768,Kyle Lowry,1610612761.0,Toronto,Raptors,TOR,5,202702,Kenneth Faried,1610612743.0,Denver,Nuggets,DEN,1,0,,,,,,1
132,0021600042,161,3,11,2,8:17 PM,8:37,,,Faried Free Throw 1 of 2 (3 PTS),27 - 44,17,5.0,202702,Kenneth Faried,1610612743.0,Denver,Nuggets,DEN,0,0,,,,,,0,0,,,,,,0
133,0021600042,163,3,12,2,8:17 PM,8:37,,,Faried Free Throw 2 of 2 (4 PTS),28 - 44,16,5.0,202702,Kenneth Faried,1610612743.0,Denver,Nuggets,DEN,0,0,,,,,,0,0,,,,,,0
134,0021600042,165,2,1,2,8:17 PM,8:24,MISS Joseph 26' 3PT Jump Shot,,,,,4.0,202709,Cory Joseph,1610612761.0,Toronto,Raptors,TOR,0,0,,,,,,0,0,,,,,,1
135,0021600042,166,4,0,2,8:17 PM,8:23,,,Jokic REBOUND (Off:1 Def:2),,,5.0,203999,Nikola Jokic,1610612743.0,Denver,Nuggets,DEN,0,0,,,,,,0,0,,,,,,1
136,0021600042,167,5,1,2,8:17 PM,8:15,Lowry STEAL (2 STL),,Jokic Bad Pass Turnover (P2.T3),,,5.0,203999,Nikola Jokic,1610612743.0,Denver,Nuggets,DEN,4,200768,Kyle Lowry,1610612761.0,Toronto,Raptors,TOR,0,0,,,,,,1
137,0021600042,168,6,1,2,8:18 PM,8:13,,,Jokic P.FOUL (P1.T3) (A.Smith),,,5.0,203999,Nikola Jokic,1610612743.0,Denver,Nuggets,DEN,4,200768,Kyle Lowry,1610612761.0,Toronto,Raptors,TOR,1,0,,,,,,1
138,0021600042,169,8,0,2,8:18 PM,8:13,,,SUB: Nurkic FOR Faried,,,5.0,202702,Kenneth Faried,1610612743.0,Denver,Nuggets,DEN,5,203994,Jusuf Nurkic,1610612743.0,Denver,Nuggets,DEN,0,0,,,,,,0
139,0021600042,170,2,79,2,8:18 PM,7:49,MISS Lowry 18' Pullup Jump Shot,,,,,4.0,200768,Kyle Lowry,1610612761.0,Toronto,Raptors,TOR,0,0,,,,,,0,0,,,,,,1
140,0021600042,171,4,0,2,8:18 PM,7:49,,,Nurkic REBOUND (Off:0 Def:3),,,5.0,203994,Jusuf Nurkic,1610612743.0,Denver,Nuggets,DEN,0,0,,,,,,0,0,,,,,,1
141,0021600042,172,2,73,2,8:18 PM,7:34,,,MISS Nurkic 1' Driving Reverse Layup,,,5.0,203994,Jusuf Nurkic,1610612743.0,Denver,Nuggets,DEN,0,0,,,,,,0,0,,,,,,1
142,0021600042,173,4,0,2,8:19 PM,7:33,Patterson REBOUND (Off:0 Def:1),,,,,4.0,202335,Patrick Patterson,1610612761.0,Toronto,Raptors,TOR,0,0,,,,,,0,0,,,,,,1
143,0021600042,174,1,79,2,8:19 PM,7:24,Lowry 9' Pullup Jump Shot (8 PTS),,,28 - 46,18,4.0,200768,Kyle Lowry,1610612761.0,Toronto,Raptors,TOR,0,0,,,,,,0,0,,,,,,1
144,0021600042,175,1,58,2,8:19 PM,7:12,,,Jokic 4' Turnaround Hook Shot (8 PTS) (Nelson 1 AST),30 - 46,16,5.0,203999,Nikola Jokic,1610612743.0,Denver,Nuggets,DEN,5,2749,Jameer Nelson,1610612743.0,Denver,Nuggets,DEN,0,0,,,,,,1
145,0021600042,177,6,2,2,8:19 PM,6:52,,,Jokic S.FOUL (P2.T4) (G.Zielinski),,,5.0,203999,Nikola Jokic,1610612743.0,Denver,Nuggets,DEN,4,202335,Patrick Patterson,1610612761.0,Toronto,Raptors,TOR,1,0,,,,,,1
146,0021600042,178,3,11,2,8:19 PM,6:52,Patterson Free Throw 1 of 2 (1 PTS),,,30 - 47,17,4.0,202335,Patrick Patterson,1610612761.0,Toronto,Raptors,TOR,0,0,,,,,,0,0,,,,,,0
147,0021600042,180,8,0,2,8:20 PM,6:52,,,SUB: Gallinari FOR Jokic,,,5.0,203999,Nikola Jokic,1610612743.0,Denver,Nuggets,DEN,5,201568,Danilo Gallinari,1610612743.0,Denver,Nuggets,DEN,0,0,,,,,,0
148,0021600042,181,8,0,2,8:20 PM,6:52,SUB: DeRozan FOR Joseph,,,,,4.0,202709,Cory Joseph,1610612761.0,Toronto,Raptors,TOR,4,201942,DeMar DeRozan,1610612761.0,Toronto,Raptors,TOR,0,0,,,,,,0
149,0021600042,182,3,12,2,8:20 PM,6:52,MISS Patterson Free Throw 2 of 2,,,,,4.0,202335,Patrick Patterson,1610612761.0,Toronto,Raptors,TOR,0,0,,,,,,0,0,,,,,,0
150,0021600042,184,4,0,2,8:20 PM,6:51,,,Nurkic REBOUND (Off:0 Def:4),,,5.0,203994,Jusuf Nurkic,1610612743.0,Denver,Nuggets,DEN,0,0,,,,,,0,0,,,,,,1
151,0021600042,185,2,42,2,8:20 PM,6:32,Poeltl BLOCK (1 BLK),,MISS Nelson 5' Driving Layup,,,5.0,2749,Jameer Nelson,1610612743.0,Denver,Nuggets,DEN,0,0,,,,,,4,1627751,Jakob Poeltl,1610612761.0,Toronto,Raptors,TOR,1
152,0021600042,186,4,0,2,8:20 PM,6:31,Patterson REBOUND (Off:0 Def:2),,,,,4.0,202335,Patrick Patterson,1610612761.0,Toronto,Raptors,TOR,0,0,,,,,,0,0,,,,,,1
153,0021600042,187,2,1,2,8:20 PM,6:25,MISS Lowry 27' 3PT Jump Shot,,,,,4.0,200768,Kyle Lowry,1610612761.0,Toronto,Raptors,TOR,0,0,,,,,,0,0,,,,,,1
154,0021600042,188,4,0,2,8:20 PM,6:24,,,Murray REBOUND (Off:0 Def:1),,,5.0,1627750,Jamal Murray,1610612743.0,Denver,Nuggets,DEN,0,0,,,,,,0,0,,,,,,1
155,0021600042,189,6,1,2,8:21 PM,6:18,Lowry P.FOUL (P3.PN) (G.Zielinski),,,,,4.0,200768,Kyle Lowry,1610612761.0,Toronto,Raptors,TOR,5,201163,Wilson Chandler,1610612743.0,Denver,Nuggets,DEN,1,0,,,,,,1
156,0021600042,190,3,11,2,8:21 PM,6:18,,,MISS Chandler Free Throw 1 of 2,,,5.0,201163,Wilson Chandler,1610612743.0,Denver,Nuggets,DEN,0,0,,,,,,0,0,,,,,,0
157,0021600042,191,4,1,2,8:21 PM,6:18,,,Nuggets Rebound,,,3.0,1610612743,,,,,,0,0,,,,,,0,0,,,,,,0
158,0021600042,192,8,0,2,8:21 PM,6:18,,,SUB: Mudiay FOR Murray,,,5.0,1627750,Jamal Murray,1610612743.0,Denver,Nuggets,DEN,5,1626144,Emmanuel Mudiay,1610612743.0,Denver,Nuggets,DEN,0,0,,,,,,0
159,0021600042,193,8,0,2,8:21 PM,6:18,,,SUB: Barton FOR Nelson,,,5.0,2749,Jameer Nelson,1610612743.0,Denver,Nuggets,DEN,5,203115,Will Barton,1610612743.0,Denver,Nuggets,DEN,0,0,,,,,,0
160,0021600042,194,8,0,2,8:21 PM,6:18,SUB: Joseph FOR Lowry,,,,,4.0,200768,Kyle Lowry,1610612761.0,Toronto,Raptors,TOR,4,202709,Cory Joseph,1610612761.0,Toronto,Raptors,TOR,0,0,,,,,,0
161,0021600042,195,8,0,2,8:21 PM,6:18,SUB: Carroll FOR Ross,,,,,4.0,203082,Terrence Ross,1610612761.0,Toronto,Raptors,TOR,4,201960,DeMarre Carroll,1610612761.0,Toronto,Raptors,TOR,0,0,,,,,,0
162,0021600042,196,3,12,2,8:21 PM,6:18,,,Chandler Free Throw 2 of 2 (3 PTS),31 - 47,16,5.0,201163,Wilson Chandler,1610612743.0,Denver,Nuggets,DEN,0,0,,,,,,0,0,,,,,,0
163,0021600042,199,9,1,2,8:22 PM,6:17,RAPTORS Timeout: Regular (Full 1 Short 0),,,,,2.0,1610612761,,,,,,0,0,,,,,,0,0,,,,,,0
164,0021600042,202,2,79,2,8:25 PM,6:02,MISS DeRozan 6' Pullup Jump Shot,,,,,4.0,201942,DeMar DeRozan,1610612761.0,Toronto,Raptors,TOR,0,0,,,,,,0,0,,,,,,1
165,0021600042,203,4,0,2,8:25 PM,6:01,DeRozan REBOUND (Off:2 Def:2),,,,,4.0,201942,DeMar DeRozan,1610612761.0,Toronto,Raptors,TOR,0,0,,,,,,0,0,,,,,,1
166,0021600042,204,2,5,2,8:25 PM,5:57,MISS DeRozan 1' Layup,,Nurkic BLOCK (3 BLK),,,4.0,201942,DeMar DeRozan,1610612761.0,Toronto,Raptors,TOR,0,0,,,,,,5,203994,Jusuf Nurkic,1610612743.0,Denver,Nuggets,DEN,1
167,0021600042,205,4,0,2,8:25 PM,5:56,,,Mudiay REBOUND (Off:0 Def:3),,,5.0,1626144,Emmanuel Mudiay,1610612743.0,Denver,Nuggets,DEN,0,0,,,,,,0,0,,,,,,1
168,0021600042,206,6,2,2,8:25 PM,5:51,Joseph S.FOUL (P2.PN) (M.McCutchen),,,,,4.0,202709,Cory Joseph,1610612761.0,Toronto,Raptors,TOR,5,1626144,Emmanuel Mudiay,1610612743.0,Denver,Nuggets,DEN,1,0,,,,,,1
169,0021600042,207,3,11,2,8:25 PM,5:51,,,Mudiay Free Throw 1 of 2 (6 PTS),32 - 47,15,5.0,1626144,Emmanuel Mudiay,1610612743.0,Denver,Nuggets,DEN,0,0,,,,,,0,0,,,,,,0
170,0021600042,209,3,12,2,8:25 PM,5:51,,,Mudiay Free Throw 2 of 2 (7 PTS),33 - 47,14,5.0,1626144,Emmanuel Mudiay,1610612743.0,Denver,Nuggets,DEN,0,0,,,,,,0,0,,,,,,0
171,0021600042,212,1,1,2,8:26 PM,5:26,Carroll 24' 3PT Jump Shot (10 PTS) (Patterson 1 AST),,,33 - 50,17,4.0,201960,DeMarre Carroll,1610612761.0,Toronto,Raptors,TOR,4,202335,Patrick Patterson,1610612761.0,Toronto,Raptors,TOR,0,0,,,,,,1
172,0021600042,213,2,58,2,8:26 PM,5:03,,,MISS Nurkic 7' Turnaround Hook Shot,,,5.0,203994,Jusuf Nurkic,1610612743.0,Denver,Nuggets,DEN,0,0,,,,,,0,0,,,,,,1
173,0021600042,214,4,0,2,8:26 PM,5:03,RAPTORS Rebound,,,,,2.0,1610612761,,,,,,0,0,,,,,,0,0,,,,,,0
174,0021600042,215,6,2,2,8:27 PM,4:48,,,Chandler S.FOUL (P2.PN) (A.Smith),,,5.0,201163,Wilson Chandler,1610612743.0,Denver,Nuggets,DEN,4,201942,DeMar DeRozan,1610612761.0,Toronto,Raptors,TOR,1,0,,,,,,1
175,0021600042,216,3,11,2,8:27 PM,4:48,DeRozan Free Throw 1 of 2 (15 PTS),,,33 - 51,18,4.0,201942,DeMar DeRozan,1610612761.0,Toronto,Raptors,TOR,0,0,,,,,,0,0,,,,,,0
176,0021600042,218,3,12,2,8:27 PM,4:48,DeRozan Free Throw 2 of 2 (16 PTS),,,33 - 52,19,4.0,201942,DeMar DeRozan,1610612761.0,Toronto,Raptors,TOR,0,0,,,,,,0,0,,,,,,0
177,0021600042,220,6,2,2,8:28 PM,4:38,Poeltl S.FOUL (P1.PN) (A.Smith),,,,,4.0,1627751,Jakob Poeltl,1610612761.0,Toronto,Raptors,TOR,5,1626144,Emmanuel Mudiay,1610612743.0,Denver,Nuggets,DEN,1,0,,,,,,1
178,0021600042,221,3,11,2,8:28 PM,4:38,,,MISS Mudiay Free Throw 1 of 2,,,5.0,1626144,Emmanuel Mudiay,1610612743.0,Denver,Nuggets,DEN,0,0,,,,,,0,0,,,,,,0
179,0021600042,222,4,1,2,8:28 PM,4:38,,,Nuggets Rebound,,,3.0,1610612743,,,,,,0,0,,,,,,0,0,,,,,,0
180,0021600042,223,8,0,2,8:28 PM,4:38,SUB: Valanciunas FOR Poeltl,,,,,4.0,1627751,Jakob Poeltl,1610612761.0,Toronto,Raptors,TOR,4,202685,Jonas Valanciunas,1610612761.0,Toronto,Raptors,TOR,0,0,,,,,,0
181,0021600042,224,8,0,2,8:28 PM,4:38,SUB: Siakam FOR Patterson,,,,,4.0,202335,Patrick Patterson,1610612761.0,Toronto,Raptors,TOR,4,1627783,Pascal Siakam,1610612761.0,Toronto,Raptors,TOR,0,0,,,,,,0
182,0021600042,225,3,12,2,8:28 PM,4:38,,,Mudiay Free Throw 2 of 2 (8 PTS),34 - 52,18,5.0,1626144,Emmanuel Mudiay,1610612743.0,Denver,Nuggets,DEN,0,0,,,,,,0,0,,,,,,0
183,0021600042,227,2,80,2,8:29 PM,4:16,MISS Joseph 17' Step Back Jump Shot,,,,,4.0,202709,Cory Joseph,1610612761.0,Toronto,Raptors,TOR,0,0,,,,,,0,0,,,,,,1
184,0021600042,228,4,0,2,8:29 PM,4:16,,,Nurkic REBOUND (Off:0 Def:5),,,5.0,203994,Jusuf Nurkic,1610612743.0,Denver,Nuggets,DEN,0,0,,,,,,0,0,,,,,,1
185,0021600042,229,2,7,2,8:29 PM,4:08,Carroll BLOCK (1 BLK),,MISS Gallinari  Dunk,,,5.0,201568,Danilo Gallinari,1610612743.0,Denver,Nuggets,DEN,0,0,,,,,,4,201960,DeMarre Carroll,1610612761.0,Toronto,Raptors,TOR,1
186,0021600042,230,4,0,2,8:29 PM,4:07,Valanciunas REBOUND (Off:1 Def:2),,,,,4.0,202685,Jonas Valanciunas,1610612761.0,Toronto,Raptors,TOR,0,0,,,,,,0,0,,,,,,1
187,0021600042,231,2,1,2,8:29 PM,4:00,MISS Carroll 24' 3PT Jump Shot,,,,,4.0,201960,DeMarre Carroll,1610612761.0,Toronto,Raptors,TOR,0,0,,,,,,0,0,,,,,,1
188,0021600042,232,4,0,2,8:29 PM,4:00,,,Barton REBOUND (Off:0 Def:1),,,5.0,203115,Will Barton,1610612743.0,Denver,Nuggets,DEN,0,0,,,,,,0,0,,,,,,1
189,0021600042,233,1,75,2,8:29 PM,3:40,,,Mudiay 1' Driving Finger Roll Layup (10 PTS),36 - 52,16,5.0,1626144,Emmanuel Mudiay,1610612743.0,Denver,Nuggets,DEN,0,0,,,,,,0,0,,,,,,1
190,0021600042,235,2,1,2,8:29 PM,3:30,MISS Valanciunas 11' Jump Shot,,,,,4.0,202685,Jonas Valanciunas,1610612761.0,Toronto,Raptors,TOR,0,0,,,,,,0,0,,,,,,1
191,0021600042,236,4,0,2,8:30 PM,3:28,,,Barton REBOUND (Off:0 Def:2),,,5.0,203115,Will Barton,1610612743.0,Denver,Nuggets,DEN,0,0,,,,,,0,0,,,,,,1
192,0021600042,237,6,2,2,8:30 PM,3:22,Carroll S.FOUL (P2.PN) (M.McCutchen),,,,,4.0,201960,DeMarre Carroll,1610612761.0,Toronto,Raptors,TOR,5,203115,Will Barton,1610612743.0,Denver,Nuggets,DEN,1,0,,,,,,1
193,0021600042,238,3,11,2,8:30 PM,3:22,,,MISS Barton Free Throw 1 of 2,,,5.0,203115,Will Barton,1610612743.0,Denver,Nuggets,DEN,0,0,,,,,,0,0,,,,,,0
194,0021600042,239,4,1,2,8:30 PM,3:22,,,Nuggets Rebound,,,3.0,1610612743,,,,,,0,0,,,,,,0,0,,,,,,0
195,0021600042,240,3,12,2,8:30 PM,3:22,,,Barton Free Throw 2 of 2 (6 PTS),37 - 52,15,5.0,203115,Will Barton,1610612743.0,Denver,Nuggets,DEN,0,0,,,,,,0,0,,,,,,0
196,0021600042,242,1,96,2,8:31 PM,3:00,Joseph 5' Turnaround Bank Hook Shot (4 PTS),,,37 - 54,17,4.0,202709,Cory Joseph,1610612761.0,Toronto,Raptors,TOR,0,0,,,,,,0,0,,,,,,1
197,0021600042,243,1,50,2,8:31 PM,2:54,,,Barton  Running Dunk (8 PTS),39 - 54,15,5.0,203115,Will Barton,1610612743.0,Denver,Nuggets,DEN,0,0,,,,,,0,0,,,,,,1
198,0021600042,244,1,42,2,8:31 PM,2:34,Joseph 3' Driving Layup (6 PTS),,,39 - 56,17,4.0,202709,Cory Joseph,1610612761.0,Toronto,Raptors,TOR,0,0,,,,,,0,0,,,,,,1
199,0021600042,246,1,102,2,8:31 PM,2:27,,,Barton 7' Driving Floating Bank Jump Shot (10 PTS),41 - 56,15,5.0,203115,Will Barton,1610612743.0,Denver,Nuggets,DEN,0,0,,,,,,0,0,,,,,,1
200,0021600042,247,6,2,2,8:31 PM,2:27,Carroll S.FOUL (P3.PN) (A.Smith),,,,,4.0,201960,DeMarre Carroll,1610612761.0,Toronto,Raptors,TOR,5,203115,Will Barton,1610612743.0,Denver,Nuggets,DEN,1,0,,,,,,1
201,0021600042,248,9,1,2,8:32 PM,2:27,,,Nuggets Timeout: Regular (Reg.3 Short 0),,,3.0,1610612743,,,,,,0,0,,,,,,0,0,,,,,,0
202,0021600042,250,8,0,2,8:34 PM,2:27,SUB: Powell FOR Carroll,,,,,4.0,201960,DeMarre Carroll,1610612761.0,Toronto,Raptors,TOR,4,1626181,Norman Powell,1610612761.0,Toronto,Raptors,TOR,0,0,,,,,,0
203,0021600042,252,3,10,2,8:34 PM,2:27,,,Barton Free Throw 1 of 1 (11 PTS),42 - 56,14,5.0,203115,Will Barton,1610612743.0,Denver,Nuggets,DEN,0,0,,,,,,0,0,,,,,,0
204,0021600042,255,6,2,2,8:35 PM,2:16,,,Chandler S.FOUL (P3.PN) (G.Zielinski),,,5.0,201163,Wilson Chandler,1610612743.0,Denver,Nuggets,DEN,4,201942,DeMar DeRozan,1610612761.0,Toronto,Raptors,TOR,1,0,,,,,,1
205,0021600042,256,3,11,2,8:35 PM,2:16,DeRozan Free Throw 1 of 2 (17 PTS),,,42 - 57,15,4.0,201942,DeMar DeRozan,1610612761.0,Toronto,Raptors,TOR,0,0,,,,,,0,0,,,,,,0
206,0021600042,258,8,0,2,8:35 PM,2:16,,,SUB: Jokic FOR Chandler,,,5.0,201163,Wilson Chandler,1610612743.0,Denver,Nuggets,DEN,5,203999,Nikola Jokic,1610612743.0,Denver,Nuggets,DEN,0,0,,,,,,0
207,0021600042,259,3,12,2,8:35 PM,2:16,DeRozan Free Throw 2 of 2 (18 PTS),,,42 - 58,16,4.0,201942,DeMar DeRozan,1610612761.0,Toronto,Raptors,TOR,0,0,,,,,,0,0,,,,,,0
208,0021600042,261,2,1,2,8:35 PM,2:03,,,MISS Mudiay 26' 3PT Jump Shot,,,5.0,1626144,Emmanuel Mudiay,1610612743.0,Denver,Nuggets,DEN,0,0,,,,,,0,0,,,,,,1
209,0021600042,262,4,0,2,8:35 PM,2:02,Powell REBOUND (Off:0 Def:1),,,,,4.0,1626181,Norman Powell,1610612761.0,Toronto,Raptors,TOR,0,0,,,,,,0,0,,,,,,1
210,0021600042,263,5,4,2,8:36 PM,1:50,Valanciunas Traveling Turnover (P1.T1),,,,,4.0,202685,Jonas Valanciunas,1610612761.0,Toronto,Raptors,TOR,0,0,,,,,,1,0,,,,,,1
211,0021600042,264,1,58,2,8:36 PM,1:29,,,Nurkic 5' Turnaround Hook Shot (3 PTS),44 - 58,14,5.0,203994,Jusuf Nurkic,1610612743.0,Denver,Nuggets,DEN,0,0,,,,,,0,0,,,,,,1
212,0021600042,265,1,79,2,8:36 PM,1:14,DeRozan 11' Pullup Jump Shot (20 PTS),,,44 - 60,16,4.0,201942,DeMar DeRozan,1610612761.0,Toronto,Raptors,TOR,0,0,,,,,,0,0,,,,,,1
213,0021600042,266,6,1,2,8:37 PM,0:58,Powell P.FOUL (P1.PN) (G.Zielinski),,,,,4.0,1626181,Norman Powell,1610612761.0,Toronto,Raptors,TOR,5,201568,Danilo Gallinari,1610612743.0,Denver,Nuggets,DEN,1,0,,,,,,1
214,0021600042,267,3,11,2,8:37 PM,0:58,,,Gallinari Free Throw 1 of 2 (3 PTS),45 - 60,15,5.0,201568,Danilo Gallinari,1610612743.0,Denver,Nuggets,DEN,0,0,,,,,,0,0,,,,,,0
215,0021600042,269,8,0,2,8:37 PM,0:58,SUB: Poeltl FOR Valanciunas,,,,,4.0,202685,Jonas Valanciunas,1610612761.0,Toronto,Raptors,TOR,4,1627751,Jakob Poeltl,1610612761.0,Toronto,Raptors,TOR,0,0,,,,,,0
216,0021600042,270,3,12,2,8:38 PM,0:58,,,Gallinari Free Throw 2 of 2 (4 PTS),46 - 60,14,5.0,201568,Danilo Gallinari,1610612743.0,Denver,Nuggets,DEN,0,0,,,,,,0,0,,,,,,0
217,0021600042,272,1,79,2,8:38 PM,0:40,Powell 15' Pullup Jump Shot (2 PTS),,,46 - 62,16,4.0,1626181,Norman Powell,1610612761.0,Toronto,Raptors,TOR,0,0,,,,,,0,0,,,,,,1
218,0021600042,273,1,1,2,8:38 PM,0:32,,,Gallinari 24' 3PT Jump Shot (7 PTS) (Barton 2 AST),49 - 62,13,5.0,201568,Danilo Gallinari,1610612743.0,Denver,Nuggets,DEN,5,203115,Will Barton,1610612743.0,Denver,Nuggets,DEN,0,0,,,,,,1
219,0021600042,275,2,63,2,8:39 PM,0:25,MISS Joseph 10' Fadeaway Jumper,,,,,4.0,202709,Cory Joseph,1610612761.0,Toronto,Raptors,TOR,0,0,,,,,,0,0,,,,,,1
220,0021600042,276,4,0,2,8:39 PM,0:25,,,Mudiay REBOUND (Off:0 Def:4),,,5.0,1626144,Emmanuel Mudiay,1610612743.0,Denver,Nuggets,DEN,0,0,,,,,,0,0,,,,,,1
221,0021600042,277,2,1,2,8:39 PM,0:00,,,MISS Mudiay 26' 3PT Jump Shot,,,5.0,1626144,Emmanuel Mudiay,1610612743.0,Denver,Nuggets,DEN,0,0,,,,,,0,0,,,,,,1
222,0021600042,278,4,0,2,8:39 PM,0:00,,,Jokic REBOUND (Off:2 Def:2),,,5.0,203999,Nikola Jokic,1610612743.0,Denver,Nuggets,DEN,0,0,,,,,,0,0,,,,,,1
223,0021600042,279,2,87,2,8:39 PM,0:00,,,MISS Jokic  Putback Dunk,,,5.0,203999,Nikola Jokic,1610612743.0,Denver,Nuggets,DEN,0,0,,,,,,0,0,,,,,,1
224,0021600042,280,4,0,2,8:39 PM,0:00,,,Nuggets Rebound,,,3.0,1610612743,,,,,,0,0,,,,,,0,0,,,,,,0
225,0021600042,281,13,0,2,8:39 PM,0:00,,,,49 - 62,13,0.0,0,,,,,,0,0,,,,,,0,0,,,,,,0
226,0021600042,283,12,0,3,8:55 PM,12:00,,,,49 - 62,13,0.0,0,,,,,,0,0,,,,,,0,0,,,,,,0
227,0021600042,284,1,66,3,8:55 PM,11:46,,,Gallinari 4' Jump Bank Shot (9 PTS),51 - 62,11,5.0,201568,Danilo Gallinari,1610612743.0,Denver,Nuggets,DEN,0,0,,,,,,0,0,,,,,,1
228,0021600042,285,5,2,3,8:56 PM,11:24,DeRozan Lost Ball Turnover (P1.T2),,Nurkic STEAL (1 STL),,,4.0,201942,DeMar DeRozan,1610612761.0,Toronto,Raptors,TOR,5,203994,Jusuf Nurkic,1610612743.0,Denver,Nuggets,DEN,0,0,,,,,,1
229,0021600042,286,2,41,3,8:56 PM,11:18,,,MISS Mudiay 2' Running Layup,,,5.0,1626144,Emmanuel Mudiay,1610612743.0,Denver,Nuggets,DEN,0,0,,,,,,0,0,,,,,,1
230,0021600042,287,4,0,3,8:56 PM,11:18,Lowry REBOUND (Off:0 Def:2),,,,,4.0,200768,Kyle Lowry,1610612761.0,Toronto,Raptors,TOR,0,0,,,,,,0,0,,,,,,1
231,0021600042,288,5,40,3,8:56 PM,11:10,Valanciunas Out of Bounds Lost Ball Turnover (P2.T3),,,,,4.0,202685,Jonas Valanciunas,1610612761.0,Toronto,Raptors,TOR,0,0,,,,,,1,0,,,,,,1
232,0021600042,289,1,1,3,8:56 PM,10:53,,,Barton 25' 3PT Jump Shot (14 PTS) (Mudiay 2 AST),54 - 62,8,5.0,203115,Will Barton,1610612743.0,Denver,Nuggets,DEN,5,1626144,Emmanuel Mudiay,1610612743.0,Denver,Nuggets,DEN,0,0,,,,,,1
233,0021600042,290,6,26,3,8:57 PM,10:31,Lowry Offensive Charge Foul (P4.T1) (M.McCutchen),,,,,4.0,200768,Kyle Lowry,1610612761.0,Toronto,Raptors,TOR,5,1626144,Emmanuel Mudiay,1610612743.0,Denver,Nuggets,DEN,1,0,,,,,,1
234,0021600042,291,5,5,3,8:57 PM,10:31,Lowry Foul Turnover (P1.T4),,,,,4.0,200768,Kyle Lowry,1610612761.0,Toronto,Raptors,TOR,0,0,,,,,,1,0,,,,,,1
235,0021600042,292,6,2,3,8:57 PM,10:11,Valanciunas S.FOUL (P3.T2) (G.Zielinski),,,,,4.0,202685,Jonas Valanciunas,1610612761.0,Toronto,Raptors,TOR,5,203994,Jusuf Nurkic,1610612743.0,Denver,Nuggets,DEN,1,0,,,,,,1
236,0021600042,293,3,11,3,8:58 PM,10:11,,,MISS Nurkic Free Throw 1 of 2,,,5.0,203994,Jusuf Nurkic,1610612743.0,Denver,Nuggets,DEN,0,0,,,,,,0,0,,,,,,0
237,0021600042,294,4,1,3,8:58 PM,10:11,,,Nuggets Rebound,,,3.0,1610612743,,,,,,0,0,,,,,,0,0,,,,,,0
238,0021600042,295,3,12,3,8:58 PM,10:11,,,MISS Nurkic Free Throw 2 of 2,,,5.0,203994,Jusuf Nurkic,1610612743.0,Denver,Nuggets,DEN,0,0,,,,,,0,0,,,,,,0
239,0021600042,297,4,0,3,8:58 PM,10:10,Valanciunas REBOUND (Off:1 Def:3),,,,,4.0,202685,Jonas Valanciunas,1610612761.0,Toronto,Raptors,TOR,0,0,,,,,,0,0,,,,,,1
240,0021600042,298,1,79,3,8:58 PM,9:47,DeRozan 10' Pullup Jump Shot (22 PTS),,,54 - 64,10,4.0,201942,DeMar DeRozan,1610612761.0,Toronto,Raptors,TOR,0,0,,,,,,0,0,,,,,,1
241,0021600042,300,6,27,3,8:59 PM,9:40,Siakam Personal Block Foul (P2.T3) (M.McCutchen),,,,,4.0,1627783,Pascal Siakam,1610612761.0,Toronto,Raptors,TOR,5,203999,Nikola Jokic,1610612743.0,Denver,Nuggets,DEN,1,0,,,,,,1
242,0021600042,301,6,2,3,8:59 PM,9:36,Siakam S.FOUL (P3.T4) (G.Zielinski),,,,,4.0,1627783,Pascal Siakam,1610612761.0,Toronto,Raptors,TOR,5,201568,Danilo Gallinari,1610612743.0,Denver,Nuggets,DEN,1,0,,,,,,1
243,0021600042,302,3,11,3,8:59 PM,9:36,,,Gallinari Free Throw 1 of 2 (10 PTS),55 - 64,9,5.0,201568,Danilo Gallinari,1610612743.0,Denver,Nuggets,DEN,0,0,,,,,,0,0,,,,,,0
244,0021600042,304,3,12,3,9:00 PM,9:36,,,Gallinari Free Throw 2 of 2 (11 PTS),56 - 64,8,5.0,201568,Danilo Gallinari,1610612743.0,Denver,Nuggets,DEN,0,0,,,,,,0,0,,,,,,0
245,0021600042,306,2,1,3,9:00 PM,9:23,MISS Lowry 26' 3PT Jump Shot,,Mudiay BLOCK (1 BLK),,,4.0,200768,Kyle Lowry,1610612761.0,Toronto,Raptors,TOR,0,0,,,,,,5,1626144,Emmanuel Mudiay,1610612743.0,Denver,Nuggets,DEN,1
246,0021600042,307,4,0,3,9:00 PM,9:21,,,Mudiay REBOUND (Off:0 Def:5),,,5.0,1626144,Emmanuel Mudiay,1610612743.0,Denver,Nuggets,DEN,0,0,,,,,,0,0,,,,,,1
247,0021600042,308,6,2,3,9:00 PM,9:19,DeRozan S.FOUL (P1.PN) (M.McCutchen),,,,,4.0,201942,DeMar DeRozan,1610612761.0,Toronto,Raptors,TOR,5,203115,Will Barton,1610612743.0,Denver,Nuggets,DEN,1,0,,,,,,1
248,0021600042,309,3,11,3,9:00 PM,9:19,,,Barton Free Throw 1 of 2 (15 PTS),57 - 64,7,5.0,203115,Will Barton,1610612743.0,Denver,Nuggets,DEN,0,0,,,,,,0,0,,,,,,0
249,0021600042,311,3,12,3,9:01 PM,9:19,,,Barton Free Throw 2 of 2 (16 PTS),58 - 64,6,5.0,203115,Will Barton,1610612743.0,Denver,Nuggets,DEN,0,0,,,,,,0,0,,,,,,0
250,0021600042,314,9,1,3,9:01 PM,9:19,RAPTORS Timeout: Regular (Full 2 Short 0),,,,,2.0,1610612761,,,,,,0,0,,,,,,0,0,,,,,,0
251,0021600042,316,8,0,3,9:03 PM,9:19,SUB: Patterson FOR Siakam,,,,,4.0,1627783,Pascal Siakam,1610612761.0,Toronto,Raptors,TOR,4,202335,Patrick Patterson,1610612761.0,Toronto,Raptors,TOR,0,0,,,,,,0
252,0021600042,317,1,108,3,9:03 PM,9:07,Valanciunas  Cutting Dunk Shot (8 PTS) (Lowry 6 AST),,,58 - 66,8,4.0,202685,Jonas Valanciunas,1610612761.0,Toronto,Raptors,TOR,4,200768,Kyle Lowry,1610612761.0,Toronto,Raptors,TOR,0,0,,,,,,1
253,0021600042,318,2,42,3,9:04 PM,8:48,Patterson BLOCK (2 BLK),,MISS Mudiay 2' Driving Layup,,,5.0,1626144,Emmanuel Mudiay,1610612743.0,Denver,Nuggets,DEN,0,0,,,,,,4,202335,Patrick Patterson,1610612761.0,Toronto,Raptors,TOR,1
254,0021600042,319,4,0,3,9:04 PM,8:47,,,Nurkic REBOUND (Off:1 Def:5),,,5.0,203994,Jusuf Nurkic,1610612743.0,Denver,Nuggets,DEN,0,0,,,,,,0,0,,,,,,1
255,0021600042,320,2,72,3,9:04 PM,8:45,Patterson BLOCK (3 BLK),,MISS Nurkic 1' Putback Layup,,,5.0,203994,Jusuf Nurkic,1610612743.0,Denver,Nuggets,DEN,0,0,,,,,,4,202335,Patrick Patterson,1610612761.0,Toronto,Raptors,TOR,1
256,0021600042,321,4,0,3,9:04 PM,8:43,,,Nurkic REBOUND (Off:2 Def:5),,,5.0,203994,Jusuf Nurkic,1610612743.0,Denver,Nuggets,DEN,0,0,,,,,,0,0,,,,,,1
257,0021600042,322,1,72,3,9:04 PM,8:42,,,Nurkic  Putback Layup (5 PTS),60 - 66,6,5.0,203994,Jusuf Nurkic,1610612743.0,Denver,Nuggets,DEN,0,0,,,,,,0,0,,,,,,1
258,0021600042,323,6,29,3,9:04 PM,8:31,,,Jokic Shooting Block Foul (P3.T1) (M.McCutchen),,,5.0,203999,Nikola Jokic,1610612743.0,Denver,Nuggets,DEN,4,200768,Kyle Lowry,1610612761.0,Toronto,Raptors,TOR,1,0,,,,,,1
259,0021600042,324,3,11,3,9:04 PM,8:31,Lowry Free Throw 1 of 2 (9 PTS),,,60 - 67,7,4.0,200768,Kyle Lowry,1610612761.0,Toronto,Raptors,TOR,0,0,,,,,,0,0,,,,,,0
260,0021600042,326,3,12,3,9:05 PM,8:31,Lowry Free Throw 2 of 2 (10 PTS),,,60 - 68,8,4.0,200768,Kyle Lowry,1610612761.0,Toronto,Raptors,TOR,0,0,,,,,,0,0,,,,,,0
261,0021600042,328,1,3,3,9:05 PM,8:18,,,Nurkic 3' Hook Shot (7 PTS) (Jokic 1 AST),62 - 68,6,5.0,203994,Jusuf Nurkic,1610612743.0,Denver,Nuggets,DEN,5,203999,Nikola Jokic,1610612743.0,Denver,Nuggets,DEN,0,0,,,,,,1
262,0021600042,330,2,1,3,9:05 PM,8:03,MISS Carroll 27' 3PT Jump Shot,,,,,4.0,201960,DeMarre Carroll,1610612761.0,Toronto,Raptors,TOR,0,0,,,,,,0,0,,,,,,1
263,0021600042,331,4,0,3,9:05 PM,8:02,,,Nurkic REBOUND (Off:2 Def:6),,,5.0,203994,Jusuf Nurkic,1610612743.0,Denver,Nuggets,DEN,0,0,,,,,,0,0,,,,,,1
264,0021600042,333,5,2,3,9:05 PM,7:50,Lowry STEAL (3 STL),,Jokic Lost Ball Turnover (P3.T4),,,5.0,203999,Nikola Jokic,1610612743.0,Denver,Nuggets,DEN,4,200768,Kyle Lowry,1610612761.0,Toronto,Raptors,TOR,0,0,,,,,,1
265,0021600042,334,1,3,3,9:06 PM,7:42,Valanciunas 5' Hook Shot (10 PTS) (Lowry 7 AST),,,62 - 70,8,4.0,202685,Jonas Valanciunas,1610612761.0,Toronto,Raptors,TOR,4,200768,Kyle Lowry,1610612761.0,Toronto,Raptors,TOR,0,0,,,,,,1
266,0021600042,335,1,42,3,9:06 PM,7:28,,,Jokic 2' Driving Layup (10 PTS) (Mudiay 3 AST),64 - 70,6,5.0,203999,Nikola Jokic,1610612743.0,Denver,Nuggets,DEN,5,1626144,Emmanuel Mudiay,1610612743.0,Denver,Nuggets,DEN,0,0,,,,,,1
267,0021600042,336,2,80,3,9:06 PM,7:15,MISS Lowry 21' Step Back Jump Shot,,,,,4.0,200768,Kyle Lowry,1610612761.0,Toronto,Raptors,TOR,0,0,,,,,,0,0,,,,,,1
268,0021600042,337,4,0,3,9:06 PM,7:14,,,Nurkic REBOUND (Off:2 Def:7),,,5.0,203994,Jusuf Nurkic,1610612743.0,Denver,Nuggets,DEN,0,0,,,,,,0,0,,,,,,1
269,0021600042,338,2,44,3,9:06 PM,7:01,,,MISS Gallinari 2' Reverse Layup,,,5.0,201568,Danilo Gallinari,1610612743.0,Denver,Nuggets,DEN,0,0,,,,,,0,0,,,,,,1
270,0021600042,339,4,0,3,9:06 PM,7:01,,,Gallinari REBOUND (Off:1 Def:0),,,5.0,201568,Danilo Gallinari,1610612743.0,Denver,Nuggets,DEN,0,0,,,,,,0,0,,,,,,1
271,0021600042,340,2,40,3,9:06 PM,7:01,Patterson BLOCK (4 BLK),,MISS Gallinari 2' Layup,,,5.0,201568,Danilo Gallinari,1610612743.0,Denver,Nuggets,DEN,0,0,,,,,,4,202335,Patrick Patterson,1610612761.0,Toronto,Raptors,TOR,1
272,0021600042,345,4,0,3,9:07 PM,7:00,RAPTORS Rebound,,,,,2.0,1610612761,,,,,,0,0,,,,,,0,0,,,,,,0
273,0021600042,341,1,1,3,9:07 PM,6:41,Lowry 21' Jump Shot (12 PTS),,,64 - 72,8,4.0,200768,Kyle Lowry,1610612761.0,Toronto,Raptors,TOR,0,0,,,,,,0,0,,,,,,1
274,0021600042,342,5,1,3,9:07 PM,6:25,Patterson STEAL (1 STL),,Jokic Bad Pass Turnover (P4.T5),,,5.0,203999,Nikola Jokic,1610612743.0,Denver,Nuggets,DEN,4,202335,Patrick Patterson,1610612761.0,Toronto,Raptors,TOR,0,0,,,,,,1
275,0021600042,343,1,79,3,9:07 PM,6:13,Lowry 26' 3PT Pullup Jump Shot (15 PTS) (Patterson 2 AST),,,64 - 75,11,4.0,200768,Kyle Lowry,1610612761.0,Toronto,Raptors,TOR,4,202335,Patrick Patterson,1610612761.0,Toronto,Raptors,TOR,0,0,,,,,,1
276,0021600042,344,9,1,3,9:07 PM,6:12,,,Nuggets Timeout: Regular (Reg.4 Short 0),,,3.0,1610612743,,,,,,0,0,,,,,,0,0,,,,,,0
277,0021600042,349,2,101,3,9:10 PM,5:57,,,MISS Gallinari 3' Driving Floating Jump Shot,,,5.0,201568,Danilo Gallinari,1610612743.0,Denver,Nuggets,DEN,0,0,,,,,,0,0,,,,,,1
278,0021600042,351,4,0,3,9:10 PM,5:57,,,Nurkic REBOUND (Off:3 Def:7),,,5.0,203994,Jusuf Nurkic,1610612743.0,Denver,Nuggets,DEN,0,0,,,,,,0,0,,,,,,1
279,0021600042,350,2,97,3,9:10 PM,5:57,,,MISS Nurkic 1' Tip Layup Shot,,,5.0,203994,Jusuf Nurkic,1610612743.0,Denver,Nuggets,DEN,0,0,,,,,,0,0,,,,,,1
280,0021600042,353,4,0,3,9:10 PM,5:57,,,Nurkic REBOUND (Off:4 Def:7),,,5.0,203994,Jusuf Nurkic,1610612743.0,Denver,Nuggets,DEN,0,0,,,,,,0,0,,,,,,1
281,0021600042,352,2,97,3,9:10 PM,5:57,,,MISS Nurkic 1' Tip Layup Shot,,,5.0,203994,Jusuf Nurkic,1610612743.0,Denver,Nuggets,DEN,0,0,,,,,,0,0,,,,,,1
282,0021600042,354,4,0,3,9:10 PM,5:57,RAPTORS Rebound,,,,,2.0,1610612761,,,,,,0,0,,,,,,0,0,,,,,,0
283,0021600042,355,6,2,3,9:10 PM,5:51,,,Mudiay S.FOUL (P1.T2) (G.Zielinski),,,5.0,1626144,Emmanuel Mudiay,1610612743.0,Denver,Nuggets,DEN,4,200768,Kyle Lowry,1610612761.0,Toronto,Raptors,TOR,1,0,,,,,,1
284,0021600042,356,3,11,3,9:10 PM,5:51,Lowry Free Throw 1 of 2 (16 PTS),,,64 - 76,12,4.0,200768,Kyle Lowry,1610612761.0,Toronto,Raptors,TOR,0,0,,,,,,0,0,,,,,,0
285,0021600042,358,3,12,3,9:11 PM,5:51,Lowry Free Throw 2 of 2 (17 PTS),,,64 - 77,13,4.0,200768,Kyle Lowry,1610612761.0,Toronto,Raptors,TOR,0,0,,,,,,0,0,,,,,,0
286,0021600042,360,1,47,3,9:11 PM,5:39,,,Jokic 8' Turnaround Jump Shot (12 PTS) (Mudiay 4 AST),66 - 77,11,5.0,203999,Nikola Jokic,1610612743.0,Denver,Nuggets,DEN,5,1626144,Emmanuel Mudiay,1610612743.0,Denver,Nuggets,DEN,0,0,,,,,,1
287,0021600042,361,2,79,3,9:11 PM,5:14,MISS Valanciunas 17' Pullup Jump Shot,,,,,4.0,202685,Jonas Valanciunas,1610612761.0,Toronto,Raptors,TOR,0,0,,,,,,0,0,,,,,,1
288,0021600042,362,4,0,3,9:11 PM,5:13,Patterson REBOUND (Off:1 Def:2),,,,,4.0,202335,Patrick Patterson,1610612761.0,Toronto,Raptors,TOR,0,0,,,,,,0,0,,,,,,1
289,0021600042,363,2,97,3,9:11 PM,5:12,MISS Patterson  Tip Layup Shot,,,,,4.0,202335,Patrick Patterson,1610612761.0,Toronto,Raptors,TOR,0,0,,,,,,0,0,,,,,,1
290,0021600042,364,4,0,3,9:11 PM,5:12,RAPTORS Rebound,,,,,2.0,1610612761,,,,,,0,0,,,,,,0,0,,,,,,0
291,0021600042,365,6,1,3,9:12 PM,5:06,,,Jokic P.FOUL (P4.T3) (G.Zielinski),,,5.0,203999,Nikola Jokic,1610612743.0,Denver,Nuggets,DEN,4,202685,Jonas Valanciunas,1610612761.0,Toronto,Raptors,TOR,1,0,,,,,,1
292,0021600042,366,8,0,3,9:12 PM,5:06,,,SUB: Chandler FOR Jokic,,,5.0,203999,Nikola Jokic,1610612743.0,Denver,Nuggets,DEN,5,201163,Wilson Chandler,1610612743.0,Denver,Nuggets,DEN,0,0,,,,,,0
293,0021600042,367,2,79,3,9:13 PM,4:51,MISS DeRozan 11' Pullup Jump Shot,,,,,4.0,201942,DeMar DeRozan,1610612761.0,Toronto,Raptors,TOR,0,0,,,,,,0,0,,,,,,1
294,0021600042,368,4,0,3,9:13 PM,4:51,,,Gallinari REBOUND (Off:1 Def:1),,,5.0,201568,Danilo Gallinari,1610612743.0,Denver,Nuggets,DEN,0,0,,,,,,0,0,,,,,,1
295,0021600042,369,6,1,3,9:13 PM,4:47,Carroll P.FOUL (P4.PN) (A.Smith),,,,,4.0,201960,DeMarre Carroll,1610612761.0,Toronto,Raptors,TOR,5,201568,Danilo Gallinari,1610612743.0,Denver,Nuggets,DEN,1,0,,,,,,1
296,0021600042,370,3,11,3,9:13 PM,4:47,,,Gallinari Free Throw 1 of 2 (12 PTS),67 - 77,10,5.0,201568,Danilo Gallinari,1610612743.0,Denver,Nuggets,DEN,0,0,,,,,,0,0,,,,,,0
297,0021600042,372,3,12,3,9:13 PM,4:47,,,Gallinari Free Throw 2 of 2 (13 PTS),68 - 77,9,5.0,201568,Danilo Gallinari,1610612743.0,Denver,Nuggets,DEN,0,0,,,,,,0,0,,,,,,0
298,0021600042,374,2,86,3,9:14 PM,4:36,MISS DeRozan 11' Turnaround Fadeaway Shot,,,,,4.0,201942,DeMar DeRozan,1610612761.0,Toronto,Raptors,TOR,0,0,,,,,,0,0,,,,,,1
299,0021600042,375,4,0,3,9:14 PM,4:35,,,Nurkic REBOUND (Off:4 Def:8),,,5.0,203994,Jusuf Nurkic,1610612743.0,Denver,Nuggets,DEN,0,0,,,,,,0,0,,,,,,1
300,0021600042,376,1,1,3,9:14 PM,4:24,,,Gallinari 24' 3PT Jump Shot (16 PTS) (Barton 3 AST),71 - 77,6,5.0,201568,Danilo Gallinari,1610612743.0,Denver,Nuggets,DEN,5,203115,Will Barton,1610612743.0,Denver,Nuggets,DEN,0,0,,,,,,1
301,0021600042,377,5,45,3,9:14 PM,4:05,Lowry Out of Bounds - Bad Pass Turnover Turnover (P2.T5),,,,,4.0,200768,Kyle Lowry,1610612761.0,Toronto,Raptors,TOR,0,0,,,,,,1,0,,,,,,1
302,0021600042,378,2,42,3,9:14 PM,3:52,,,MISS Mudiay 5' Driving Layup,,,5.0,1626144,Emmanuel Mudiay,1610612743.0,Denver,Nuggets,DEN,0,0,,,,,,0,0,,,,,,1
303,0021600042,379,4,0,3,9:14 PM,3:52,Carroll REBOUND (Off:0 Def:2),,,,,4.0,201960,DeMarre Carroll,1610612761.0,Toronto,Raptors,TOR,0,0,,,,,,0,0,,,,,,1
304,0021600042,380,6,1,3,9:15 PM,3:51,,,Nurkic P.FOUL (P1.T4) (M.McCutchen),,,5.0,203994,Jusuf Nurkic,1610612743.0,Denver,Nuggets,DEN,4,201960,DeMarre Carroll,1610612761.0,Toronto,Raptors,TOR,1,0,,,,,,1
305,0021600042,382,2,104,3,9:15 PM,3:27,MISS Carroll 24' 3PT Step Back Bank Jump Shot,,,,,4.0,201960,DeMarre Carroll,1610612761.0,Toronto,Raptors,TOR,0,0,,,,,,0,0,,,,,,1
306,0021600042,384,4,0,3,9:15 PM,3:26,,,Barton REBOUND (Off:0 Def:3),,,5.0,203115,Will Barton,1610612743.0,Denver,Nuggets,DEN,0,0,,,,,,0,0,,,,,,1
307,0021600042,385,1,75,3,9:15 PM,3:16,,,Chandler 1' Driving Finger Roll Layup (5 PTS),73 - 77,4,5.0,201163,Wilson Chandler,1610612743.0,Denver,Nuggets,DEN,0,0,,,,,,0,0,,,,,,1
308,0021600042,387,9,1,3,9:16 PM,3:07,RAPTORS Timeout: Regular (Full 3 Short 0),,,,,2.0,1610612761,,,,,,0,0,,,,,,0,0,,,,,,0
309,0021600042,388,8,0,3,9:17 PM,3:07,SUB: Ross FOR Carroll,,,,,4.0,201960,DeMarre Carroll,1610612761.0,Toronto,Raptors,TOR,4,203082,Terrence Ross,1610612761.0,Toronto,Raptors,TOR,0,0,,,,,,0
310,0021600042,389,8,0,3,9:17 PM,3:07,SUB: Joseph FOR Lowry,,,,,4.0,200768,Kyle Lowry,1610612761.0,Toronto,Raptors,TOR,4,202709,Cory Joseph,1610612761.0,Toronto,Raptors,TOR,0,0,,,,,,0
311,0021600042,391,1,78,3,9:18 PM,3:01,DeRozan 15' Floating Jump Shot (24 PTS) (Joseph 3 AST),,,73 - 79,6,4.0,201942,DeMar DeRozan,1610612761.0,Toronto,Raptors,TOR,4,202709,Cory Joseph,1610612761.0,Toronto,Raptors,TOR,0,0,,,,,,1
312,0021600042,392,1,101,3,9:18 PM,2:41,,,Mudiay 3' Driving Floating Jump Shot (12 PTS),75 - 79,4,5.0,1626144,Emmanuel Mudiay,1610612743.0,Denver,Nuggets,DEN,0,0,,,,,,0,0,,,,,,1
313,0021600042,393,2,57,3,9:18 PM,2:17,MISS Patterson 7' Driving Hook Shot,,,,,4.0,202335,Patrick Patterson,1610612761.0,Toronto,Raptors,TOR,0,0,,,,,,0,0,,,,,,1
314,0021600042,394,4,0,3,9:18 PM,2:17,Patterson REBOUND (Off:2 Def:2),,,,,4.0,202335,Patrick Patterson,1610612761.0,Toronto,Raptors,TOR,0,0,,,,,,0,0,,,,,,1
315,0021600042,395,1,3,3,9:18 PM,2:15,Patterson 4' Hook Shot (3 PTS),,,75 - 81,6,4.0,202335,Patrick Patterson,1610612761.0,Toronto,Raptors,TOR,0,0,,,,,,0,0,,,,,,1
316,0021600042,396,1,42,3,9:19 PM,2:00,,,Mudiay 1' Driving Layup (14 PTS),77 - 81,4,5.0,1626144,Emmanuel Mudiay,1610612743.0,Denver,Nuggets,DEN,0,0,,,,,,0,0,,,,,,1
317,0021600042,397,1,43,3,9:19 PM,1:41,Valanciunas 3' Alley Oop Layup (12 PTS) (Joseph 4 AST),,,77 - 83,6,4.0,202685,Jonas Valanciunas,1610612761.0,Toronto,Raptors,TOR,4,202709,Cory Joseph,1610612761.0,Toronto,Raptors,TOR,0,0,,,,,,1
318,0021600042,398,1,96,3,9:19 PM,1:22,,,Nurkic 6' Turnaround Bank Hook Shot (9 PTS),79 - 83,4,5.0,203994,Jusuf Nurkic,1610612743.0,Denver,Nuggets,DEN,0,0,,,,,,0,0,,,,,,1
319,0021600042,399,2,1,3,9:20 PM,1:01,MISS DeRozan 15' Jump Shot,,Nurkic BLOCK (4 BLK),,,4.0,201942,DeMar DeRozan,1610612761.0,Toronto,Raptors,TOR,0,0,,,,,,5,203994,Jusuf Nurkic,1610612743.0,Denver,Nuggets,DEN,1
320,0021600042,400,4,0,3,9:20 PM,0:59,,,Barton REBOUND (Off:0 Def:4),,,5.0,203115,Will Barton,1610612743.0,Denver,Nuggets,DEN,0,0,,,,,,0,0,,,,,,1
321,0021600042,401,2,50,3,9:20 PM,0:54,Patterson BLOCK (5 BLK),,MISS Chandler  Running Dunk,,,5.0,201163,Wilson Chandler,1610612743.0,Denver,Nuggets,DEN,0,0,,,,,,4,202335,Patrick Patterson,1610612761.0,Toronto,Raptors,TOR,1
322,0021600042,402,4,0,3,9:20 PM,0:53,Patterson REBOUND (Off:2 Def:3),,,,,4.0,202335,Patrick Patterson,1610612761.0,Toronto,Raptors,TOR,0,0,,,,,,0,0,,,,,,1
323,0021600042,403,1,66,3,9:20 PM,0:50,DeRozan 4' Jump Bank Shot (26 PTS) (Patterson 3 AST),,,79 - 85,6,4.0,201942,DeMar DeRozan,1610612761.0,Toronto,Raptors,TOR,4,202335,Patrick Patterson,1610612761.0,Toronto,Raptors,TOR,0,0,,,,,,1
324,0021600042,404,6,2,3,9:20 PM,0:50,,,Nurkic S.FOUL (P2.PN) (M.McCutchen),,,5.0,203994,Jusuf Nurkic,1610612743.0,Denver,Nuggets,DEN,4,201942,DeMar DeRozan,1610612761.0,Toronto,Raptors,TOR,1,0,,,,,,1
325,0021600042,405,8,0,3,9:20 PM,0:50,,,SUB: Nelson FOR Nurkic,,,5.0,203994,Jusuf Nurkic,1610612743.0,Denver,Nuggets,DEN,5,2749,Jameer Nelson,1610612743.0,Denver,Nuggets,DEN,0,0,,,,,,0
326,0021600042,406,8,0,3,9:20 PM,0:50,,,SUB: Faried FOR Mudiay,,,5.0,1626144,Emmanuel Mudiay,1610612743.0,Denver,Nuggets,DEN,5,202702,Kenneth Faried,1610612743.0,Denver,Nuggets,DEN,0,0,,,,,,0
327,0021600042,407,8,0,3,9:21 PM,0:50,SUB: Poeltl FOR Valanciunas,,,,,4.0,202685,Jonas Valanciunas,1610612761.0,Toronto,Raptors,TOR,4,1627751,Jakob Poeltl,1610612761.0,Toronto,Raptors,TOR,0,0,,,,,,0
328,0021600042,408,3,10,3,9:21 PM,0:50,MISS DeRozan Free Throw 1 of 1,,,,,4.0,201942,DeMar DeRozan,1610612761.0,Toronto,Raptors,TOR,0,0,,,,,,0,0,,,,,,0
329,0021600042,410,4,0,3,9:21 PM,0:48,,,Chandler REBOUND (Off:0 Def:2),,,5.0,201163,Wilson Chandler,1610612743.0,Denver,Nuggets,DEN,0,0,,,,,,0,0,,,,,,1
330,0021600042,411,1,3,3,9:21 PM,0:33,,,Faried 5' Hook Shot (6 PTS),81 - 85,4,5.0,202702,Kenneth Faried,1610612743.0,Denver,Nuggets,DEN,0,0,,,,,,0,0,,,,,,1
331,0021600042,412,6,1,3,9:21 PM,0:30,,,Nelson P.FOUL (P1.PN) (M.McCutchen),,,5.0,2749,Jameer Nelson,1610612743.0,Denver,Nuggets,DEN,4,201942,DeMar DeRozan,1610612761.0,Toronto,Raptors,TOR,1,0,,,,,,1
332,0021600042,413,9,2,3,9:21 PM,0:30,,,Nuggets Timeout: Short (Reg.4 Short 1),,,3.0,1610612743,,,,,,0,0,,,,,,0,0,,,,,,0
333,0021600042,415,8,0,3,9:23 PM,0:30,,,SUB: Mudiay FOR Barton,,,5.0,203115,Will Barton,1610612743.0,Denver,Nuggets,DEN,5,1626144,Emmanuel Mudiay,1610612743.0,Denver,Nuggets,DEN,0,0,,,,,,0
334,0021600042,416,3,11,3,9:23 PM,0:30,MISS DeRozan Free Throw 1 of 2,,,,,4.0,201942,DeMar DeRozan,1610612761.0,Toronto,Raptors,TOR,0,0,,,,,,0,0,,,,,,0
335,0021600042,417,4,1,3,9:23 PM,0:30,RAPTORS Rebound,,,,,2.0,1610612761,,,,,,0,0,,,,,,0,0,,,,,,0
336,0021600042,418,3,12,3,9:23 PM,0:30,DeRozan Free Throw 2 of 2 (27 PTS),,,81 - 86,5,4.0,201942,DeMar DeRozan,1610612761.0,Toronto,Raptors,TOR,0,0,,,,,,0,0,,,,,,0
337,0021600042,420,1,1,3,9:24 PM,0:05,,,Nelson 25' 3PT Jump Shot (6 PTS) (Chandler 1 AST),84 - 86,2,5.0,2749,Jameer Nelson,1610612743.0,Denver,Nuggets,DEN,5,201163,Wilson Chandler,1610612743.0,Denver,Nuggets,DEN,0,0,,,,,,1
338,0021600042,421,1,86,3,9:24 PM,0:00,DeRozan 13' Turnaround Fadeaway (29 PTS),,,84 - 88,4,4.0,201942,DeMar DeRozan,1610612761.0,Toronto,Raptors,TOR,0,0,,,,,,0,0,,,,,,1
339,0021600042,422,18,0,3,9:24 PM,0:00,,,,,,,421,,,,,,0,0,,,,,,1,0,,,,,,0
340,0021600042,423,13,0,3,9:25 PM,0:00,,,,84 - 88,4,0.0,0,,,,,,0,0,,,,,,0,0,,,,,,0
341,0021600042,425,12,0,4,9:27 PM,12:00,,,,84 - 88,4,0.0,0,,,,,,0,0,,,,,,0,0,,,,,,0
342,0021600042,426,2,1,4,9:27 PM,11:50,MISS Lowry 26' 3PT Jump Shot,,,,,4.0,200768,Kyle Lowry,1610612761.0,Toronto,Raptors,TOR,0,0,,,,,,0,0,,,,,,1
343,0021600042,427,4,0,4,9:27 PM,11:50,,,Nuggets Rebound,,,3.0,1610612743,,,,,,0,0,,,,,,0,0,,,,,,0
344,0021600042,428,6,2,4,9:28 PM,11:32,Poeltl S.FOUL (P2.T1) (M.McCutchen),,,,,4.0,1627751,Jakob Poeltl,1610612761.0,Toronto,Raptors,TOR,5,201163,Wilson Chandler,1610612743.0,Denver,Nuggets,DEN,1,0,,,,,,1
345,0021600042,429,3,11,4,9:28 PM,11:32,,,Chandler Free Throw 1 of 2 (6 PTS),85 - 88,3,5.0,201163,Wilson Chandler,1610612743.0,Denver,Nuggets,DEN,0,0,,,,,,0,0,,,,,,0
346,0021600042,431,3,12,4,9:28 PM,11:32,,,MISS Chandler Free Throw 2 of 2,,,5.0,201163,Wilson Chandler,1610612743.0,Denver,Nuggets,DEN,0,0,,,,,,0,0,,,,,,0
347,0021600042,433,4,0,4,9:28 PM,11:31,Patterson REBOUND (Off:2 Def:4),,,,,4.0,202335,Patrick Patterson,1610612761.0,Toronto,Raptors,TOR,0,0,,,,,,0,0,,,,,,1
348,0021600042,434,6,2,4,9:29 PM,11:11,,,Chandler S.FOUL (P4.T1) (M.McCutchen),,,5.0,201163,Wilson Chandler,1610612743.0,Denver,Nuggets,DEN,4,200768,Kyle Lowry,1610612761.0,Toronto,Raptors,TOR,1,0,,,,,,1
349,0021600042,435,3,11,4,9:29 PM,11:11,Lowry Free Throw 1 of 2 (18 PTS),,,85 - 89,4,4.0,200768,Kyle Lowry,1610612761.0,Toronto,Raptors,TOR,0,0,,,,,,0,0,,,,,,0
350,0021600042,437,8,0,4,9:29 PM,11:11,,,SUB: Nurkic FOR Gallinari,,,5.0,201568,Danilo Gallinari,1610612743.0,Denver,Nuggets,DEN,5,203994,Jusuf Nurkic,1610612743.0,Denver,Nuggets,DEN,0,0,,,,,,0
351,0021600042,438,3,12,4,9:29 PM,11:11,MISS Lowry Free Throw 2 of 2,,,,,4.0,200768,Kyle Lowry,1610612761.0,Toronto,Raptors,TOR,0,0,,,,,,0,0,,,,,,0
352,0021600042,440,4,0,4,9:29 PM,11:09,,,Nurkic REBOUND (Off:4 Def:9),,,5.0,203994,Jusuf Nurkic,1610612743.0,Denver,Nuggets,DEN,0,0,,,,,,0,0,,,,,,1
353,0021600042,441,2,42,4,9:30 PM,10:58,Poeltl BLOCK (2 BLK),,MISS Murray 4' Driving Layup,,,5.0,1627750,Jamal Murray,1610612743.0,Denver,Nuggets,DEN,0,0,,,,,,4,1627751,Jakob Poeltl,1610612761.0,Toronto,Raptors,TOR,1
354,0021600042,442,4,0,4,9:30 PM,10:57,Lowry REBOUND (Off:0 Def:3),,,,,4.0,200768,Kyle Lowry,1610612761.0,Toronto,Raptors,TOR,0,0,,,,,,0,0,,,,,,1
355,0021600042,443,2,1,4,9:30 PM,10:51,MISS Patterson 25' 3PT Jump Shot,,,,,4.0,202335,Patrick Patterson,1610612761.0,Toronto,Raptors,TOR,0,0,,,,,,0,0,,,,,,1
356,0021600042,444,4,0,4,9:30 PM,10:51,,,Chandler REBOUND (Off:0 Def:3),,,5.0,201163,Wilson Chandler,1610612743.0,Denver,Nuggets,DEN,0,0,,,,,,0,0,,,,,,1
357,0021600042,445,6,17,4,9:30 PM,10:41,RAPTORS T.Foul (Def. 3 Sec Poeltl ) (G.Zielinski),,,,,4.0,1627751,Jakob Poeltl,1610612761.0,Toronto,Raptors,TOR,0,0,,,,,,1,0,,,,,,1
358,0021600042,446,3,16,4,9:30 PM,10:41,,,Murray Free Throw Technical (1 PTS),86 - 89,3,5.0,1627750,Jamal Murray,1610612743.0,Denver,Nuggets,DEN,0,0,,,,,,0,0,,,,,,0
359,0021600042,449,5,2,4,9:31 PM,10:37,Ross STEAL (1 STL),,Nurkic Lost Ball Turnover (P1.T6),,,5.0,203994,Jusuf Nurkic,1610612743.0,Denver,Nuggets,DEN,4,203082,Terrence Ross,1610612761.0,Toronto,Raptors,TOR,0,0,,,,,,1
360,0021600042,450,6,1,4,9:31 PM,10:35,,,Nelson P.FOUL (P2.T2) (G.Zielinski),,,5.0,2749,Jameer Nelson,1610612743.0,Denver,Nuggets,DEN,4,203082,Terrence Ross,1610612761.0,Toronto,Raptors,TOR,1,0,,,,,,1
361,0021600042,451,6,1,4,9:31 PM,10:19,,,Murray P.FOUL (P2.T3) (A.Smith),,,5.0,1627750,Jamal Murray,1610612743.0,Denver,Nuggets,DEN,4,202709,Cory Joseph,1610612761.0,Toronto,Raptors,TOR,1,0,,,,,,1
362,0021600042,452,6,1,4,9:32 PM,10:17,,,Murray P.FOUL (P3.T4) (A.Smith),,,5.0,1627750,Jamal Murray,1610612743.0,Denver,Nuggets,DEN,4,202709,Cory Joseph,1610612761.0,Toronto,Raptors,TOR,1,0,,,,,,1
363,0021600042,453,6,26,4,9:32 PM,10:10,Joseph Offensive Charge Foul (P3.T2) (M.McCutchen),,,,,4.0,202709,Cory Joseph,1610612761.0,Toronto,Raptors,TOR,5,1627750,Jamal Murray,1610612743.0,Denver,Nuggets,DEN,1,0,,,,,,1
364,0021600042,454,5,5,4,9:32 PM,10:10,Joseph Foul Turnover (P1.T6),,,,,4.0,202709,Cory Joseph,1610612761.0,Toronto,Raptors,TOR,0,0,,,,,,1,0,,,,,,1
365,0021600042,455,2,66,4,9:33 PM,9:45,,,MISS Chandler 28' 3PT Jump Bank Shot,,,5.0,201163,Wilson Chandler,1610612743.0,Denver,Nuggets,DEN,0,0,,,,,,0,0,,,,,,1
366,0021600042,456,4,0,4,9:33 PM,9:44,Lowry REBOUND (Off:0 Def:4),,,,,4.0,200768,Kyle Lowry,1610612761.0,Toronto,Raptors,TOR,0,0,,,,,,0,0,,,,,,1
367,0021600042,457,2,1,4,9:33 PM,9:27,MISS Ross 24' Jump Shot,,,,,4.0,203082,Terrence Ross,1610612761.0,Toronto,Raptors,TOR,0,0,,,,,,0,0,,,,,,1
368,0021600042,458,4,0,4,9:33 PM,9:27,RAPTORS Rebound,,,,,2.0,1610612761,,,,,,0,0,,,,,,0,0,,,,,,0
369,0021600042,459,6,3,4,9:33 PM,9:27,,,Nelson L.B.FOUL (P3.PN) (M.McCutchen),,,5.0,2749,Jameer Nelson,1610612743.0,Denver,Nuggets,DEN,4,1627751,Jakob Poeltl,1610612761.0,Toronto,Raptors,TOR,1,0,,,,,,1
370,0021600042,460,3,11,4,9:34 PM,9:27,Poeltl Free Throw 1 of 2 (1 PTS),,,86 - 90,4,4.0,1627751,Jakob Poeltl,1610612761.0,Toronto,Raptors,TOR,0,0,,,,,,0,0,,,,,,0
371,0021600042,462,3,12,4,9:34 PM,9:27,MISS Poeltl Free Throw 2 of 2,,,,,4.0,1627751,Jakob Poeltl,1610612761.0,Toronto,Raptors,TOR,0,0,,,,,,0,0,,,,,,0
372,0021600042,465,4,0,4,9:34 PM,9:26,,,Nurkic REBOUND (Off:4 Def:10),,,5.0,203994,Jusuf Nurkic,1610612743.0,Denver,Nuggets,DEN,0,0,,,,,,0,0,,,,,,1
373,0021600042,466,1,101,4,9:34 PM,9:14,,,Nelson 12' Driving Floating Jump Shot (8 PTS),88 - 90,2,5.0,2749,Jameer Nelson,1610612743.0,Denver,Nuggets,DEN,0,0,,,,,,0,0,,,,,,1
374,0021600042,467,2,1,4,9:34 PM,9:02,MISS Ross 25' 3PT Jump Shot,,,,,4.0,203082,Terrence Ross,1610612761.0,Toronto,Raptors,TOR,0,0,,,,,,0,0,,,,,,1
375,0021600042,468,4,0,4,9:34 PM,9:01,,,Faried REBOUND (Off:1 Def:2),,,5.0,202702,Kenneth Faried,1610612743.0,Denver,Nuggets,DEN,0,0,,,,,,0,0,,,,,,1
376,0021600042,469,1,1,4,9:35 PM,8:50,,,Chandler 25' 3PT Jump Shot (9 PTS) (Murray 1 AST),91 - 90,-1,5.0,201163,Wilson Chandler,1610612743.0,Denver,Nuggets,DEN,5,1627750,Jamal Murray,1610612743.0,Denver,Nuggets,DEN,0,0,,,,,,1
377,0021600042,470,2,43,4,9:35 PM,8:26,MISS Poeltl 1' Alley Oop Layup,,Chandler BLOCK (1 BLK),,,4.0,1627751,Jakob Poeltl,1610612761.0,Toronto,Raptors,TOR,0,0,,,,,,5,201163,Wilson Chandler,1610612743.0,Denver,Nuggets,DEN,1
378,0021600042,471,4,0,4,9:35 PM,8:25,,,Murray REBOUND (Off:0 Def:2),,,5.0,1627750,Jamal Murray,1610612743.0,Denver,Nuggets,DEN,0,0,,,,,,0,0,,,,,,1
379,0021600042,472,5,2,4,9:35 PM,8:23,Joseph STEAL (1 STL),,Murray Lost Ball Turnover (P1.T7),,,5.0,1627750,Jamal Murray,1610612743.0,Denver,Nuggets,DEN,4,202709,Cory Joseph,1610612761.0,Toronto,Raptors,TOR,0,0,,,,,,1
380,0021600042,473,2,57,4,9:35 PM,8:11,MISS Lowry 2' Driving Hook Shot,,,,,4.0,200768,Kyle Lowry,1610612761.0,Toronto,Raptors,TOR,0,0,,,,,,0,0,,,,,,1
381,0021600042,474,4,0,4,9:35 PM,8:11,,,Nurkic REBOUND (Off:4 Def:11),,,5.0,203994,Jusuf Nurkic,1610612743.0,Denver,Nuggets,DEN,0,0,,,,,,0,0,,,,,,1
382,0021600042,475,6,27,4,9:35 PM,8:00,Patterson Personal Block Foul (P2.T3) (M.McCutchen),,,,,4.0,202335,Patrick Patterson,1610612761.0,Toronto,Raptors,TOR,5,201163,Wilson Chandler,1610612743.0,Denver,Nuggets,DEN,1,0,,,,,,1
383,0021600042,476,9,4,4,9:36 PM,8:00,,,,,,1.0,0,,,,,,0,0,,,,,,0,0,,,,,,0
384,0021600042,478,8,0,4,9:38 PM,8:00,SUB: DeRozan FOR Ross,,,,,4.0,203082,Terrence Ross,1610612761.0,Toronto,Raptors,TOR,4,201942,DeMar DeRozan,1610612761.0,Toronto,Raptors,TOR,0,0,,,,,,0
385,0021600042,480,1,79,4,9:38 PM,7:53,,,Nelson 25' 3PT Pullup Jump Shot (11 PTS),94 - 90,-4,5.0,2749,Jameer Nelson,1610612743.0,Denver,Nuggets,DEN,0,0,,,,,,0,0,,,,,,1
386,0021600042,481,1,42,4,9:39 PM,7:36,Lowry 4' Driving Layup (20 PTS),,,94 - 92,-2,4.0,200768,Kyle Lowry,1610612761.0,Toronto,Raptors,TOR,0,0,,,,,,0,0,,,,,,1
387,0021600042,482,1,98,4,9:39 PM,7:21,,,Nurkic 1' Cutting Layup Shot (11 PTS) (Murray 2 AST),96 - 92,-4,5.0,203994,Jusuf Nurkic,1610612743.0,Denver,Nuggets,DEN,5,1627750,Jamal Murray,1610612743.0,Denver,Nuggets,DEN,0,0,,,,,,1
388,0021600042,483,6,2,4,9:39 PM,7:21,Poeltl S.FOUL (P3.T4) (M.McCutchen),,,,,4.0,1627751,Jakob Poeltl,1610612761.0,Toronto,Raptors,TOR,5,203994,Jusuf Nurkic,1610612743.0,Denver,Nuggets,DEN,1,0,,,,,,1
389,0021600042,484,3,10,4,9:39 PM,7:21,,,Nurkic Free Throw 1 of 1 (12 PTS),97 - 92,-5,5.0,203994,Jusuf Nurkic,1610612743.0,Denver,Nuggets,DEN,0,0,,,,,,0,0,,,,,,0
390,0021600042,487,6,2,4,9:40 PM,6:58,,,Nelson S.FOUL (P4.PN) (M.McCutchen),,,5.0,2749,Jameer Nelson,1610612743.0,Denver,Nuggets,DEN,4,200768,Kyle Lowry,1610612761.0,Toronto,Raptors,TOR,1,0,,,,,,1
391,0021600042,488,3,11,4,9:40 PM,6:58,Lowry Free Throw 1 of 2 (21 PTS),,,97 - 93,-4,4.0,200768,Kyle Lowry,1610612761.0,Toronto,Raptors,TOR,0,0,,,,,,0,0,,,,,,0
392,0021600042,490,3,12,4,9:40 PM,6:58,MISS Lowry Free Throw 2 of 2,,,,,4.0,200768,Kyle Lowry,1610612761.0,Toronto,Raptors,TOR,0,0,,,,,,0,0,,,,,,0
393,0021600042,492,4,0,4,9:41 PM,6:57,,,Faried REBOUND (Off:1 Def:3),,,5.0,202702,Kenneth Faried,1610612743.0,Denver,Nuggets,DEN,0,0,,,,,,0,0,,,,,,1
394,0021600042,493,2,57,4,9:41 PM,6:38,,,MISS Faried 7' Driving Hook Shot,,,5.0,202702,Kenneth Faried,1610612743.0,Denver,Nuggets,DEN,0,0,,,,,,0,0,,,,,,1
395,0021600042,494,4,0,4,9:41 PM,6:37,Poeltl REBOUND (Off:0 Def:4),,,,,4.0,1627751,Jakob Poeltl,1610612761.0,Toronto,Raptors,TOR,0,0,,,,,,0,0,,,,,,1
396,0021600042,495,2,1,4,9:41 PM,6:30,MISS Lowry 9' Jump Shot,,Faried BLOCK (1 BLK),,,4.0,200768,Kyle Lowry,1610612761.0,Toronto,Raptors,TOR,0,0,,,,,,5,202702,Kenneth Faried,1610612743.0,Denver,Nuggets,DEN,1
397,0021600042,496,4,0,4,9:41 PM,6:29,Poeltl REBOUND (Off:1 Def:4),,,,,4.0,1627751,Jakob Poeltl,1610612761.0,Toronto,Raptors,TOR,0,0,,,,,,0,0,,,,,,1
398,0021600042,497,2,72,4,9:41 PM,6:28,MISS Poeltl 2' Putback Layup,,,,,4.0,1627751,Jakob Poeltl,1610612761.0,Toronto,Raptors,TOR,0,0,,,,,,0,0,,,,,,1
399,0021600042,498,4,0,4,9:41 PM,6:27,,,Faried REBOUND (Off:1 Def:4),,,5.0,202702,Kenneth Faried,1610612743.0,Denver,Nuggets,DEN,0,0,,,,,,0,0,,,,,,1
400,0021600042,499,2,42,4,9:41 PM,6:20,,,MISS Murray 1' Driving Layup,,,5.0,1627750,Jamal Murray,1610612743.0,Denver,Nuggets,DEN,0,0,,,,,,0,0,,,,,,1
401,0021600042,500,4,0,4,9:41 PM,6:20,Joseph REBOUND (Off:1 Def:2),,,,,4.0,202709,Cory Joseph,1610612761.0,Toronto,Raptors,TOR,0,0,,,,,,0,0,,,,,,1
402,0021600042,502,2,101,4,9:41 PM,6:07,MISS Joseph 6' Driving Floating Jump Shot,,,,,4.0,202709,Cory Joseph,1610612761.0,Toronto,Raptors,TOR,0,0,,,,,,0,0,,,,,,1
403,0021600042,503,4,0,4,9:41 PM,6:06,,,Nurkic REBOUND (Off:4 Def:12),,,5.0,203994,Jusuf Nurkic,1610612743.0,Denver,Nuggets,DEN,0,0,,,,,,0,0,,,,,,1
404,0021600042,504,1,102,4,9:42 PM,5:56,,,Nelson 8' Driving Floating Bank Jump Shot (13 PTS),99 - 93,-6,5.0,2749,Jameer Nelson,1610612743.0,Denver,Nuggets,DEN,0,0,,,,,,0,0,,,,,,1
405,0021600042,505,9,1,4,9:42 PM,5:55,RAPTORS Timeout: Regular (Full 4 Short 0),,,,,2.0,1610612761,,,,,,0,0,,,,,,0,0,,,,,,0
406,0021600042,507,8,0,4,9:44 PM,5:55,SUB: Valanciunas FOR Joseph,,,,,4.0,202709,Cory Joseph,1610612761.0,Toronto,Raptors,TOR,4,202685,Jonas Valanciunas,1610612761.0,Toronto,Raptors,TOR,0,0,,,,,,0
407,0021600042,508,8,0,4,9:44 PM,5:55,SUB: Carroll FOR Poeltl,,,,,4.0,1627751,Jakob Poeltl,1610612761.0,Toronto,Raptors,TOR,4,201960,DeMarre Carroll,1610612761.0,Toronto,Raptors,TOR,0,0,,,,,,0
408,0021600042,509,8,0,4,9:44 PM,5:55,,,SUB: Gallinari FOR Faried,,,5.0,202702,Kenneth Faried,1610612743.0,Denver,Nuggets,DEN,5,201568,Danilo Gallinari,1610612743.0,Denver,Nuggets,DEN,0,0,,,,,,0
409,0021600042,510,8,0,4,9:44 PM,5:55,,,SUB: Mudiay FOR Murray,,,5.0,1627750,Jamal Murray,1610612743.0,Denver,Nuggets,DEN,5,1626144,Emmanuel Mudiay,1610612743.0,Denver,Nuggets,DEN,0,0,,,,,,0
410,0021600042,511,1,42,4,9:44 PM,5:33,Lowry 2' Driving Layup (23 PTS),,,99 - 95,-4,4.0,200768,Kyle Lowry,1610612761.0,Toronto,Raptors,TOR,0,0,,,,,,0,0,,,,,,1
411,0021600042,512,6,1,4,9:45 PM,5:11,Patterson P.FOUL (P3.PN) (A.Smith),,,,,4.0,202335,Patrick Patterson,1610612761.0,Toronto,Raptors,TOR,5,201568,Danilo Gallinari,1610612743.0,Denver,Nuggets,DEN,1,0,,,,,,1
412,0021600042,513,2,57,4,9:45 PM,5:02,Valanciunas BLOCK (1 BLK),,MISS Nurkic 5' Driving Hook Shot,,,5.0,203994,Jusuf Nurkic,1610612743.0,Denver,Nuggets,DEN,0,0,,,,,,4,202685,Jonas Valanciunas,1610612761.0,Toronto,Raptors,TOR,1
413,0021600042,514,4,0,4,9:45 PM,5:01,Valanciunas REBOUND (Off:1 Def:4),,,,,4.0,202685,Jonas Valanciunas,1610612761.0,Toronto,Raptors,TOR,0,0,,,,,,0,0,,,,,,1
414,0021600042,515,5,2,4,9:46 PM,4:53,Lowry Lost Ball Turnover (P3.T7),,Nelson STEAL (1 STL),,,4.0,200768,Kyle Lowry,1610612761.0,Toronto,Raptors,TOR,5,2749,Jameer Nelson,1610612743.0,Denver,Nuggets,DEN,0,0,,,,,,1
415,0021600042,516,2,75,4,9:46 PM,4:44,,,MISS Mudiay 4' Driving Finger Roll Layup,,,5.0,1626144,Emmanuel Mudiay,1610612743.0,Denver,Nuggets,DEN,0,0,,,,,,0,0,,,,,,1
416,0021600042,517,4,0,4,9:46 PM,4:43,Valanciunas REBOUND (Off:1 Def:5),,,,,4.0,202685,Jonas Valanciunas,1610612761.0,Toronto,Raptors,TOR,0,0,,,,,,0,0,,,,,,1
417,0021600042,518,1,75,4,9:46 PM,4:26,DeRozan 3' Driving Finger Roll Layup (31 PTS),,,99 - 97,-2,4.0,201942,DeMar DeRozan,1610612761.0,Toronto,Raptors,TOR,0,0,,,,,,0,0,,,,,,1
418,0021600042,519,9,1,4,9:46 PM,4:26,,,Nuggets Timeout: Regular (Reg.5 Short 1),,,3.0,1610612743,,,,,,0,0,,,,,,0,0,,,,,,0
419,0021600042,523,2,1,4,9:49 PM,4:14,,,MISS Gallinari 24' 3PT Jump Shot,,,5.0,201568,Danilo Gallinari,1610612743.0,Denver,Nuggets,DEN,0,0,,,,,,0,0,,,,,,1
420,0021600042,524,4,0,4,9:49 PM,4:14,,,Mudiay REBOUND (Off:1 Def:5),,,5.0,1626144,Emmanuel Mudiay,1610612743.0,Denver,Nuggets,DEN,0,0,,,,,,0,0,,,,,,1
421,0021600042,527,5,1,4,9:49 PM,4:14,DeRozan STEAL (1 STL),,Mudiay Bad Pass Turnover (P2.T8),,,5.0,1626144,Emmanuel Mudiay,1610612743.0,Denver,Nuggets,DEN,4,201942,DeMar DeRozan,1610612761.0,Toronto,Raptors,TOR,0,0,,,,,,1
422,0021600042,525,2,101,4,9:49 PM,3:57,MISS DeRozan 4' Driving Floating Jump Shot,,Nurkic BLOCK (5 BLK),,,4.0,201942,DeMar DeRozan,1610612761.0,Toronto,Raptors,TOR,0,0,,,,,,5,203994,Jusuf Nurkic,1610612743.0,Denver,Nuggets,DEN,1
423,0021600042,526,4,0,4,9:49 PM,3:55,,,Nurkic REBOUND (Off:4 Def:13),,,5.0,203994,Jusuf Nurkic,1610612743.0,Denver,Nuggets,DEN,0,0,,,,,,0,0,,,,,,1
424,0021600042,528,2,79,4,9:49 PM,3:39,,,MISS Mudiay 11' Pullup Jump Shot,,,5.0,1626144,Emmanuel Mudiay,1610612743.0,Denver,Nuggets,DEN,0,0,,,,,,0,0,,,,,,1
425,0021600042,529,4,0,4,9:49 PM,3:39,Valanciunas REBOUND (Off:1 Def:6),,,,,4.0,202685,Jonas Valanciunas,1610612761.0,Toronto,Raptors,TOR,0,0,,,,,,0,0,,,,,,1
426,0021600042,530,1,42,4,9:50 PM,3:24,Lowry 4' Driving Layup (25 PTS),,,99 - 99,TIE,4.0,200768,Kyle Lowry,1610612761.0,Toronto,Raptors,TOR,0,0,,,,,,0,0,,,,,,1
427,0021600042,532,2,79,4,9:50 PM,3:10,,,MISS Nelson 15' Pullup Jump Shot,,,5.0,2749,Jameer Nelson,1610612743.0,Denver,Nuggets,DEN,0,0,,,,,,0,0,,,,,,1
428,0021600042,533,4,0,4,9:50 PM,3:10,,,Nelson REBOUND (Off:1 Def:1),,,5.0,2749,Jameer Nelson,1610612743.0,Denver,Nuggets,DEN,0,0,,,,,,0,0,,,,,,1
429,0021600042,535,1,57,4,9:50 PM,2:54,,,Mudiay 5' Driving Hook Shot (16 PTS),101 - 99,-2,5.0,1626144,Emmanuel Mudiay,1610612743.0,Denver,Nuggets,DEN,0,0,,,,,,0,0,,,,,,1
430,0021600042,536,2,79,4,9:50 PM,2:37,MISS Lowry 29' 3PT Pullup Jump Shot,,,,,4.0,200768,Kyle Lowry,1610612761.0,Toronto,Raptors,TOR,0,0,,,,,,0,0,,,,,,1
431,0021600042,537,4,0,4,9:50 PM,2:36,Valanciunas REBOUND (Off:2 Def:6),,,,,4.0,202685,Jonas Valanciunas,1610612761.0,Toronto,Raptors,TOR,0,0,,,,,,0,0,,,,,,1
432,0021600042,538,2,97,4,9:50 PM,2:35,MISS Valanciunas 2' Tip Layup Shot,,,,,4.0,202685,Jonas Valanciunas,1610612761.0,Toronto,Raptors,TOR,0,0,,,,,,0,0,,,,,,1
433,0021600042,539,4,0,4,9:50 PM,2:34,Valanciunas REBOUND (Off:3 Def:6),,,,,4.0,202685,Jonas Valanciunas,1610612761.0,Toronto,Raptors,TOR,0,0,,,,,,0,0,,,,,,1
434,0021600042,540,1,42,4,9:51 PM,2:21,DeRozan 2' Driving Layup (33 PTS),,,101 - 101,TIE,4.0,201942,DeMar DeRozan,1610612761.0,Toronto,Raptors,TOR,0,0,,,,,,0,0,,,,,,1
435,0021600042,541,2,1,4,9:51 PM,2:00,,,MISS Chandler 25' 3PT Jump Shot,,,5.0,201163,Wilson Chandler,1610612743.0,Denver,Nuggets,DEN,0,0,,,,,,0,0,,,,,,1
436,0021600042,542,4,0,4,9:51 PM,2:00,Lowry REBOUND (Off:0 Def:5),,,,,4.0,200768,Kyle Lowry,1610612761.0,Toronto,Raptors,TOR,0,0,,,,,,0,0,,,,,,1
437,0021600042,543,1,80,4,9:51 PM,1:36,Lowry 14' Step Back Jump Shot (27 PTS),,,101 - 103,2,4.0,200768,Kyle Lowry,1610612761.0,Toronto,Raptors,TOR,0,0,,,,,,0,0,,,,,,1
438,0021600042,544,2,79,4,9:52 PM,1:21,,,MISS Nelson 11' Pullup Jump Shot,,,5.0,2749,Jameer Nelson,1610612743.0,Denver,Nuggets,DEN,0,0,,,,,,0,0,,,,,,1
439,0021600042,545,4,0,4,9:52 PM,1:21,,,Nuggets Rebound,,,3.0,1610612743,,,,,,0,0,,,,,,0,0,,,,,,1
440,0021600042,546,6,3,4,9:52 PM,1:21,Valanciunas L.B.FOUL (P4.PN) (G.Zielinski),,,,,4.0,202685,Jonas Valanciunas,1610612761.0,Toronto,Raptors,TOR,5,203994,Jusuf Nurkic,1610612743.0,Denver,Nuggets,DEN,1,0,,,,,,1
441,0021600042,547,3,11,4,9:52 PM,1:21,,,MISS Nurkic Free Throw 1 of 2,,,5.0,203994,Jusuf Nurkic,1610612743.0,Denver,Nuggets,DEN,0,0,,,,,,0,0,,,,,,0
442,0021600042,548,4,1,4,9:52 PM,1:21,,,Nuggets Rebound,,,3.0,1610612743,,,,,,0,0,,,,,,0,0,,,,,,0
443,0021600042,549,9,1,4,9:52 PM,1:21,RAPTORS Timeout: Regular (Full 5 Short 0),,,,,2.0,1610612761,,,,,,0,0,,,,,,0,0,,,,,,0
444,0021600042,553,3,12,4,9:54 PM,1:21,,,Nurkic Free Throw 2 of 2 (13 PTS),102 - 103,1,5.0,203994,Jusuf Nurkic,1610612743.0,Denver,Nuggets,DEN,0,0,,,,,,0,0,,,,,,0
445,0021600042,555,2,79,4,9:55 PM,1:07,MISS DeRozan 16' Pullup Jump Shot,,,,,4.0,201942,DeMar DeRozan,1610612761.0,Toronto,Raptors,TOR,0,0,,,,,,0,0,,,,,,1
446,0021600042,556,4,0,4,9:55 PM,1:07,Patterson REBOUND (Off:3 Def:4),,,,,4.0,202335,Patrick Patterson,1610612761.0,Toronto,Raptors,TOR,0,0,,,,,,0,0,,,,,,1
447,0021600042,557,1,42,4,9:55 PM,0:45,Lowry 3' Driving Layup (29 PTS),,,102 - 105,3,4.0,200768,Kyle Lowry,1610612761.0,Toronto,Raptors,TOR,0,0,,,,,,0,0,,,,,,1
448,0021600042,558,9,1,4,9:55 PM,0:45,,,Nuggets Timeout: Regular (Reg.6 Short 1),,,3.0,1610612743,,,,,,0,0,,,,,,0,0,,,,,,0
449,0021600042,562,2,1,4,9:57 PM,0:37,,,MISS Gallinari 28' 3PT Jump Shot,,,5.0,201568,Danilo Gallinari,1610612743.0,Denver,Nuggets,DEN,0,0,,,,,,0,0,,,,,,1
450,0021600042,563,4,0,4,9:57 PM,0:36,DeRozan REBOUND (Off:2 Def:3),,,,,4.0,201942,DeMar DeRozan,1610612761.0,Toronto,Raptors,TOR,0,0,,,,,,0,0,,,,,,1
451,0021600042,564,9,2,4,9:57 PM,0:34,RAPTORS Timeout: Short (Full 5 Short 1),,,,,2.0,1610612761,,,,,,0,0,,,,,,0,0,,,,,,0
452,0021600042,567,2,63,4,9:59 PM,0:12,MISS Lowry 18' Fadeaway Jumper,,,,,4.0,200768,Kyle Lowry,1610612761.0,Toronto,Raptors,TOR,0,0,,,,,,0,0,,,,,,1
453,0021600042,568,4,0,4,9:59 PM,0:12,RAPTORS Rebound,,,,,2.0,1610612761,,,,,,0,0,,,,,,0,0,,,,,,0
454,0021600042,569,5,11,4,9:59 PM,0:12,RAPTORS Turnover: Shot Clock (T#8),,,,,2.0,1610612761,,,,,,0,0,,,,,,1,0,,,,,,0
455,0021600042,570,2,1,4,10:00 PM,0:02,,,MISS Mudiay 26' 3PT Jump Shot,,,5.0,1626144,Emmanuel Mudiay,1610612743.0,Denver,Nuggets,DEN,0,0,,,,,,0,0,,,,,,1
456,0021600042,571,4,0,4,10:00 PM,0:01,,,Nurkic REBOUND (Off:5 Def:13),,,5.0,203994,Jusuf Nurkic,1610612743.0,Denver,Nuggets,DEN,0,0,,,,,,0,0,,,,,,1
457,0021600042,572,2,97,4,10:00 PM,0:00,,,MISS Nurkic  Tip Layup Shot,,,5.0,203994,Jusuf Nurkic,1610612743.0,Denver,Nuggets,DEN,0,0,,,,,,0,0,,,,,,1
458,0021600042,573,4,0,4,10:00 PM,0:00,,,Nuggets Rebound,,,3.0,1610612743,,,,,,0,0,,,,,,0,0,,,,,,0
459,0021600042,574,18,1,4,10:00 PM,0:00,,,,,,,573,,,,,,0,0,,,,,,1,0,,,,,,0
460,0021600042,575,8,0,4,10:01 PM,0:00,,,SUB: Jokic FOR Mudiay,,,5.0,1626144,Emmanuel Mudiay,1610612743.0,Denver,Nuggets,DEN,5,203999,Nikola Jokic,1610612743.0,Denver,Nuggets,DEN,0,0,,,,,,0
461,0021600042,578,2,1,4,10:01 PM,0:00,,,MISS Gallinari 28' 3PT Jump Shot,,,5.0,201568,Danilo Gallinari,1610612743.0,Denver,Nuggets,DEN,0,0,,,,,,0,0,,,,,,1
462,0021600042,579,4,0,4,10:02 PM,0:00,,,Nuggets Rebound,,,3.0,1610612743,,,,,,0,0,,,,,,0,0,,,,,,0
463,0021600042,580,13,0,4,10:02 PM,0:00,,,,102 - 105,3,0.0,0,,,,,,0,0,,,,,,0,0,,,,,,0
