GAME_ID,EVENTNUM,EVENTMSGTYPE,EVENTMSGACTIONTYPE,PERIOD,WCTIMESTRING,PCTIMESTRING,HOMEDESCRIPTION,NEUTRALDESCRIPTION,VISITORDESCRIPTION,SCORE,SCOREMARGIN,PERSON1TYPE,PLAYER1_ID,PLAYER1_NAME,PLAYER1_TEAM_ID,PLAYER1_TEAM_CITY,PLAYER1_TEAM_NICKNAME,PLAYER1_TEAM_ABBREVIATION,PERSON2TYPE,PLAYER2_ID,PLAYER2_NAME,PLAYER2_TEAM_ID,PLAYER2_TEAM_CITY,PLAYER2_TEAM_NICKNAME,PLAYER2_TEAM_ABBREVIATION,PERSON3TYPE,PLAYER3_ID,PLAYER3_NAME,PLAYER3_TEAM_ID,PLAYER3_TEAM_CITY,PLAYER3_TEAM_NICKNAME,PLAYER3_TEAM_ABBREVIATION,VIDEO_AVAILABLE_FLAG
0022000948,2,12,0,1,9:11 PM,12:00,,Start of 1st Period (9:11 PM EST),,,,0,0,,,,,,0,0,,,,,,0,0,,,,,,0
0022000948,4,10,0,1,9:11 PM,12:00,Jump Ball Jokic vs. Birch: Tip to Dozier,,,,,4,203999,Nikola Jokic,1610612743.0,Denver,Nuggets,DEN,5,203920,Khem Birch,1610612761.0,Toronto,Raptors,TOR,4,1628408,PJ Dozier,1610612743.0,Denver,Nuggets,DEN,1
0022000948,7,2,6,1,9:11 PM,11:40,MISS Gordon 5' Driving Layup,,,,,4,203932,Aaron Gordon,1610612743.0,Denver,Nuggets,DEN,0,0,,,,,,0,0,,,,,,1
0022000948,8,4,0,1,9:11 PM,11:36,,,Birch REBOUND (Off:0 Def:1),,,5,203920,Khem Birch,1610612761.0,Toronto,Raptors,TOR,0,0,,,,,,0,0,,,,,,1
0022000948,9,1,108,1,9:12 PM,11:32,,,Birch 1' Cutting Dunk Shot (2 PTS) (Flynn 1 AST),2 - 0,-2,5,203920,Khem Birch,1610612761.0,Toronto,Raptors,TOR,5,1630201,Malachi Flynn,1610612761.0,Toronto,Raptors,TOR,0,0,,,,,,1
0022000948,11,1,98,1,9:12 PM,11:14,Porter Jr. 2' Cutting Layup Shot (2 PTS) (Jokic 1 AST),,,2 - 2,TIE,4,1629008,Michael Porter Jr.,1610612743.0,Denver,Nuggets,DEN,4,203999,Nikola Jokic,1610612743.0,Denver,Nuggets,DEN,0,0,,,,,,1
0022000948,13,1,1,1,9:12 PM,10:56,,,Siakam 26' 3PT Jump Shot (3 PTS) (Lowry 1 AST),5 - 2,-3,5,1627783,Pascal Siakam,1610612761.0,Toronto,Raptors,TOR,5,200768,Kyle Lowry,1610612761.0,Toronto,Raptors,TOR,0,0,,,,,,1
0022000948,15,5,2,1,9:12 PM,10:39,Dozier Lost Ball Turnover (P1.T1),,Lowry STEAL (1 STL),,,4,1628408,PJ Dozier,1610612743.0,Denver,Nuggets,DEN,5,200768,Kyle Lowry,1610612761.0,Toronto,Raptors,TOR,0,0,,,,,,1
0022000948,17,5,40,1,9:13 PM,10:34,,,Flynn Out of Bounds Lost Ball Turnover (P1.T1),,,5,1630201,Malachi Flynn,1610612761.0,Toronto,Raptors,TOR,0,0,,,,,,1,0,,,,,,1
0022000948,18,1,1,1,9:13 PM,10:19,Porter Jr. 25' 3PT Jump Shot (5 PTS) (Gordon 1 AST),,,5 - 5,TIE,4,1629008,Michael Porter Jr.,1610612743.0,Denver,Nuggets,DEN,4,203932,Aaron Gordon,1610612743.0,Denver,Nuggets,DEN,0,0,,,,,,1
0022000948,20,2,6,1,9:13 PM,10:04,Porter Jr. BLOCK (1 BLK),,MISS Anunoby 3' Driving Layup,,,5,1628384,OG Anunoby,1610612761.0,Toronto,Raptors,TOR,0,0,,,,,,4,1629008,Michael Porter Jr.,1610612743.0,Denver,Nuggets,DEN,1
0022000948,22,4,0,1,9:13 PM,10:03,Jokic REBOUND (Off:0 Def:1),,,,,4,203999,Nikola Jokic,1610612743.0,Denver,Nuggets,DEN,0,0,,,,,,0,0,,,,,,1
0022000948,23,2,101,1,9:13 PM,9:52,MISS Gordon 3' Driving Floating Jump Shot,,,,,4,203932,Aaron Gordon,1610612743.0,Denver,Nuggets,DEN,0,0,,,,,,0,0,,,,,,1
0022000948,24,4,0,1,9:13 PM,9:50,Gordon REBOUND (Off:1 Def:0),,,,,4,203932,Aaron Gordon,1610612743.0,Denver,Nuggets,DEN,0,0,,,,,,0,0,,,,,,1
0022000948,25,1,72,1,9:13 PM,9:50,Gordon 1' Putback Layup (2 PTS),,,5 - 7,2,4,203932,Aaron Gordon,1610612743.0,Denver,Nuggets,DEN,0,0,,,,,,0,0,,,,,,1
0022000948,26,2,6,1,9:14 PM,9:40,,,MISS Lowry 3' Driving Layup,,,5,200768,Kyle Lowry,1610612761.0,Toronto,Raptors,TOR,0,0,,,,,,0,0,,,,,,1
0022000948,27,4,0,1,9:14 PM,9:38,Campazzo REBOUND (Off:0 Def:1),,,,,4,1630267,Facundo Campazzo,1610612743.0,Denver,Nuggets,DEN,0,0,,,,,,0,0,,,,,,1
0022000948,28,1,6,1,9:14 PM,9:35,Campazzo 1' Driving Layup (2 PTS),,,5 - 9,4,4,1630267,Facundo Campazzo,1610612743.0,Denver,Nuggets,DEN,0,0,,,,,,0,0,,,,,,1
0022000948,29,7,2,1,9:14 PM,9:35,,,Birch Violation:Defensive Goaltending (T.Brothers),,,5,203920,Khem Birch,1610612761.0,Toronto,Raptors,TOR,0,0,,,,,,1,0,,,,,,1
0022000948,30,6,2,1,9:14 PM,9:26,Dozier S.FOUL (P1.T1) (M.Smith),,,,,4,1628408,PJ Dozier,1610612743.0,Denver,Nuggets,DEN,5,200768,Kyle Lowry,1610612761.0,Toronto,Raptors,TOR,1,0,,,,,,1
0022000948,32,3,11,1,9:15 PM,9:26,,,MISS Lowry Free Throw 1 of 2,,,5,200768,Kyle Lowry,1610612761.0,Toronto,Raptors,TOR,0,0,,,,,,0,0,,,,,,1
0022000948,33,4,1,1,9:15 PM,9:26,,,Raptors Rebound,,,3,1610612761,,,,,,0,0,,,,,,0,0,,,,,,0
0022000948,34,3,12,1,9:15 PM,9:26,,,Lowry Free Throw 2 of 2 (1 PTS),6 - 9,3,5,200768,Kyle Lowry,1610612761.0,Toronto,Raptors,TOR,0,0,,,,,,0,0,,,,,,1
0022000948,35,2,1,1,9:15 PM,9:03,MISS Gordon 25' 3PT Jump Shot,,,,,4,203932,Aaron Gordon,1610612743.0,Denver,Nuggets,DEN,0,0,,,,,,0,0,,,,,,1
0022000948,36,4,0,1,9:16 PM,8:57,Dozier REBOUND (Off:1 Def:0),,,,,4,1628408,PJ Dozier,1610612743.0,Denver,Nuggets,DEN,0,0,,,,,,0,0,,,,,,1
0022000948,37,2,97,1,9:16 PM,8:57,MISS Dozier Tip Layup Shot,,,,,4,1628408,PJ Dozier,1610612743.0,Denver,Nuggets,DEN,0,0,,,,,,0,0,,,,,,1
0022000948,38,4,0,1,9:16 PM,8:57,Jokic REBOUND (Off:1 Def:1),,,,,4,203999,Nikola Jokic,1610612743.0,Denver,Nuggets,DEN,0,0,,,,,,0,0,,,,,,1
0022000948,39,1,97,1,9:16 PM,8:55,Jokic Tip Layup Shot (2 PTS),,,6 - 11,5,4,203999,Nikola Jokic,1610612743.0,Denver,Nuggets,DEN,0,0,,,,,,0,0,,,,,,1
0022000948,40,1,1,1,9:16 PM,8:43,,,Anunoby 26' 3PT Jump Shot (3 PTS) (Birch 1 AST),9 - 11,2,5,1628384,OG Anunoby,1610612761.0,Toronto,Raptors,TOR,5,203920,Khem Birch,1610612761.0,Toronto,Raptors,TOR,0,0,,,,,,1
0022000948,42,5,1,1,9:16 PM,8:27,Gordon Bad Pass Turnover (P1.T2),,Anunoby STEAL (1 STL),,,4,203932,Aaron Gordon,1610612743.0,Denver,Nuggets,DEN,5,1628384,OG Anunoby,1610612761.0,Toronto,Raptors,TOR,0,0,,,,,,1
0022000948,44,1,50,1,9:16 PM,8:23,,,Anunoby 1' Running Dunk (5 PTS),11 - 11,TIE,5,1628384,OG Anunoby,1610612761.0,Toronto,Raptors,TOR,0,0,,,,,,0,0,,,,,,1
0022000948,45,2,1,1,9:17 PM,7:55,MISS Porter Jr. 26' 3PT Jump Shot,,,,,4,1629008,Michael Porter Jr.,1610612743.0,Denver,Nuggets,DEN,0,0,,,,,,0,0,,,,,,1
0022000948,46,4,0,1,9:17 PM,7:55,,,Siakam REBOUND (Off:0 Def:1),,,5,1627783,Pascal Siakam,1610612761.0,Toronto,Raptors,TOR,0,0,,,,,,0,0,,,,,,1
0022000948,47,1,6,1,9:17 PM,7:44,,,Siakam 2' Driving Layup (5 PTS),13 - 11,-2,5,1627783,Pascal Siakam,1610612761.0,Toronto,Raptors,TOR,0,0,,,,,,0,0,,,,,,1
0022000948,48,9,1,1,9:17 PM,7:44,NUGGETS Timeout: Regular (Full 1 Short 0),,,,,2,1610612743,,,,,,0,0,,,,,,0,0,,,,,,0
0022000948,49,2,1,1,9:20 PM,7:28,MISS Dozier 3PT Jump Shot,,,,,4,1628408,PJ Dozier,1610612743.0,Denver,Nuggets,DEN,0,0,,,,,,0,0,,,,,,0
0022000948,50,4,0,1,9:20 PM,7:25,,,Lowry REBOUND (Off:0 Def:1),,,5,200768,Kyle Lowry,1610612761.0,Toronto,Raptors,TOR,0,0,,,,,,0,0,,,,,,0
0022000948,51,2,63,1,9:20 PM,7:16,,,MISS Siakam 12' Fadeaway Jumper,,,5,1627783,Pascal Siakam,1610612761.0,Toronto,Raptors,TOR,0,0,,,,,,0,0,,,,,,1
0022000948,52,4,0,1,9:20 PM,7:14,Porter Jr. REBOUND (Off:0 Def:1),,,,,4,1629008,Michael Porter Jr.,1610612743.0,Denver,Nuggets,DEN,0,0,,,,,,0,0,,,,,,1
0022000948,53,1,108,1,9:20 PM,7:06,Porter Jr. 1' Cutting Dunk Shot (7 PTS) (Jokic 2 AST),,,13 - 13,TIE,4,1629008,Michael Porter Jr.,1610612743.0,Denver,Nuggets,DEN,4,203999,Nikola Jokic,1610612743.0,Denver,Nuggets,DEN,0,0,,,,,,1
0022000948,55,6,2,1,9:21 PM,6:49,Gordon S.FOUL (P1.T2) (A.Moyer-Gleich),,,,,4,203932,Aaron Gordon,1610612743.0,Denver,Nuggets,DEN,5,203920,Khem Birch,1610612761.0,Toronto,Raptors,TOR,1,0,,,,,,1
0022000948,57,8,0,1,9:21 PM,6:49,SUB: Rivers FOR Dozier,,,,,4,1628408,PJ Dozier,1610612743.0,Denver,Nuggets,DEN,4,203085,Austin Rivers,1610612743.0,Denver,Nuggets,DEN,0,0,,,,,,0
0022000948,59,3,11,1,9:21 PM,6:49,,,Birch Free Throw 1 of 2 (3 PTS),14 - 13,-1,5,203920,Khem Birch,1610612761.0,Toronto,Raptors,TOR,0,0,,,,,,0,0,,,,,,0
0022000948,60,3,12,1,9:21 PM,6:49,,,MISS Birch Free Throw 2 of 2,,,5,203920,Khem Birch,1610612761.0,Toronto,Raptors,TOR,0,0,,,,,,0,0,,,,,,1
0022000948,61,4,0,1,9:21 PM,6:47,Gordon REBOUND (Off:1 Def:1),,,,,4,203932,Aaron Gordon,1610612743.0,Denver,Nuggets,DEN,0,0,,,,,,0,0,,,,,,1
0022000948,62,1,5,1,9:21 PM,6:29,Jokic 4' Layup (4 PTS) (Campazzo 1 AST),,,14 - 15,1,4,203999,Nikola Jokic,1610612743.0,Denver,Nuggets,DEN,4,1630267,Facundo Campazzo,1610612743.0,Denver,Nuggets,DEN,0,0,,,,,,1
0022000948,64,1,79,1,9:22 PM,6:21,,,Lowry 28' 3PT Pullup Jump Shot (4 PTS) (Flynn 2 AST),17 - 15,-2,5,200768,Kyle Lowry,1610612761.0,Toronto,Raptors,TOR,5,1630201,Malachi Flynn,1610612761.0,Toronto,Raptors,TOR,0,0,,,,,,1
0022000948,66,2,1,1,9:22 PM,6:04,MISS Rivers 26' 3PT Jump Shot,,,,,4,203085,Austin Rivers,1610612743.0,Denver,Nuggets,DEN,0,0,,,,,,0,0,,,,,,1
0022000948,67,4,0,1,9:22 PM,6:01,,,Siakam REBOUND (Off:0 Def:2),,,5,1627783,Pascal Siakam,1610612761.0,Toronto,Raptors,TOR,0,0,,,,,,0,0,,,,,,1
0022000948,68,2,71,1,9:22 PM,5:53,,,MISS Anunoby 5' Finger Roll Layup,,,5,1628384,OG Anunoby,1610612761.0,Toronto,Raptors,TOR,0,0,,,,,,0,0,,,,,,1
0022000948,69,4,0,1,9:22 PM,5:52,Porter Jr. REBOUND (Off:0 Def:2),,,,,4,1629008,Michael Porter Jr.,1610612743.0,Denver,Nuggets,DEN,0,0,,,,,,0,0,,,,,,1
0022000948,70,5,1,1,9:22 PM,5:48,Porter Jr. Bad Pass Turnover (P1.T3),,Flynn STEAL (1 STL),,,4,1629008,Michael Porter Jr.,1610612743.0,Denver,Nuggets,DEN,5,1630201,Malachi Flynn,1610612761.0,Toronto,Raptors,TOR,0,0,,,,,,1
0022000948,72,6,28,1,9:22 PM,5:45,Jokic Personal Take Foul (P1.T3) (M.Smith),,,,,4,203999,Nikola Jokic,1610612743.0,Denver,Nuggets,DEN,5,1630201,Malachi Flynn,1610612761.0,Toronto,Raptors,TOR,1,0,,,,,,1
0022000948,74,6,4,1,9:23 PM,5:37,,,Flynn OFF.Foul (P1) (M.Smith),,,5,1630201,Malachi Flynn,1610612761.0,Toronto,Raptors,TOR,4,1630267,Facundo Campazzo,1610612743.0,Denver,Nuggets,DEN,1,0,,,,,,1
0022000948,76,5,37,1,9:23 PM,5:37,,,Flynn Offensive Foul Turnover (P2.T2),,,5,1630201,Malachi Flynn,1610612761.0,Toronto,Raptors,TOR,0,0,,,,,,1,0,,,,,,1
0022000948,77,6,1,1,9:23 PM,5:27,,,Anunoby P.FOUL (P1.T1) (T.Brothers),,,5,1628384,OG Anunoby,1610612761.0,Toronto,Raptors,TOR,4,203999,Nikola Jokic,1610612743.0,Denver,Nuggets,DEN,1,0,,,,,,1
0022000948,79,2,78,1,9:23 PM,5:14,MISS Jokic 9' Floating Jump Shot,,,,,4,203999,Nikola Jokic,1610612743.0,Denver,Nuggets,DEN,0,0,,,,,,0,0,,,,,,1
0022000948,80,4,0,1,9:24 PM,5:12,,,Flynn REBOUND (Off:0 Def:1),,,5,1630201,Malachi Flynn,1610612761.0,Toronto,Raptors,TOR,0,0,,,,,,0,0,,,,,,1
0022000948,81,5,45,1,9:24 PM,5:10,,,Anunoby Out of Bounds - Bad Pass Turnover Turnover (P1.T3),,,5,1628384,OG Anunoby,1610612761.0,Toronto,Raptors,TOR,0,0,,,,,,1,0,,,,,,1
0022000948,82,1,63,1,9:24 PM,4:51,Gordon 15' Fadeaway Jumper (4 PTS),,,17 - 17,TIE,4,203932,Aaron Gordon,1610612743.0,Denver,Nuggets,DEN,0,0,,,,,,0,0,,,,,,1
0022000948,83,6,1,1,9:24 PM,4:40,Rivers P.FOUL (P1.T4) (A.Moyer-Gleich),,,,,4,203085,Austin Rivers,1610612743.0,Denver,Nuggets,DEN,5,200768,Kyle Lowry,1610612761.0,Toronto,Raptors,TOR,1,0,,,,,,1
0022000948,85,1,78,1,9:25 PM,4:33,,,Anunoby 5' Floating Jump Shot (7 PTS),19 - 17,-2,5,1628384,OG Anunoby,1610612761.0,Toronto,Raptors,TOR,0,0,,,,,,0,0,,,,,,1
0022000948,86,2,1,1,9:25 PM,4:18,MISS Porter Jr. 26' 3PT Jump Shot,,,,,4,1629008,Michael Porter Jr.,1610612743.0,Denver,Nuggets,DEN,0,0,,,,,,0,0,,,,,,1
0022000948,87,4,0,1,9:25 PM,4:17,,,Raptors Rebound,,,3,1610612761,,,,,,0,0,,,,,,0,0,,,,,,0
0022000948,88,8,0,1,9:25 PM,4:17,,,SUB: Bembry FOR Flynn,,,5,1630201,Malachi Flynn,1610612761.0,Toronto,Raptors,TOR,5,1627761,DeAndre' Bembry,1610612761.0,Toronto,Raptors,TOR,0,0,,,,,,0
0022000948,90,1,79,1,9:26 PM,4:07,,,Anunoby 25' 3PT Pullup Jump Shot (10 PTS) (Lowry 2 AST),22 - 17,-5,5,1628384,OG Anunoby,1610612761.0,Toronto,Raptors,TOR,5,200768,Kyle Lowry,1610612761.0,Toronto,Raptors,TOR,0,0,,,,,,1
0022000948,92,2,101,1,9:26 PM,3:42,MISS Porter Jr. 13' Driving Floating Jump Shot,,,,,4,1629008,Michael Porter Jr.,1610612743.0,Denver,Nuggets,DEN,0,0,,,,,,0,0,,,,,,1
0022000948,93,4,0,1,9:26 PM,3:40,Gordon REBOUND (Off:2 Def:1),,,,,4,203932,Aaron Gordon,1610612743.0,Denver,Nuggets,DEN,0,0,,,,,,0,0,,,,,,1
0022000948,94,1,79,1,9:26 PM,3:38,Rivers 26' 3PT Pullup Jump Shot (3 PTS) (Gordon 2 AST),,,22 - 20,-2,4,203085,Austin Rivers,1610612743.0,Denver,Nuggets,DEN,4,203932,Aaron Gordon,1610612743.0,Denver,Nuggets,DEN,0,0,,,,,,1
0022000948,96,1,78,1,9:26 PM,3:25,,,Siakam 12' Floating Jump Shot (7 PTS) (Lowry 3 AST),24 - 20,-4,5,1627783,Pascal Siakam,1610612761.0,Toronto,Raptors,TOR,5,200768,Kyle Lowry,1610612761.0,Toronto,Raptors,TOR,0,0,,,,,,1
0022000948,98,6,2,1,9:26 PM,3:15,,,Bembry S.FOUL (P1.T2) (M.Smith),,,5,1627761,DeAndre' Bembry,1610612761.0,Toronto,Raptors,TOR,4,1630267,Facundo Campazzo,1610612743.0,Denver,Nuggets,DEN,1,0,,,,,,1
0022000948,100,3,11,1,9:27 PM,3:15,Campazzo Free Throw 1 of 2 (3 PTS),,,24 - 21,-3,4,1630267,Facundo Campazzo,1610612743.0,Denver,Nuggets,DEN,0,0,,,,,,0,0,,,,,,0
0022000948,101,8,0,1,9:27 PM,3:15,SUB: Green FOR Porter Jr.,,,,,4,1629008,Michael Porter Jr.,1610612743.0,Denver,Nuggets,DEN,4,203210,JaMychal Green,1610612743.0,Denver,Nuggets,DEN,0,0,,,,,,0
0022000948,102,8,0,1,9:27 PM,3:15,SUB: Dozier FOR Gordon,,,,,4,203932,Aaron Gordon,1610612743.0,Denver,Nuggets,DEN,4,1628408,PJ Dozier,1610612743.0,Denver,Nuggets,DEN,0,0,,,,,,0
0022000948,103,8,0,1,9:27 PM,3:15,,,SUB: Johnson FOR Anunoby,,,5,1628384,OG Anunoby,1610612761.0,Toronto,Raptors,TOR,5,1626169,Stanley Johnson,1610612761.0,Toronto,Raptors,TOR,0,0,,,,,,0
0022000948,107,3,12,1,9:27 PM,3:15,MISS Campazzo Free Throw 2 of 2,,,,,4,1630267,Facundo Campazzo,1610612743.0,Denver,Nuggets,DEN,0,0,,,,,,0,0,,,,,,1
0022000948,108,4,0,1,9:27 PM,3:11,,,Birch REBOUND (Off:0 Def:2),,,5,203920,Khem Birch,1610612761.0,Toronto,Raptors,TOR,0,0,,,,,,0,0,,,,,,1
0022000948,109,2,98,1,9:28 PM,2:59,,,MISS Bembry 6' Cutting Layup Shot,,,5,1627761,DeAndre' Bembry,1610612761.0,Toronto,Raptors,TOR,0,0,,,,,,0,0,,,,,,1
0022000948,110,4,0,1,9:28 PM,2:55,,,Siakam REBOUND (Off:1 Def:2),,,5,1627783,Pascal Siakam,1610612761.0,Toronto,Raptors,TOR,0,0,,,,,,0,0,,,,,,1
0022000948,111,1,78,1,9:28 PM,2:54,,,Siakam 6' Floating Jump Shot (9 PTS),26 - 21,-5,5,1627783,Pascal Siakam,1610612761.0,Toronto,Raptors,TOR,0,0,,,,,,0,0,,,,,,1
0022000948,112,2,1,1,9:28 PM,2:37,MISS Dozier 3PT Jump Shot,,,,,4,1628408,PJ Dozier,1610612743.0,Denver,Nuggets,DEN,0,0,,,,,,0,0,,,,,,1
0022000948,113,4,0,1,9:28 PM,2:37,,,Lowry REBOUND (Off:0 Def:2),,,5,200768,Kyle Lowry,1610612761.0,Toronto,Raptors,TOR,0,0,,,,,,0,0,,,,,,1
0022000948,114,2,1,1,9:28 PM,2:30,,,MISS Lowry 26' 3PT Jump Shot,,,5,200768,Kyle Lowry,1610612761.0,Toronto,Raptors,TOR,0,0,,,,,,0,0,,,,,,1
0022000948,115,4,0,1,9:28 PM,2:27,Green REBOUND (Off:0 Def:1),,,,,4,203210,JaMychal Green,1610612743.0,Denver,Nuggets,DEN,0,0,,,,,,0,0,,,,,,1
0022000948,116,1,1,1,9:28 PM,2:26,Jokic 26' 3PT Jump Shot (7 PTS),,,26 - 24,-2,4,203999,Nikola Jokic,1610612743.0,Denver,Nuggets,DEN,0,0,,,,,,0,0,,,,,,1
0022000948,117,6,2,1,9:28 PM,2:26,,,Birch S.FOUL (P1.T3) (A.Moyer-Gleich),,,5,203920,Khem Birch,1610612761.0,Toronto,Raptors,TOR,4,203999,Nikola Jokic,1610612743.0,Denver,Nuggets,DEN,1,0,,,,,,1
0022000948,119,9,1,1,9:31 PM,2:26,,,Raptors Timeout: Regular (Reg.1 Short 0),,,3,1610612761,,,,,,0,0,,,,,,0,0,,,,,,0
0022000948,120,8,0,1,9:31 PM,2:26,SUB: Harrison FOR Campazzo,,,,,4,1630267,Facundo Campazzo,1610612743.0,Denver,Nuggets,DEN,4,1627885,Shaquille Harrison,1610612743.0,Denver,Nuggets,DEN,0,0,,,,,,0
0022000948,121,8,0,1,9:31 PM,2:26,,,SUB: Watanabe FOR Birch,,,5,203920,Khem Birch,1610612761.0,Toronto,Raptors,TOR,5,1629139,Yuta Watanabe,1610612761.0,Toronto,Raptors,TOR,0,0,,,,,,0
0022000948,124,3,10,1,9:31 PM,2:26,Jokic Free Throw 1 of 1 (8 PTS),,,26 - 25,-1,4,203999,Nikola Jokic,1610612743.0,Denver,Nuggets,DEN,0,0,,,,,,0,0,,,,,,1
0022000948,125,2,1,1,9:32 PM,2:07,,,MISS Johnson 26' 3PT Jump Shot,,,5,1626169,Stanley Johnson,1610612761.0,Toronto,Raptors,TOR,0,0,,,,,,0,0,,,,,,1
0022000948,126,4,0,1,9:32 PM,2:04,Green REBOUND (Off:0 Def:2),,,,,4,203210,JaMychal Green,1610612743.0,Denver,Nuggets,DEN,0,0,,,,,,0,0,,,,,,1
0022000948,127,2,79,1,9:32 PM,1:50,MISS Rivers 3PT Pullup Jump Shot,,,,,4,203085,Austin Rivers,1610612743.0,Denver,Nuggets,DEN,0,0,,,,,,0,0,,,,,,1
0022000948,128,4,0,1,9:32 PM,1:48,,,Siakam REBOUND (Off:1 Def:3),,,5,1627783,Pascal Siakam,1610612761.0,Toronto,Raptors,TOR,0,0,,,,,,0,0,,,,,,1
0022000948,129,1,80,1,9:32 PM,1:42,,,Lowry 25' 3PT Step Back Jump Shot (7 PTS),29 - 25,-4,5,200768,Kyle Lowry,1610612761.0,Toronto,Raptors,TOR,0,0,,,,,,0,0,,,,,,1
0022000948,130,1,75,1,9:33 PM,1:14,Rivers 5' Driving Finger Roll Layup (5 PTS),,,29 - 27,-2,4,203085,Austin Rivers,1610612743.0,Denver,Nuggets,DEN,0,0,,,,,,0,0,,,,,,1
0022000948,132,2,1,1,9:33 PM,0:58,,,MISS Johnson 3PT Jump Shot,,,5,1626169,Stanley Johnson,1610612761.0,Toronto,Raptors,TOR,0,0,,,,,,0,0,,,,,,1
0022000948,133,4,0,1,9:33 PM,0:54,Harrison REBOUND (Off:0 Def:1),,,,,4,1627885,Shaquille Harrison,1610612743.0,Denver,Nuggets,DEN,0,0,,,,,,0,0,,,,,,1
0022000948,135,8,0,1,9:33 PM,0:47,SUB: Millsap FOR Jokic,,,,,4,203999,Nikola Jokic,1610612743.0,Denver,Nuggets,DEN,4,200794,Paul Millsap,1610612743.0,Denver,Nuggets,DEN,0,0,,,,,,0
0022000948,136,8,0,1,9:33 PM,0:47,,,SUB: Anunoby FOR Siakam,,,5,1627783,Pascal Siakam,1610612761.0,Toronto,Raptors,TOR,5,1628384,OG Anunoby,1610612761.0,Toronto,Raptors,TOR,0,0,,,,,,0
0022000948,139,2,47,1,9:34 PM,0:40,MISS Green 10' Turnaround Jump Shot,,Bembry BLOCK (1 BLK),,,4,203210,JaMychal Green,1610612743.0,Denver,Nuggets,DEN,0,0,,,,,,5,1627761,DeAndre' Bembry,1610612761.0,Toronto,Raptors,TOR,1
0022000948,141,4,0,1,9:34 PM,0:37,,,Lowry REBOUND (Off:0 Def:3),,,5,200768,Kyle Lowry,1610612761.0,Toronto,Raptors,TOR,0,0,,,,,,0,0,,,,,,1
0022000948,142,1,50,1,9:34 PM,0:35,,,Bembry 1' Running Dunk (2 PTS) (Lowry 4 AST),31 - 27,-4,5,1627761,DeAndre' Bembry,1610612761.0,Toronto,Raptors,TOR,5,200768,Kyle Lowry,1610612761.0,Toronto,Raptors,TOR,0,0,,,,,,1
0022000948,145,1,79,1,9:35 PM,0:26,Rivers 24' 3PT Pullup Jump Shot (8 PTS) (Green 1 AST),,,31 - 30,-1,4,203085,Austin Rivers,1610612743.0,Denver,Nuggets,DEN,4,203210,JaMychal Green,1610612743.0,Denver,Nuggets,DEN,0,0,,,,,,1
0022000948,147,1,73,1,9:35 PM,0:03,,,Lowry 2' Driving Reverse Layup (9 PTS),33 - 30,-3,5,200768,Kyle Lowry,1610612761.0,Toronto,Raptors,TOR,0,0,,,,,,0,0,,,,,,1
0022000948,148,2,1,1,9:35 PM,0:00,MISS Dozier 43' 3PT Jump Shot,,,,,4,1628408,PJ Dozier,1610612743.0,Denver,Nuggets,DEN,0,0,,,,,,0,0,,,,,,1
0022000948,149,4,0,1,9:35 PM,0:00,NUGGETS Rebound,,,,,2,1610612743,,,,,,0,0,,,,,,0,0,,,,,,0
0022000948,150,13,0,1,9:36 PM,0:00,,End of 1st Period (9:36 PM EST),,33 - 30,-3,0,0,,,,,,0,0,,,,,,0,0,,,,,,1
0022000948,155,12,0,2,9:38 PM,12:00,,Start of 2nd Period (9:38 PM EST),,33 - 30,-3,0,0,,,,,,0,0,,,,,,0,0,,,,,,0
0022000948,156,2,79,2,9:39 PM,11:43,,,MISS Flynn 25' 3PT Pullup Jump Shot,,,5,1630201,Malachi Flynn,1610612761.0,Toronto,Raptors,TOR,0,0,,,,,,0,0,,,,,,1
0022000948,157,4,0,2,9:39 PM,11:40,Harrison REBOUND (Off:0 Def:2),,,,,4,1627885,Shaquille Harrison,1610612743.0,Denver,Nuggets,DEN,0,0,,,,,,0,0,,,,,,1
0022000948,158,5,1,2,9:39 PM,11:29,Green Bad Pass Turnover (P1.T4),,Bembry STEAL (1 STL),,,4,203210,JaMychal Green,1610612743.0,Denver,Nuggets,DEN,5,1627761,DeAndre' Bembry,1610612761.0,Toronto,Raptors,TOR,0,0,,,,,,1
0022000948,160,1,5,2,9:39 PM,11:26,,,Bembry 3' Layup (4 PTS) (Flynn 3 AST),35 - 30,-5,5,1627761,DeAndre' Bembry,1610612761.0,Toronto,Raptors,TOR,5,1630201,Malachi Flynn,1610612761.0,Toronto,Raptors,TOR,0,0,,,,,,1
0022000948,162,1,6,2,9:39 PM,11:11,Dozier 2' Driving Layup (2 PTS),,,35 - 32,-3,4,1628408,PJ Dozier,1610612743.0,Denver,Nuggets,DEN,0,0,,,,,,0,0,,,,,,1
0022000948,164,2,79,2,9:39 PM,10:55,,,MISS Anunoby 26' 3PT Pullup Jump Shot,,,5,1628384,OG Anunoby,1610612761.0,Toronto,Raptors,TOR,0,0,,,,,,0,0,,,,,,1
0022000948,165,4,0,2,9:39 PM,10:54,Harrison REBOUND (Off:0 Def:3),,,,,4,1627885,Shaquille Harrison,1610612743.0,Denver,Nuggets,DEN,0,0,,,,,,0,0,,,,,,1
0022000948,167,1,78,2,9:40 PM,10:32,Green 7' Floating Jump Shot (2 PTS),,,35 - 34,-1,4,203210,JaMychal Green,1610612743.0,Denver,Nuggets,DEN,0,0,,,,,,0,0,,,,,,1
0022000948,168,2,1,2,9:40 PM,10:15,,,MISS Flynn 26' 3PT Jump Shot,,,5,1630201,Malachi Flynn,1610612761.0,Toronto,Raptors,TOR,0,0,,,,,,0,0,,,,,,1
0022000948,169,4,0,2,9:40 PM,10:14,Harrison REBOUND (Off:0 Def:4),,,,,4,1627885,Shaquille Harrison,1610612743.0,Denver,Nuggets,DEN,0,0,,,,,,0,0,,,,,,1
0022000948,170,1,41,2,9:40 PM,10:09,Harrison 3' Running Layup (2 PTS),,,35 - 36,1,4,1627885,Shaquille Harrison,1610612743.0,Denver,Nuggets,DEN,0,0,,,,,,0,0,,,,,,1
0022000948,171,1,75,2,9:41 PM,9:53,,,Anunoby 2' Driving Finger Roll Layup (12 PTS) (Bembry 1 AST),37 - 36,-1,5,1628384,OG Anunoby,1610612761.0,Toronto,Raptors,TOR,5,1627761,DeAndre' Bembry,1610612761.0,Toronto,Raptors,TOR,0,0,,,,,,1
0022000948,173,2,1,2,9:41 PM,9:33,MISS Green 3PT Jump Shot,,,,,4,203210,JaMychal Green,1610612743.0,Denver,Nuggets,DEN,0,0,,,,,,0,0,,,,,,1
0022000948,174,4,0,2,9:41 PM,9:30,NUGGETS Rebound,,,,,2,1610612743,,,,,,0,0,,,,,,0,0,,,,,,0
0022000948,175,5,1,2,9:42 PM,9:22,Green Bad Pass Turnover (P2.T5),,Watanabe STEAL (1 STL),,,4,203210,JaMychal Green,1610612743.0,Denver,Nuggets,DEN,5,1629139,Yuta Watanabe,1610612761.0,Toronto,Raptors,TOR,0,0,,,,,,1
0022000948,177,6,2,2,9:42 PM,9:19,Dozier S.FOUL (P2.T1) (A.Moyer-Gleich),,,,,4,1628408,PJ Dozier,1610612743.0,Denver,Nuggets,DEN,5,1628384,OG Anunoby,1610612761.0,Toronto,Raptors,TOR,1,0,,,,,,1
0022000948,179,3,11,2,9:42 PM,9:19,,,Anunoby Free Throw 1 of 2 (13 PTS),38 - 36,-2,5,1628384,OG Anunoby,1610612761.0,Toronto,Raptors,TOR,0,0,,,,,,0,0,,,,,,1
0022000948,180,3,12,2,9:42 PM,9:19,,,Anunoby Free Throw 2 of 2 (14 PTS),39 - 36,-3,5,1628384,OG Anunoby,1610612761.0,Toronto,Raptors,TOR,0,0,,,,,,0,0,,,,,,1
0022000948,181,2,78,2,9:43 PM,9:04,MISS Millsap 11' Floating Jump Shot,,Watanabe BLOCK (1 BLK),,,4,200794,Paul Millsap,1610612743.0,Denver,Nuggets,DEN,0,0,,,,,,5,1629139,Yuta Watanabe,1610612761.0,Toronto,Raptors,TOR,1
0022000948,182,4,0,2,9:43 PM,9:01,Green REBOUND (Off:1 Def:2),,,,,4,203210,JaMychal Green,1610612743.0,Denver,Nuggets,DEN,0,0,,,,,,0,0,,,,,,1
0022000948,183,1,87,2,9:43 PM,9:01,Green Putback Dunk (4 PTS),,,39 - 38,-1,4,203210,JaMychal Green,1610612743.0,Denver,Nuggets,DEN,0,0,,,,,,0,0,,,,,,1
0022000948,184,2,101,2,9:43 PM,8:48,,,MISS Bembry 11' Driving Floating Jump Shot,,,5,1627761,DeAndre' Bembry,1610612761.0,Toronto,Raptors,TOR,0,0,,,,,,0,0,,,,,,1
0022000948,185,4,0,2,9:43 PM,8:44,Millsap REBOUND (Off:0 Def:1),,,,,4,200794,Paul Millsap,1610612743.0,Denver,Nuggets,DEN,0,0,,,,,,0,0,,,,,,1
0022000948,186,2,79,2,9:43 PM,8:31,MISS Rivers 26' 3PT Pullup Jump Shot,,,,,4,203085,Austin Rivers,1610612743.0,Denver,Nuggets,DEN,0,0,,,,,,0,0,,,,,,1
0022000948,187,4,0,2,9:43 PM,8:28,,,Bembry REBOUND (Off:0 Def:1),,,5,1627761,DeAndre' Bembry,1610612761.0,Toronto,Raptors,TOR,0,0,,,,,,0,0,,,,,,1
0022000948,188,2,41,2,9:44 PM,8:27,Dozier BLOCK (1 BLK),,MISS Anunoby 5' Running Layup,,,5,1628384,OG Anunoby,1610612761.0,Toronto,Raptors,TOR,0,0,,,,,,4,1628408,PJ Dozier,1610612743.0,Denver,Nuggets,DEN,1
0022000948,195,4,0,2,9:44 PM,8:26,NUGGETS Rebound,,,,,2,1610612743,,,,,,0,0,,,,,,0,0,,,,,,0
0022000948,190,8,0,2,9:44 PM,8:26,,,SUB: Hood FOR Bembry,,,5,1627761,DeAndre' Bembry,1610612761.0,Toronto,Raptors,TOR,5,203918,Rodney Hood,1610612761.0,Toronto,Raptors,TOR,0,0,,,,,,0
0022000948,192,10,0,2,9:44 PM,8:26,Jump Ball Dozier vs. Anunoby: Tip to Millsap,,,,,4,1628408,PJ Dozier,1610612743.0,Denver,Nuggets,DEN,5,1628384,OG Anunoby,1610612761.0,Toronto,Raptors,TOR,4,200794,Paul Millsap,1610612743.0,Denver,Nuggets,DEN,1
0022000948,334,2,6,2,9:44 PM,8:17,MISS Millsap 6' Driving Layup,,Anunoby BLOCK (1 BLK),,,4,200794,Paul Millsap,1610612743.0,Denver,Nuggets,DEN,0,0,,,,,,5,1628384,OG Anunoby,1610612761.0,Toronto,Raptors,TOR,0
0022000948,336,4,0,2,9:44 PM,8:17,,,Raptors Rebound,,,3,1610612761,,,,,,0,0,,,,,,0,0,,,,,,0
0022000948,330,9,1,2,9:45 PM,8:16,,,Raptors Timeout: Regular (Reg.2 Short 0),,,3,1610612761,,,,,,0,0,,,,,,0,0,,,,,,0
0022000948,200,18,5,2,9:45 PM,8:16,,Instant Replay2nd Period (9:45 PM EST),,39 - 38,-1,0,197,Scott Burrell,,,,,0,0,,,,,,1,0,,,,,,1
0022000948,201,8,0,2,9:47 PM,8:16,SUB: Porter Jr. FOR Rivers,,,,,4,203085,Austin Rivers,1610612743.0,Denver,Nuggets,DEN,4,1629008,Michael Porter Jr.,1610612743.0,Denver,Nuggets,DEN,0,0,,,,,,0
0022000948,202,8,0,2,9:47 PM,8:16,SUB: Campazzo FOR Dozier,,,,,4,1628408,PJ Dozier,1610612743.0,Denver,Nuggets,DEN,4,1630267,Facundo Campazzo,1610612743.0,Denver,Nuggets,DEN,0,0,,,,,,0
0022000948,206,10,1,2,9:48 PM,8:13,Jump Ball (CC) Millsap vs. Anunoby: Tip to Gillespie,,,,,4,200794,Paul Millsap,1610612743.0,Denver,Nuggets,DEN,5,1628384,OG Anunoby,1610612761.0,Toronto,Raptors,TOR,5,1630273,Freddie Gillespie,1610612761.0,Toronto,Raptors,TOR,1
0022000948,209,5,40,2,9:48 PM,8:04,,,Anunoby Out of Bounds Lost Ball Turnover (P2.T4),,,5,1628384,OG Anunoby,1610612761.0,Toronto,Raptors,TOR,0,0,,,,,,1,0,,,,,,1
0022000948,210,2,79,2,9:48 PM,7:52,MISS Green 25' 3PT Pullup Jump Shot,,,,,4,203210,JaMychal Green,1610612743.0,Denver,Nuggets,DEN,0,0,,,,,,0,0,,,,,,1
0022000948,211,4,0,2,9:48 PM,7:48,,,Flynn REBOUND (Off:0 Def:2),,,5,1630201,Malachi Flynn,1610612761.0,Toronto,Raptors,TOR,0,0,,,,,,0,0,,,,,,1
0022000948,212,2,79,2,9:48 PM,7:38,,,MISS Flynn 15' Pullup Jump Shot,,,5,1630201,Malachi Flynn,1610612761.0,Toronto,Raptors,TOR,0,0,,,,,,0,0,,,,,,1
0022000948,213,4,0,2,9:48 PM,7:36,Green REBOUND (Off:1 Def:3),,,,,4,203210,JaMychal Green,1610612743.0,Denver,Nuggets,DEN,0,0,,,,,,0,0,,,,,,1
0022000948,214,1,73,2,9:49 PM,7:24,Millsap 6' Driving Reverse Layup (2 PTS),,,39 - 40,1,4,200794,Paul Millsap,1610612743.0,Denver,Nuggets,DEN,0,0,,,,,,0,0,,,,,,1
0022000948,215,6,26,2,9:49 PM,7:19,,,Hood Offensive Charge Foul (P1.T1) (A.Moyer-Gleich),,,5,203918,Rodney Hood,1610612761.0,Toronto,Raptors,TOR,4,200794,Paul Millsap,1610612743.0,Denver,Nuggets,DEN,1,0,,,,,,1
0022000948,217,5,37,2,9:49 PM,7:19,,,Hood Offensive Foul Turnover (P1.T5),,,5,203918,Rodney Hood,1610612761.0,Toronto,Raptors,TOR,0,0,,,,,,1,0,,,,,,1
0022000948,218,8,0,2,9:49 PM,7:19,,,SUB: Birch FOR Anunoby,,,5,1628384,OG Anunoby,1610612761.0,Toronto,Raptors,TOR,5,203920,Khem Birch,1610612761.0,Toronto,Raptors,TOR,0,0,,,,,,0
0022000948,219,8,0,2,9:49 PM,7:19,,,SUB: Siakam FOR Gillespie,,,5,1630273,Freddie Gillespie,1610612761.0,Toronto,Raptors,TOR,5,1627783,Pascal Siakam,1610612761.0,Toronto,Raptors,TOR,0,0,,,,,,0
0022000948,222,5,1,2,9:49 PM,7:00,Campazzo Bad Pass Turnover (P1.T6),,Hood STEAL (1 STL),,,4,1630267,Facundo Campazzo,1610612743.0,Denver,Nuggets,DEN,5,203918,Rodney Hood,1610612761.0,Toronto,Raptors,TOR,0,0,,,,,,1
0022000948,224,2,80,2,9:50 PM,6:41,,,MISS Siakam 14' Step Back Jump Shot,,,5,1627783,Pascal Siakam,1610612761.0,Toronto,Raptors,TOR,0,0,,,,,,0,0,,,,,,1
0022000948,225,4,0,2,9:50 PM,6:39,Millsap REBOUND (Off:0 Def:2),,,,,4,200794,Paul Millsap,1610612743.0,Denver,Nuggets,DEN,0,0,,,,,,0,0,,,,,,1
0022000948,226,6,2,2,9:50 PM,6:29,,,Flynn S.FOUL (P2.T2) (A.Moyer-Gleich),,,5,1630201,Malachi Flynn,1610612761.0,Toronto,Raptors,TOR,4,1629008,Michael Porter Jr.,1610612743.0,Denver,Nuggets,DEN,1,0,,,,,,1
0022000948,228,3,11,2,9:50 PM,6:29,Porter Jr. Free Throw 1 of 2 (8 PTS),,,39 - 41,2,4,1629008,Michael Porter Jr.,1610612743.0,Denver,Nuggets,DEN,0,0,,,,,,0,0,,,,,,1
0022000948,229,8,0,2,9:51 PM,6:29,SUB: Gordon FOR Green,,,,,4,203210,JaMychal Green,1610612743.0,Denver,Nuggets,DEN,4,203932,Aaron Gordon,1610612743.0,Denver,Nuggets,DEN,0,0,,,,,,0
0022000948,230,8,0,2,9:51 PM,6:29,SUB: Jokic FOR Millsap,,,,,4,200794,Paul Millsap,1610612743.0,Denver,Nuggets,DEN,4,203999,Nikola Jokic,1610612743.0,Denver,Nuggets,DEN,0,0,,,,,,0
0022000948,233,3,12,2,9:51 PM,6:29,Porter Jr. Free Throw 2 of 2 (9 PTS),,,39 - 42,3,4,1629008,Michael Porter Jr.,1610612743.0,Denver,Nuggets,DEN,0,0,,,,,,0,0,,,,,,1
0022000948,234,1,79,2,9:51 PM,6:11,,,Flynn 20' Pullup Jump Shot (2 PTS),41 - 42,1,5,1630201,Malachi Flynn,1610612761.0,Toronto,Raptors,TOR,0,0,,,,,,0,0,,,,,,1
0022000948,235,2,102,2,9:51 PM,6:00,MISS Jokic 4' Driving Floating Bank Jump Shot,,,,,4,203999,Nikola Jokic,1610612743.0,Denver,Nuggets,DEN,0,0,,,,,,0,0,,,,,,1
0022000948,236,4,0,2,9:52 PM,5:57,Campazzo REBOUND (Off:1 Def:1),,,,,4,1630267,Facundo Campazzo,1610612743.0,Denver,Nuggets,DEN,0,0,,,,,,0,0,,,,,,1
0022000948,237,2,101,2,9:52 PM,5:51,MISS Harrison 7' Driving Floating Jump Shot,,Birch BLOCK (1 BLK),,,4,1627885,Shaquille Harrison,1610612743.0,Denver,Nuggets,DEN,0,0,,,,,,5,203920,Khem Birch,1610612761.0,Toronto,Raptors,TOR,1
0022000948,239,4,0,2,9:52 PM,5:48,,,Watanabe REBOUND (Off:0 Def:1),,,5,1629139,Yuta Watanabe,1610612761.0,Toronto,Raptors,TOR,0,0,,,,,,0,0,,,,,,1
0022000948,240,1,79,2,9:52 PM,5:41,,,Flynn 25' 3PT Pullup Jump Shot (5 PTS) (Siakam 1 AST),44 - 42,-2,5,1630201,Malachi Flynn,1610612761.0,Toronto,Raptors,TOR,5,1627783,Pascal Siakam,1610612761.0,Toronto,Raptors,TOR,0,0,,,,,,1
0022000948,242,1,1,2,9:52 PM,5:25,Harrison 3PT Jump Shot (5 PTS) (Campazzo 2 AST),,,44 - 45,1,4,1627885,Shaquille Harrison,1610612743.0,Denver,Nuggets,DEN,4,1630267,Facundo Campazzo,1610612743.0,Denver,Nuggets,DEN,0,0,,,,,,1
0022000948,244,2,6,2,9:52 PM,5:11,Gordon BLOCK (1 BLK),,MISS Siakam 8' Driving Layup,,,5,1627783,Pascal Siakam,1610612761.0,Toronto,Raptors,TOR,0,0,,,,,,4,203932,Aaron Gordon,1610612743.0,Denver,Nuggets,DEN,1
0022000948,246,4,0,2,9:52 PM,5:09,Gordon REBOUND (Off:2 Def:2),,,,,4,203932,Aaron Gordon,1610612743.0,Denver,Nuggets,DEN,0,0,,,,,,0,0,,,,,,1
0022000948,247,6,2,2,9:52 PM,5:08,,,Flynn S.FOUL (P3.T3) (M.Smith),,,5,1630201,Malachi Flynn,1610612761.0,Toronto,Raptors,TOR,4,1627885,Shaquille Harrison,1610612743.0,Denver,Nuggets,DEN,1,0,,,,,,1
0022000948,249,3,11,2,9:53 PM,5:08,Harrison Free Throw 1 of 2 (6 PTS),,,44 - 46,2,4,1627885,Shaquille Harrison,1610612743.0,Denver,Nuggets,DEN,0,0,,,,,,0,0,,,,,,0
0022000948,250,8,0,2,9:53 PM,5:08,,,SUB: Lowry FOR Flynn,,,5,1630201,Malachi Flynn,1610612761.0,Toronto,Raptors,TOR,5,200768,Kyle Lowry,1610612761.0,Toronto,Raptors,TOR,0,0,,,,,,0
0022000948,251,8,0,2,9:53 PM,5:08,,,SUB: Anunoby FOR Watanabe,,,5,1629139,Yuta Watanabe,1610612761.0,Toronto,Raptors,TOR,5,1628384,OG Anunoby,1610612761.0,Toronto,Raptors,TOR,0,0,,,,,,0
0022000948,254,3,12,2,9:53 PM,5:08,Harrison Free Throw 2 of 2 (7 PTS),,,44 - 47,3,4,1627885,Shaquille Harrison,1610612743.0,Denver,Nuggets,DEN,0,0,,,,,,0,0,,,,,,1
0022000948,255,6,1,2,9:54 PM,4:56,Harrison P.FOUL (P1.T2) (M.Smith),,,,,4,1627885,Shaquille Harrison,1610612743.0,Denver,Nuggets,DEN,5,203918,Rodney Hood,1610612761.0,Toronto,Raptors,TOR,1,0,,,,,,1
0022000948,257,2,3,2,9:54 PM,4:49,,,MISS Anunoby 3' Hook Shot,,,5,1628384,OG Anunoby,1610612761.0,Toronto,Raptors,TOR,0,0,,,,,,0,0,,,,,,1
0022000948,258,4,0,2,9:54 PM,4:47,Jokic REBOUND (Off:1 Def:2),,,,,4,203999,Nikola Jokic,1610612743.0,Denver,Nuggets,DEN,0,0,,,,,,0,0,,,,,,1
0022000948,259,6,2,2,9:54 PM,4:36,,,Birch S.FOUL (P2.T4) (M.Smith),,,5,203920,Khem Birch,1610612761.0,Toronto,Raptors,TOR,4,203932,Aaron Gordon,1610612743.0,Denver,Nuggets,DEN,1,0,,,,,,1
0022000948,261,3,11,2,9:55 PM,4:36,Gordon Free Throw 1 of 2 (5 PTS),,,44 - 48,4,4,203932,Aaron Gordon,1610612743.0,Denver,Nuggets,DEN,0,0,,,,,,0,0,,,,,,1
0022000948,262,3,12,2,9:55 PM,4:36,MISS Gordon Free Throw 2 of 2,,,,,4,203932,Aaron Gordon,1610612743.0,Denver,Nuggets,DEN,0,0,,,,,,0,0,,,,,,1
0022000948,263,4,0,2,9:55 PM,4:32,,,Birch REBOUND (Off:0 Def:3),,,5,203920,Khem Birch,1610612761.0,Toronto,Raptors,TOR,0,0,,,,,,0,0,,,,,,1
0022000948,264,2,79,2,9:55 PM,4:21,,,MISS Lowry 25' 3PT Pullup Jump Shot,,,5,200768,Kyle Lowry,1610612761.0,Toronto,Raptors,TOR,0,0,,,,,,0,0,,,,,,1
0022000948,265,4,0,2,9:55 PM,4:18,Porter Jr. REBOUND (Off:0 Def:3),,,,,4,1629008,Michael Porter Jr.,1610612743.0,Denver,Nuggets,DEN,0,0,,,,,,0,0,,,,,,1
0022000948,266,2,101,2,9:55 PM,4:11,MISS Porter Jr. 5' Driving Floating Jump Shot,,,,,4,1629008,Michael Porter Jr.,1610612743.0,Denver,Nuggets,DEN,0,0,,,,,,0,0,,,,,,1
0022000948,267,4,0,2,9:55 PM,4:10,Jokic REBOUND (Off:2 Def:2),,,,,4,203999,Nikola Jokic,1610612743.0,Denver,Nuggets,DEN,0,0,,,,,,0,0,,,,,,1
0022000948,268,1,75,2,9:56 PM,4:04,Gordon 4' Driving Finger Roll Layup (7 PTS),,,44 - 50,6,4,203932,Aaron Gordon,1610612743.0,Denver,Nuggets,DEN,0,0,,,,,,0,0,,,,,,1
0022000948,269,1,108,2,9:56 PM,3:54,,,Birch 1' Cutting Dunk Shot (5 PTS) (Anunoby 1 AST),46 - 50,4,5,203920,Khem Birch,1610612761.0,Toronto,Raptors,TOR,5,1628384,OG Anunoby,1610612761.0,Toronto,Raptors,TOR,0,0,,,,,,1
0022000948,272,2,1,2,9:56 PM,3:36,MISS Campazzo 26' 3PT Jump Shot,,,,,4,1630267,Facundo Campazzo,1610612743.0,Denver,Nuggets,DEN,0,0,,,,,,0,0,,,,,,1
0022000948,273,4,0,2,9:56 PM,3:34,,,Anunoby REBOUND (Off:0 Def:1),,,5,1628384,OG Anunoby,1610612761.0,Toronto,Raptors,TOR,0,0,,,,,,0,0,,,,,,1
0022000948,274,2,75,2,9:56 PM,3:26,,,MISS Anunoby 5' Driving Finger Roll Layup,,,5,1628384,OG Anunoby,1610612761.0,Toronto,Raptors,TOR,0,0,,,,,,0,0,,,,,,1
0022000948,275,4,0,2,9:56 PM,3:26,,,Raptors Rebound,,,3,1610612761,,,,,,0,0,,,,,,0,0,,,,,,0
0022000948,276,1,1,2,9:56 PM,3:23,,,Lowry 3PT Jump Shot (12 PTS) (Anunoby 2 AST),49 - 50,1,5,200768,Kyle Lowry,1610612761.0,Toronto,Raptors,TOR,5,1628384,OG Anunoby,1610612761.0,Toronto,Raptors,TOR,0,0,,,,,,1
0022000948,278,2,1,2,9:57 PM,3:07,MISS Jokic 25' 3PT Jump Shot,,,,,4,203999,Nikola Jokic,1610612743.0,Denver,Nuggets,DEN,0,0,,,,,,0,0,,,,,,1
0022000948,279,4,0,2,9:57 PM,3:05,,,Siakam REBOUND (Off:1 Def:4),,,5,1627783,Pascal Siakam,1610612761.0,Toronto,Raptors,TOR,0,0,,,,,,0,0,,,,,,1
0022000948,280,5,2,2,9:57 PM,2:54,Harrison STEAL (1 STL),,Siakam Lost Ball Turnover (P1.T6),,,5,1627783,Pascal Siakam,1610612761.0,Toronto,Raptors,TOR,4,1627885,Shaquille Harrison,1610612743.0,Denver,Nuggets,DEN,0,0,,,,,,1
0022000948,282,2,41,2,9:57 PM,2:51,MISS Harrison 7' Running Layup,,,,,4,1627885,Shaquille Harrison,1610612743.0,Denver,Nuggets,DEN,0,0,,,,,,0,0,,,,,,1
0022000948,283,4,0,2,9:57 PM,2:47,,,Lowry REBOUND (Off:0 Def:4),,,5,200768,Kyle Lowry,1610612761.0,Toronto,Raptors,TOR,0,0,,,,,,0,0,,,,,,1
0022000948,284,6,2,2,9:57 PM,2:42,Porter Jr. S.FOUL (P1.T3) (M.Smith),,,,,4,1629008,Michael Porter Jr.,1610612743.0,Denver,Nuggets,DEN,5,203920,Khem Birch,1610612761.0,Toronto,Raptors,TOR,1,0,,,,,,1
0022000948,286,9,1,2,9:57 PM,2:42,NUGGETS Timeout: Regular (Full 2 Short 0),,,,,2,1610612743,,,,,,0,0,,,,,,0,0,,,,,,0
0022000948,287,8,0,2,10:00 PM,2:42,SUB: Dozier FOR Harrison,,,,,4,1627885,Shaquille Harrison,1610612743.0,Denver,Nuggets,DEN,4,1628408,PJ Dozier,1610612743.0,Denver,Nuggets,DEN,0,0,,,,,,0
0022000948,289,3,11,2,10:00 PM,2:42,,,Birch Free Throw 1 of 2 (6 PTS),50 - 50,TIE,5,203920,Khem Birch,1610612761.0,Toronto,Raptors,TOR,0,0,,,,,,0,0,,,,,,1
0022000948,290,3,12,2,10:00 PM,2:42,,,MISS Birch Free Throw 2 of 2,,,5,203920,Khem Birch,1610612761.0,Toronto,Raptors,TOR,0,0,,,,,,0,0,,,,,,1
0022000948,291,4,0,2,10:00 PM,2:40,Jokic REBOUND (Off:2 Def:3),,,,,4,203999,Nikola Jokic,1610612743.0,Denver,Nuggets,DEN,0,0,,,,,,0,0,,,,,,1
0022000948,292,6,2,2,10:01 PM,2:21,,,Lowry S.FOUL (P1.PN) (T.Brothers),,,5,200768,Kyle Lowry,1610612761.0,Toronto,Raptors,TOR,4,1630267,Facundo Campazzo,1610612743.0,Denver,Nuggets,DEN,1,0,,,,,,1
0022000948,294,3,13,2,10:01 PM,2:21,Campazzo Free Throw 1 of 3 (4 PTS),,,50 - 51,1,4,1630267,Facundo Campazzo,1610612743.0,Denver,Nuggets,DEN,0,0,,,,,,0,0,,,,,,1
0022000948,295,3,14,2,10:02 PM,2:21,Campazzo Free Throw 2 of 3 (5 PTS),,,50 - 52,2,4,1630267,Facundo Campazzo,1610612743.0,Denver,Nuggets,DEN,0,0,,,,,,0,0,,,,,,1
0022000948,296,3,15,2,10:02 PM,2:21,Campazzo Free Throw 3 of 3 (6 PTS),,,50 - 53,3,4,1630267,Facundo Campazzo,1610612743.0,Denver,Nuggets,DEN,0,0,,,,,,0,0,,,,,,1
0022000948,297,6,2,2,10:02 PM,2:12,Porter Jr. S.FOUL (P2.T4) (T.Brothers),,,,,4,1629008,Michael Porter Jr.,1610612743.0,Denver,Nuggets,DEN,5,1628384,OG Anunoby,1610612761.0,Toronto,Raptors,TOR,1,0,,,,,,1
0022000948,299,3,11,2,10:02 PM,2:12,,,Anunoby Free Throw 1 of 2 (15 PTS),51 - 53,2,5,1628384,OG Anunoby,1610612761.0,Toronto,Raptors,TOR,0,0,,,,,,0,0,,,,,,1
0022000948,300,3,12,2,10:03 PM,2:12,,,Anunoby Free Throw 2 of 2 (16 PTS),52 - 53,1,5,1628384,OG Anunoby,1610612761.0,Toronto,Raptors,TOR,0,0,,,,,,0,0,,,,,,1
0022000948,301,6,3,2,10:03 PM,2:01,,,Anunoby L.B.FOUL (P2.PN) (M.Smith),,,5,1628384,OG Anunoby,1610612761.0,Toronto,Raptors,TOR,4,1630267,Facundo Campazzo,1610612743.0,Denver,Nuggets,DEN,1,0,,,,,,1
0022000948,303,3,11,2,10:03 PM,2:01,Campazzo Free Throw 1 of 2 (7 PTS),,,52 - 54,2,4,1630267,Facundo Campazzo,1610612743.0,Denver,Nuggets,DEN,0,0,,,,,,0,0,,,,,,1
0022000948,304,3,12,2,10:04 PM,2:01,Campazzo Free Throw 2 of 2 (8 PTS),,,52 - 55,3,4,1630267,Facundo Campazzo,1610612743.0,Denver,Nuggets,DEN,0,0,,,,,,0,0,,,,,,1
0022000948,306,1,108,2,10:04 PM,1:44,,,Birch 5' Cutting Dunk Shot (8 PTS) (Anunoby 3 AST),54 - 55,1,5,203920,Khem Birch,1610612761.0,Toronto,Raptors,TOR,5,1628384,OG Anunoby,1610612761.0,Toronto,Raptors,TOR,0,0,,,,,,1
0022000948,308,2,1,2,10:05 PM,1:22,MISS Gordon 26' 3PT Jump Shot,,,,,4,203932,Aaron Gordon,1610612743.0,Denver,Nuggets,DEN,0,0,,,,,,0,0,,,,,,1
0022000948,309,4,0,2,10:05 PM,1:20,,,Hood REBOUND (Off:0 Def:1),,,5,203918,Rodney Hood,1610612761.0,Toronto,Raptors,TOR,0,0,,,,,,0,0,,,,,,1
0022000948,310,6,4,2,10:05 PM,1:11,,,Birch OFF.Foul (P3) (T.Brothers),,,5,203920,Khem Birch,1610612761.0,Toronto,Raptors,TOR,4,1630267,Facundo Campazzo,1610612743.0,Denver,Nuggets,DEN,1,0,,,,,,1
0022000948,312,5,37,2,10:05 PM,1:11,,,Birch Offensive Foul Turnover (P1.T7),,,5,203920,Khem Birch,1610612761.0,Toronto,Raptors,TOR,0,0,,,,,,1,0,,,,,,1
0022000948,313,8,0,2,10:05 PM,1:11,SUB: Rivers FOR Porter Jr.,,,,,4,1629008,Michael Porter Jr.,1610612743.0,Denver,Nuggets,DEN,4,203085,Austin Rivers,1610612743.0,Denver,Nuggets,DEN,0,0,,,,,,0
0022000948,314,8,0,2,10:05 PM,1:11,SUB: Harrison FOR Dozier,,,,,4,1628408,PJ Dozier,1610612743.0,Denver,Nuggets,DEN,4,1627885,Shaquille Harrison,1610612743.0,Denver,Nuggets,DEN,0,0,,,,,,0
0022000948,317,2,101,2,10:05 PM,0:57,MISS Harrison 6' Driving Floating Jump Shot,,,,,4,1627885,Shaquille Harrison,1610612743.0,Denver,Nuggets,DEN,0,0,,,,,,0,0,,,,,,1
0022000948,318,4,0,2,10:05 PM,0:56,Gordon REBOUND (Off:3 Def:2),,,,,4,203932,Aaron Gordon,1610612743.0,Denver,Nuggets,DEN,0,0,,,,,,0,0,,,,,,1
0022000948,319,5,40,2,10:05 PM,0:56,Gordon Out of Bounds Lost Ball Turnover (P2.T7),,,,,4,203932,Aaron Gordon,1610612743.0,Denver,Nuggets,DEN,0,0,,,,,,1,0,,,,,,1
0022000948,320,2,79,2,10:06 PM,0:47,,,MISS Hood 24' 3PT Pullup Jump Shot,,,5,203918,Rodney Hood,1610612761.0,Toronto,Raptors,TOR,0,0,,,,,,0,0,,,,,,1
0022000948,321,4,0,2,10:06 PM,0:45,Jokic REBOUND (Off:2 Def:4),,,,,4,203999,Nikola Jokic,1610612743.0,Denver,Nuggets,DEN,0,0,,,,,,0,0,,,,,,1
0022000948,322,1,108,2,10:06 PM,0:38,Jokic 1' Cutting Dunk Shot (10 PTS) (Gordon 3 AST),,,54 - 57,3,4,203999,Nikola Jokic,1610612743.0,Denver,Nuggets,DEN,4,203932,Aaron Gordon,1610612743.0,Denver,Nuggets,DEN,0,0,,,,,,1
0022000948,324,1,79,2,10:06 PM,0:27,,,Anunoby 25' 3PT Pullup Jump Shot (19 PTS) (Birch 2 AST),57 - 57,TIE,5,1628384,OG Anunoby,1610612761.0,Toronto,Raptors,TOR,5,203920,Khem Birch,1610612761.0,Toronto,Raptors,TOR,0,0,,,,,,1
0022000948,326,1,79,2,10:07 PM,0:04,Harrison 17' Pullup Jump Shot (9 PTS),,,57 - 59,2,4,1627885,Shaquille Harrison,1610612743.0,Denver,Nuggets,DEN,0,0,,,,,,0,0,,,,,,1
0022000948,327,2,78,2,10:07 PM,0:00,,,MISS Lowry 30' 3PT Floating Jump Shot,,,5,200768,Kyle Lowry,1610612761.0,Toronto,Raptors,TOR,0,0,,,,,,0,0,,,,,,1
0022000948,328,4,0,2,10:07 PM,0:00,,,Raptors Rebound,,,3,1610612761,,,,,,0,0,,,,,,0,0,,,,,,0
0022000948,329,13,0,2,10:07 PM,0:00,,End of 2nd Period (10:07 PM EST),,57 - 59,2,0,0,,,,,,0,0,,,,,,0,0,,,,,,1
0022000948,343,12,0,3,10:22 PM,12:00,,Start of 3rd Period (10:22 PM EST),,57 - 59,2,0,0,,,,,,0,0,,,,,,0,0,,,,,,0
0022000948,344,2,6,3,10:22 PM,11:49,Porter Jr. BLOCK (2 BLK),,MISS Anunoby 8' Driving Layup,,,5,1628384,OG Anunoby,1610612761.0,Toronto,Raptors,TOR,0,0,,,,,,4,1629008,Michael Porter Jr.,1610612743.0,Denver,Nuggets,DEN,1
0022000948,346,4,0,3,10:22 PM,11:42,,,Anunoby REBOUND (Off:1 Def:1),,,5,1628384,OG Anunoby,1610612761.0,Toronto,Raptors,TOR,0,0,,,,,,0,0,,,,,,0
0022000948,347,2,78,3,10:22 PM,11:41,,,MISS Birch 2' Floating Jump Shot,,,5,203920,Khem Birch,1610612761.0,Toronto,Raptors,TOR,0,0,,,,,,0,0,,,,,,1
0022000948,350,4,0,3,10:22 PM,11:41,Porter Jr. REBOUND (Off:0 Def:4),,,,,4,1629008,Michael Porter Jr.,1610612743.0,Denver,Nuggets,DEN,0,0,,,,,,0,0,,,,,,1
0022000948,348,2,1,3,10:23 PM,11:31,MISS Dozier 3PT Jump Shot,,,,,4,1628408,PJ Dozier,1610612743.0,Denver,Nuggets,DEN,0,0,,,,,,0,0,,,,,,1
0022000948,349,4,0,3,10:23 PM,11:29,,,Anunoby REBOUND (Off:1 Def:2),,,5,1628384,OG Anunoby,1610612761.0,Toronto,Raptors,TOR,0,0,,,,,,0,0,,,,,,1
0022000948,351,1,63,3,10:23 PM,11:20,,,Lowry 16' Fadeaway Jumper (14 PTS),59 - 59,TIE,5,200768,Kyle Lowry,1610612761.0,Toronto,Raptors,TOR,0,0,,,,,,0,0,,,,,,1
0022000948,353,1,1,3,10:23 PM,10:53,Jokic 14' Jump Shot (12 PTS),,,59 - 61,2,4,203999,Nikola Jokic,1610612743.0,Denver,Nuggets,DEN,0,0,,,,,,0,0,,,,,,1
0022000948,355,2,78,3,10:24 PM,10:35,,,MISS Siakam 14' Floating Jump Shot,,,5,1627783,Pascal Siakam,1610612761.0,Toronto,Raptors,TOR,0,0,,,,,,0,0,,,,,,1
0022000948,356,4,0,3,10:24 PM,10:30,,,Birch REBOUND (Off:1 Def:3),,,5,203920,Khem Birch,1610612761.0,Toronto,Raptors,TOR,0,0,,,,,,0,0,,,,,,1
0022000948,357,1,78,3,10:24 PM,10:29,,,Siakam 5' Floating Jump Shot (11 PTS) (Birch 3 AST),61 - 61,TIE,5,1627783,Pascal Siakam,1610612761.0,Toronto,Raptors,TOR,5,203920,Khem Birch,1610612761.0,Toronto,Raptors,TOR,0,0,,,,,,1
0022000948,359,5,2,3,10:24 PM,10:17,Porter Jr. Lost Ball Turnover (P2.T8),,Lowry STEAL (2 STL),,,4,1629008,Michael Porter Jr.,1610612743.0,Denver,Nuggets,DEN,5,200768,Kyle Lowry,1610612761.0,Toronto,Raptors,TOR,0,0,,,,,,1
0022000948,361,1,41,3,10:24 PM,10:12,,,Flynn 3' Running Layup (7 PTS),63 - 61,-2,5,1630201,Malachi Flynn,1610612761.0,Toronto,Raptors,TOR,0,0,,,,,,0,0,,,,,,1
0022000948,362,2,1,3,10:24 PM,9:54,MISS Gordon 15' Jump Shot,,,,,4,203932,Aaron Gordon,1610612743.0,Denver,Nuggets,DEN,0,0,,,,,,0,0,,,,,,1
0022000948,363,4,0,3,10:24 PM,9:52,,,Flynn REBOUND (Off:0 Def:3),,,5,1630201,Malachi Flynn,1610612761.0,Toronto,Raptors,TOR,0,0,,,,,,0,0,,,,,,1
0022000948,364,5,1,3,10:25 PM,9:45,Jokic STEAL (1 STL),,Flynn Bad Pass Turnover (P3.T8),,,5,1630201,Malachi Flynn,1610612761.0,Toronto,Raptors,TOR,4,203999,Nikola Jokic,1610612743.0,Denver,Nuggets,DEN,0,0,,,,,,1
0022000948,366,1,41,3,10:25 PM,9:41,Campazzo 1' Running Layup (10 PTS) (Dozier 1 AST),,,63 - 63,TIE,4,1630267,Facundo Campazzo,1610612743.0,Denver,Nuggets,DEN,4,1628408,PJ Dozier,1610612743.0,Denver,Nuggets,DEN,0,0,,,,,,1
0022000948,368,6,1,3,10:25 PM,9:33,Dozier P.FOUL (P3.T1) (T.Brothers),,,,,4,1628408,PJ Dozier,1610612743.0,Denver,Nuggets,DEN,5,1627783,Pascal Siakam,1610612761.0,Toronto,Raptors,TOR,1,0,,,,,,1
0022000948,371,2,1,3,10:26 PM,9:17,,,MISS Birch 4' Jump Shot,,,5,203920,Khem Birch,1610612761.0,Toronto,Raptors,TOR,0,0,,,,,,0,0,,,,,,1
0022000948,372,4,0,3,10:26 PM,9:15,Porter Jr. REBOUND (Off:0 Def:5),,,,,4,1629008,Michael Porter Jr.,1610612743.0,Denver,Nuggets,DEN,0,0,,,,,,0,0,,,,,,1
0022000948,373,5,2,3,10:26 PM,9:12,Porter Jr. Lost Ball Turnover (P3.T9),,Siakam STEAL (1 STL),,,4,1629008,Michael Porter Jr.,1610612743.0,Denver,Nuggets,DEN,5,1627783,Pascal Siakam,1610612761.0,Toronto,Raptors,TOR,0,0,,,,,,1
0022000948,375,1,41,3,10:26 PM,9:08,,,Birch 6' Running Layup (10 PTS) (Siakam 2 AST),65 - 63,-2,5,203920,Khem Birch,1610612761.0,Toronto,Raptors,TOR,5,1627783,Pascal Siakam,1610612761.0,Toronto,Raptors,TOR,0,0,,,,,,1
0022000948,377,2,79,3,10:26 PM,8:42,MISS Porter Jr. 27' 3PT Pullup Jump Shot,,,,,4,1629008,Michael Porter Jr.,1610612743.0,Denver,Nuggets,DEN,0,0,,,,,,0,0,,,,,,1
0022000948,378,4,0,3,10:26 PM,8:41,NUGGETS Rebound,,,,,2,1610612743,,,,,,0,0,,,,,,0,0,,,,,,0
0022000948,379,1,58,3,10:27 PM,8:34,Jokic 5' Turnaround Hook Shot (14 PTS) (Gordon 4 AST),,,65 - 65,TIE,4,203999,Nikola Jokic,1610612743.0,Denver,Nuggets,DEN,4,203932,Aaron Gordon,1610612743.0,Denver,Nuggets,DEN,0,0,,,,,,1
0022000948,381,2,79,3,10:27 PM,8:25,,,MISS Lowry 26' 3PT Pullup Jump Shot,,,5,200768,Kyle Lowry,1610612761.0,Toronto,Raptors,TOR,0,0,,,,,,0,0,,,,,,1
0022000948,382,4,0,3,10:27 PM,8:22,Jokic REBOUND (Off:2 Def:5),,,,,4,203999,Nikola Jokic,1610612743.0,Denver,Nuggets,DEN,0,0,,,,,,0,0,,,,,,1
0022000948,383,2,1,3,10:27 PM,8:03,MISS Dozier 25' 3PT Jump Shot,,,,,4,1628408,PJ Dozier,1610612743.0,Denver,Nuggets,DEN,0,0,,,,,,0,0,,,,,,1
0022000948,384,4,0,3,10:27 PM,8:01,,,Raptors Rebound,,,3,1610612761,,,,,,0,0,,,,,,0,0,,,,,,0
0022000948,385,2,1,3,10:28 PM,7:37,,,MISS Lowry 26' 3PT Jump Shot,,,5,200768,Kyle Lowry,1610612761.0,Toronto,Raptors,TOR,0,0,,,,,,0,0,,,,,,1
0022000948,386,4,0,3,10:28 PM,7:34,Jokic REBOUND (Off:2 Def:6),,,,,4,203999,Nikola Jokic,1610612743.0,Denver,Nuggets,DEN,0,0,,,,,,0,0,,,,,,1
0022000948,388,2,58,3,10:28 PM,7:26,MISS Jokic 6' Turnaround Hook Shot,,,,,4,203999,Nikola Jokic,1610612743.0,Denver,Nuggets,DEN,0,0,,,,,,0,0,,,,,,1
0022000948,390,2,97,3,10:28 PM,7:22,MISS Jokic Tip Layup Shot,,,,,4,203999,Nikola Jokic,1610612743.0,Denver,Nuggets,DEN,0,0,,,,,,0,0,,,,,,1
0022000948,389,4,0,3,10:28 PM,7:22,Jokic REBOUND (Off:4 Def:6),,,,,4,203999,Nikola Jokic,1610612743.0,Denver,Nuggets,DEN,0,0,,,,,,0,0,,,,,,1
0022000948,391,4,0,3,10:28 PM,7:21,Jokic REBOUND (Off:4 Def:6),,,,,4,203999,Nikola Jokic,1610612743.0,Denver,Nuggets,DEN,0,0,,,,,,0,0,,,,,,1
0022000948,392,1,97,3,10:28 PM,7:21,Jokic Tip Layup Shot (16 PTS),,,65 - 67,2,4,203999,Nikola Jokic,1610612743.0,Denver,Nuggets,DEN,0,0,,,,,,0,0,,,,,,1
0022000948,393,1,79,3,10:29 PM,7:01,,,Flynn 18' Pullup Jump Shot (9 PTS) (Lowry 5 AST),67 - 67,TIE,5,1630201,Malachi Flynn,1610612761.0,Toronto,Raptors,TOR,5,200768,Kyle Lowry,1610612761.0,Toronto,Raptors,TOR,0,0,,,,,,1
0022000948,395,1,79,3,10:29 PM,6:40,Porter Jr. 3PT Pullup Jump Shot (12 PTS) (Campazzo 3 AST),,,67 - 70,3,4,1629008,Michael Porter Jr.,1610612743.0,Denver,Nuggets,DEN,4,1630267,Facundo Campazzo,1610612743.0,Denver,Nuggets,DEN,0,0,,,,,,1
0022000948,397,1,1,3,10:29 PM,6:25,,,Flynn 3PT Jump Shot (12 PTS) (Lowry 6 AST),70 - 70,TIE,5,1630201,Malachi Flynn,1610612761.0,Toronto,Raptors,TOR,5,200768,Kyle Lowry,1610612761.0,Toronto,Raptors,TOR,0,0,,,,,,1
0022000948,399,1,79,3,10:29 PM,6:13,Jokic 25' 3PT Pullup Jump Shot (19 PTS),,,70 - 73,3,4,203999,Nikola Jokic,1610612743.0,Denver,Nuggets,DEN,0,0,,,,,,0,0,,,,,,1
0022000948,400,5,4,3,10:30 PM,6:00,,,Siakam Traveling Turnover (P2.T9),,,5,1627783,Pascal Siakam,1610612761.0,Toronto,Raptors,TOR,0,0,,,,,,0,0,,,,,,1
0022000948,401,9,1,3,10:30 PM,6:00,NUGGETS Timeout: Regular (Full 3 Short 0),,,,,2,1610612743,,,,,,0,0,,,,,,0,0,,,,,,0
0022000948,402,8,0,3,10:32 PM,6:00,SUB: Rivers FOR Dozier,,,,,4,1628408,PJ Dozier,1610612743.0,Denver,Nuggets,DEN,4,203085,Austin Rivers,1610612743.0,Denver,Nuggets,DEN,0,0,,,,,,0
0022000948,404,6,2,3,10:33 PM,5:43,,,Lowry S.FOUL (P2.T1) (M.Smith),,,5,200768,Kyle Lowry,1610612761.0,Toronto,Raptors,TOR,4,1629008,Michael Porter Jr.,1610612743.0,Denver,Nuggets,DEN,1,0,,,,,,1
0022000948,406,3,11,3,10:33 PM,5:43,Porter Jr. Free Throw 1 of 2 (13 PTS),,,70 - 74,4,4,1629008,Michael Porter Jr.,1610612743.0,Denver,Nuggets,DEN,0,0,,,,,,0,0,,,,,,1
0022000948,407,3,12,3,10:34 PM,5:43,Porter Jr. Free Throw 2 of 2 (14 PTS),,,70 - 75,5,4,1629008,Michael Porter Jr.,1610612743.0,Denver,Nuggets,DEN,0,0,,,,,,0,0,,,,,,1
0022000948,408,2,1,3,10:34 PM,5:24,,,MISS Anunoby 3PT Jump Shot,,,5,1628384,OG Anunoby,1610612761.0,Toronto,Raptors,TOR,0,0,,,,,,0,0,,,,,,1
0022000948,409,4,0,3,10:34 PM,5:19,Gordon REBOUND (Off:3 Def:3),,,,,4,203932,Aaron Gordon,1610612743.0,Denver,Nuggets,DEN,0,0,,,,,,0,0,,,,,,1
0022000948,410,2,79,3,10:34 PM,5:10,MISS Rivers 3PT Pullup Jump Shot,,,,,4,203085,Austin Rivers,1610612743.0,Denver,Nuggets,DEN,0,0,,,,,,0,0,,,,,,1
0022000948,411,4,0,3,10:34 PM,5:08,,,Flynn REBOUND (Off:0 Def:4),,,5,1630201,Malachi Flynn,1610612761.0,Toronto,Raptors,TOR,0,0,,,,,,0,0,,,,,,1
0022000948,412,1,75,3,10:34 PM,4:52,,,Flynn 2' Driving Finger Roll Layup (14 PTS),72 - 75,3,5,1630201,Malachi Flynn,1610612761.0,Toronto,Raptors,TOR,0,0,,,,,,0,0,,,,,,1
0022000948,413,1,78,3,10:35 PM,4:34,Campazzo 10' Floating Jump Shot (12 PTS) (Porter Jr. 1 AST),,,72 - 77,5,4,1630267,Facundo Campazzo,1610612743.0,Denver,Nuggets,DEN,4,1629008,Michael Porter Jr.,1610612743.0,Denver,Nuggets,DEN,0,0,,,,,,1
0022000948,415,1,1,3,10:35 PM,4:09,,,Anunoby 3PT Jump Shot (22 PTS) (Birch 4 AST),75 - 77,2,5,1628384,OG Anunoby,1610612761.0,Toronto,Raptors,TOR,5,203920,Khem Birch,1610612761.0,Toronto,Raptors,TOR,0,0,,,,,,1
0022000948,424,2,78,3,10:35 PM,3:46,MISS Campazzo 11' Floating Jump Shot,,,,,4,1630267,Facundo Campazzo,1610612743.0,Denver,Nuggets,DEN,0,0,,,,,,0,0,,,,,,1
0022000948,425,4,0,3,10:35 PM,3:46,Gordon REBOUND (Off:4 Def:3),,,,,4,203932,Aaron Gordon,1610612743.0,Denver,Nuggets,DEN,0,0,,,,,,0,0,,,,,,1
0022000948,417,1,87,3,10:36 PM,3:46,Gordon 3' Putback Dunk (9 PTS),,,75 - 79,4,4,203932,Aaron Gordon,1610612743.0,Denver,Nuggets,DEN,0,0,,,,,,0,0,,,,,,1
0022000948,419,5,1,3,10:36 PM,3:33,Rivers STEAL (1 STL),,Lowry Bad Pass Turnover (P1.T10),,,5,200768,Kyle Lowry,1610612761.0,Toronto,Raptors,TOR,4,203085,Austin Rivers,1610612743.0,Denver,Nuggets,DEN,0,0,,,,,,1
0022000948,421,1,41,3,10:36 PM,3:30,Porter Jr. 1' Running Layup (16 PTS) (Campazzo 4 AST),,,75 - 81,6,4,1629008,Michael Porter Jr.,1610612743.0,Denver,Nuggets,DEN,4,1630267,Facundo Campazzo,1610612743.0,Denver,Nuggets,DEN,0,0,,,,,,1
0022000948,423,9,1,3,10:36 PM,3:21,,,Raptors Timeout: Regular (Reg.3 Short 0),,,3,1610612761,,,,,,0,0,,,,,,0,0,,,,,,0
0022000948,426,8,0,3,10:39 PM,3:21,SUB: Green FOR Campazzo,,,,,4,1630267,Facundo Campazzo,1610612743.0,Denver,Nuggets,DEN,4,203210,JaMychal Green,1610612743.0,Denver,Nuggets,DEN,0,0,,,,,,0
0022000948,427,8,0,3,10:39 PM,3:21,SUB: Harrison FOR Gordon,,,,,4,203932,Aaron Gordon,1610612743.0,Denver,Nuggets,DEN,4,1627885,Shaquille Harrison,1610612743.0,Denver,Nuggets,DEN,0,0,,,,,,0
0022000948,428,8,0,3,10:39 PM,3:21,,,SUB: Bembry FOR Flynn,,,5,1630201,Malachi Flynn,1610612761.0,Toronto,Raptors,TOR,5,1627761,DeAndre' Bembry,1610612761.0,Toronto,Raptors,TOR,0,0,,,,,,0
0022000948,429,8,0,3,10:39 PM,3:21,,,SUB: Watanabe FOR Siakam,,,5,1627783,Pascal Siakam,1610612761.0,Toronto,Raptors,TOR,5,1629139,Yuta Watanabe,1610612761.0,Toronto,Raptors,TOR,0,0,,,,,,0
0022000948,434,2,1,3,10:39 PM,3:11,,,MISS Anunoby 3PT Jump Shot,,,5,1628384,OG Anunoby,1610612761.0,Toronto,Raptors,TOR,0,0,,,,,,0,0,,,,,,1
0022000948,435,4,0,3,10:39 PM,3:10,,,Birch REBOUND (Off:2 Def:3),,,5,203920,Khem Birch,1610612761.0,Toronto,Raptors,TOR,0,0,,,,,,0,0,,,,,,1
0022000948,436,1,79,3,10:39 PM,3:07,,,Watanabe 25' 3PT Pullup Jump Shot (3 PTS) (Lowry 7 AST),78 - 81,3,5,1629139,Yuta Watanabe,1610612761.0,Toronto,Raptors,TOR,5,200768,Kyle Lowry,1610612761.0,Toronto,Raptors,TOR,0,0,,,,,,1
0022000948,438,2,63,3,10:39 PM,2:50,MISS Porter Jr. 14' Fadeaway Jumper,,,,,4,1629008,Michael Porter Jr.,1610612743.0,Denver,Nuggets,DEN,0,0,,,,,,0,0,,,,,,1
0022000948,439,4,0,3,10:39 PM,2:48,,,Watanabe REBOUND (Off:0 Def:2),,,5,1629139,Yuta Watanabe,1610612761.0,Toronto,Raptors,TOR,0,0,,,,,,0,0,,,,,,1
0022000948,440,2,5,3,10:40 PM,2:37,Porter Jr. BLOCK (3 BLK),,MISS Anunoby 4' Layup,,,5,1628384,OG Anunoby,1610612761.0,Toronto,Raptors,TOR,0,0,,,,,,4,1629008,Michael Porter Jr.,1610612743.0,Denver,Nuggets,DEN,1
0022000948,442,4,0,3,10:40 PM,2:35,Jokic REBOUND (Off:4 Def:7),,,,,4,203999,Nikola Jokic,1610612743.0,Denver,Nuggets,DEN,0,0,,,,,,0,0,,,,,,1
0022000948,443,1,63,3,10:40 PM,2:31,Porter Jr. 11' Fadeaway Jumper (18 PTS) (Green 2 AST),,,78 - 83,5,4,1629008,Michael Porter Jr.,1610612743.0,Denver,Nuggets,DEN,4,203210,JaMychal Green,1610612743.0,Denver,Nuggets,DEN,0,0,,,,,,1
0022000948,445,1,79,3,10:40 PM,2:04,,,Birch 3PT Pullup Jump Shot (13 PTS) (Bembry 2 AST),81 - 83,2,5,203920,Khem Birch,1610612761.0,Toronto,Raptors,TOR,5,1627761,DeAndre' Bembry,1610612761.0,Toronto,Raptors,TOR,0,0,,,,,,1
0022000948,447,5,1,3,10:41 PM,1:39,Jokic Bad Pass Turnover (P1.T10),,Birch STEAL (1 STL),,,4,203999,Nikola Jokic,1610612743.0,Denver,Nuggets,DEN,5,203920,Khem Birch,1610612761.0,Toronto,Raptors,TOR,0,0,,,,,,1
0022000948,450,2,41,3,10:41 PM,1:35,,,MISS Anunoby 3' Running Layup,,,5,1628384,OG Anunoby,1610612761.0,Toronto,Raptors,TOR,0,0,,,,,,0,0,,,,,,1
0022000948,451,4,0,3,10:41 PM,1:32,,,Birch REBOUND (Off:3 Def:3),,,5,203920,Khem Birch,1610612761.0,Toronto,Raptors,TOR,0,0,,,,,,0,0,,,,,,1
0022000948,452,1,78,3,10:41 PM,1:31,,,Birch 3' Floating Jump Shot (15 PTS),83 - 83,TIE,5,203920,Khem Birch,1610612761.0,Toronto,Raptors,TOR,0,0,,,,,,0,0,,,,,,1
0022000948,453,6,2,3,10:41 PM,1:16,,,Bembry S.FOUL (P2.T2) (A.Moyer-Gleich),,,5,1627761,DeAndre' Bembry,1610612761.0,Toronto,Raptors,TOR,4,1627885,Shaquille Harrison,1610612743.0,Denver,Nuggets,DEN,1,0,,,,,,1
0022000948,455,3,11,3,10:42 PM,1:16,MISS Harrison Free Throw 1 of 2,,,,,4,1627885,Shaquille Harrison,1610612743.0,Denver,Nuggets,DEN,0,0,,,,,,0,0,,,,,,1
0022000948,456,4,1,3,10:42 PM,1:16,NUGGETS Rebound,,,,,2,1610612743,,,,,,0,0,,,,,,0,0,,,,,,0
0022000948,457,8,0,3,10:42 PM,1:16,SUB: Millsap FOR Porter Jr.,,,,,4,1629008,Michael Porter Jr.,1610612743.0,Denver,Nuggets,DEN,4,200794,Paul Millsap,1610612743.0,Denver,Nuggets,DEN,0,0,,,,,,0
0022000948,458,8,0,3,10:42 PM,1:16,SUB: Dozier FOR Jokic,,,,,4,203999,Nikola Jokic,1610612743.0,Denver,Nuggets,DEN,4,1628408,PJ Dozier,1610612743.0,Denver,Nuggets,DEN,0,0,,,,,,0
0022000948,459,8,0,3,10:42 PM,1:16,,,SUB: Hood FOR Anunoby,,,5,1628384,OG Anunoby,1610612761.0,Toronto,Raptors,TOR,5,203918,Rodney Hood,1610612761.0,Toronto,Raptors,TOR,0,0,,,,,,0
0022000948,463,3,12,3,10:42 PM,1:16,Harrison Free Throw 2 of 2 (10 PTS),,,83 - 84,1,4,1627885,Shaquille Harrison,1610612743.0,Denver,Nuggets,DEN,0,0,,,,,,0,0,,,,,,1
0022000948,464,2,1,3,10:42 PM,1:04,,,MISS Watanabe 3PT Jump Shot,,,5,1629139,Yuta Watanabe,1610612761.0,Toronto,Raptors,TOR,0,0,,,,,,0,0,,,,,,1
0022000948,465,4,0,3,10:42 PM,1:00,Harrison REBOUND (Off:0 Def:5),,,,,4,1627885,Shaquille Harrison,1610612743.0,Denver,Nuggets,DEN,0,0,,,,,,0,0,,,,,,1
0022000948,466,6,2,3,10:42 PM,0:54,,,Hood S.FOUL (P2.PN) (M.Smith),,,5,203918,Rodney Hood,1610612761.0,Toronto,Raptors,TOR,4,1627885,Shaquille Harrison,1610612743.0,Denver,Nuggets,DEN,1,0,,,,,,1
0022000948,468,3,11,3,10:43 PM,0:54,Harrison Free Throw 1 of 2 (11 PTS),,,83 - 85,2,4,1627885,Shaquille Harrison,1610612743.0,Denver,Nuggets,DEN,0,0,,,,,,0,0,,,,,,0
0022000948,469,3,12,3,10:43 PM,0:54,MISS Harrison Free Throw 2 of 2,,,,,4,1627885,Shaquille Harrison,1610612743.0,Denver,Nuggets,DEN,0,0,,,,,,0,0,,,,,,1
0022000948,470,4,0,3,10:43 PM,0:48,Millsap REBOUND (Off:1 Def:2),,,,,4,200794,Paul Millsap,1610612743.0,Denver,Nuggets,DEN,0,0,,,,,,0,0,,,,,,1
0022000948,471,10,0,3,10:44 PM,0:46,Jump Ball Millsap vs. Hood: Tip to Harrison,,,,,4,200794,Paul Millsap,1610612743.0,Denver,Nuggets,DEN,5,203918,Rodney Hood,1610612761.0,Toronto,Raptors,TOR,4,1627885,Shaquille Harrison,1610612743.0,Denver,Nuggets,DEN,1
0022000948,474,2,6,3,10:44 PM,0:36,MISS Dozier 3' Driving Layup,,,,,4,1628408,PJ Dozier,1610612743.0,Denver,Nuggets,DEN,0,0,,,,,,0,0,,,,,,1
0022000948,475,4,0,3,10:44 PM,0:35,,,Raptors Rebound,,,3,1610612761,,,,,,0,0,,,,,,0,0,,,,,,0
0022000948,476,2,101,3,10:44 PM,0:29,,,MISS Lowry 4' Driving Floating Jump Shot,,,5,200768,Kyle Lowry,1610612761.0,Toronto,Raptors,TOR,0,0,,,,,,0,0,,,,,,1
0022000948,477,4,0,3,10:44 PM,0:26,NUGGETS Rebound,,,,,2,1610612743,,,,,,0,0,,,,,,0,0,,,,,,0
0022000948,478,8,0,3,10:45 PM,0:26,SUB: Porter Jr. FOR Harrison,,,,,4,1627885,Shaquille Harrison,1610612743.0,Denver,Nuggets,DEN,4,1629008,Michael Porter Jr.,1610612743.0,Denver,Nuggets,DEN,0,0,,,,,,0
0022000948,480,1,99,3,10:45 PM,0:08,Dozier 4' Cutting Finger Roll Layup Shot (4 PTS),,,83 - 87,4,4,1628408,PJ Dozier,1610612743.0,Denver,Nuggets,DEN,0,0,,,,,,0,0,,,,,,1
0022000948,481,6,2,3,10:45 PM,0:02,Rivers S.FOUL (P2.T2) (T.Brothers),,,,,4,203085,Austin Rivers,1610612743.0,Denver,Nuggets,DEN,5,1629139,Yuta Watanabe,1610612761.0,Toronto,Raptors,TOR,1,0,,,,,,1
0022000948,483,3,11,3,10:45 PM,0:02,,,Watanabe Free Throw 1 of 2 (4 PTS),84 - 87,3,5,1629139,Yuta Watanabe,1610612761.0,Toronto,Raptors,TOR,0,0,,,,,,0,0,,,,,,1
0022000948,484,3,12,3,10:45 PM,0:02,,,Watanabe Free Throw 2 of 2 (5 PTS),85 - 87,2,5,1629139,Yuta Watanabe,1610612761.0,Toronto,Raptors,TOR,0,0,,,,,,0,0,,,,,,1
0022000948,485,2,1,3,10:46 PM,0:00,MISS Porter Jr. 56' 3PT Jump Shot,,,,,4,1629008,Michael Porter Jr.,1610612743.0,Denver,Nuggets,DEN,0,0,,,,,,0,0,,,,,,1
0022000948,486,4,0,3,10:46 PM,0:00,NUGGETS Rebound,,,,,2,1610612743,,,,,,0,0,,,,,,0,0,,,,,,0
0022000948,487,13,0,3,10:46 PM,0:00,,End of 3rd Period (10:46 PM EST),,85 - 87,2,0,0,,,,,,0,0,,,,,,0,0,,,,,,1
0022000948,492,12,0,4,10:49 PM,12:00,,Start of 4th Period (10:49 PM EST),,85 - 87,2,0,0,,,,,,0,0,,,,,,0,0,,,,,,0
0022000948,493,2,80,4,10:49 PM,11:41,MISS Porter Jr. 18' Step Back Jump Shot,,,,,4,1629008,Michael Porter Jr.,1610612743.0,Denver,Nuggets,DEN,0,0,,,,,,0,0,,,,,,1
0022000948,494,4,0,4,10:49 PM,11:38,Millsap REBOUND (Off:2 Def:2),,,,,4,200794,Paul Millsap,1610612743.0,Denver,Nuggets,DEN,0,0,,,,,,0,0,,,,,,1
0022000948,495,6,2,4,10:49 PM,11:38,,,Bembry S.FOUL (P3.T1) (M.Smith),,,5,1627761,DeAndre' Bembry,1610612761.0,Toronto,Raptors,TOR,4,200794,Paul Millsap,1610612743.0,Denver,Nuggets,DEN,1,0,,,,,,1
0022000948,497,3,11,4,10:50 PM,11:38,Millsap Free Throw 1 of 2 (3 PTS),,,85 - 88,3,4,200794,Paul Millsap,1610612743.0,Denver,Nuggets,DEN,0,0,,,,,,0,0,,,,,,1
0022000948,498,3,12,4,10:50 PM,11:38,Millsap Free Throw 2 of 2 (4 PTS),,,85 - 89,4,4,200794,Paul Millsap,1610612743.0,Denver,Nuggets,DEN,0,0,,,,,,0,0,,,,,,1
0022000948,499,2,63,4,10:50 PM,11:16,,,MISS Hood 17' Fadeaway Jumper,,,5,203918,Rodney Hood,1610612761.0,Toronto,Raptors,TOR,0,0,,,,,,0,0,,,,,,1
0022000948,500,4,0,4,10:50 PM,11:13,Millsap REBOUND (Off:2 Def:3),,,,,4,200794,Paul Millsap,1610612743.0,Denver,Nuggets,DEN,0,0,,,,,,0,0,,,,,,1
0022000948,501,2,78,4,10:50 PM,11:03,MISS Millsap 14' Floating Jump Shot,,Gillespie BLOCK (1 BLK),,,4,200794,Paul Millsap,1610612743.0,Denver,Nuggets,DEN,0,0,,,,,,5,1630273,Freddie Gillespie,1610612761.0,Toronto,Raptors,TOR,1
0022000948,503,4,0,4,10:50 PM,11:02,Millsap REBOUND (Off:3 Def:3),,,,,4,200794,Paul Millsap,1610612743.0,Denver,Nuggets,DEN,0,0,,,,,,0,0,,,,,,1
0022000948,505,1,75,4,10:51 PM,10:52,Porter Jr. 4' Driving Finger Roll Layup (20 PTS),,,85 - 91,6,4,1629008,Michael Porter Jr.,1610612743.0,Denver,Nuggets,DEN,0,0,,,,,,0,0,,,,,,1
0022000948,506,6,1,4,10:51 PM,10:42,Green P.FOUL (P1.T1) (T.Brothers),,,,,4,203210,JaMychal Green,1610612743.0,Denver,Nuggets,DEN,5,1630273,Freddie Gillespie,1610612761.0,Toronto,Raptors,TOR,1,0,,,,,,1
0022000948,508,2,79,4,10:52 PM,10:33,,,MISS Watanabe 3PT Pullup Jump Shot,,,5,1629139,Yuta Watanabe,1610612761.0,Toronto,Raptors,TOR,0,0,,,,,,0,0,,,,,,1
0022000948,509,4,0,4,10:52 PM,10:30,Porter Jr. REBOUND (Off:0 Def:6),,,,,4,1629008,Michael Porter Jr.,1610612743.0,Denver,Nuggets,DEN,0,0,,,,,,0,0,,,,,,1
0022000948,510,1,78,4,10:52 PM,10:21,Millsap 7' Floating Jump Shot (6 PTS),,,85 - 93,8,4,200794,Paul Millsap,1610612743.0,Denver,Nuggets,DEN,0,0,,,,,,0,0,,,,,,1
0022000948,511,5,11,4,10:52 PM,9:53,,,Raptors Turnover: Shot Clock (T#11),,,3,1610612761,,,,,,0,0,,,,,,1,0,,,,,,0
0022000948,512,1,79,4,10:53 PM,9:42,Porter Jr. 27' 3PT Pullup Jump Shot (23 PTS),,,85 - 96,11,4,1629008,Michael Porter Jr.,1610612743.0,Denver,Nuggets,DEN,0,0,,,,,,0,0,,,,,,1
0022000948,513,9,1,4,10:53 PM,9:39,,,Raptors Timeout: Regular (Reg.4 Short 0),,,3,1610612761,,,,,,0,0,,,,,,0,0,,,,,,0
0022000948,514,8,0,4,10:55 PM,9:39,,,SUB: Anunoby FOR Watanabe,,,5,1629139,Yuta Watanabe,1610612761.0,Toronto,Raptors,TOR,5,1628384,OG Anunoby,1610612761.0,Toronto,Raptors,TOR,0,0,,,,,,0
0022000948,515,8,0,4,10:55 PM,9:39,,,SUB: Johnson FOR Hood,,,5,203918,Rodney Hood,1610612761.0,Toronto,Raptors,TOR,5,1626169,Stanley Johnson,1610612761.0,Toronto,Raptors,TOR,0,0,,,,,,0
0022000948,516,8,0,4,10:55 PM,9:39,,,SUB: Lowry FOR Bembry,,,5,1627761,DeAndre' Bembry,1610612761.0,Toronto,Raptors,TOR,5,200768,Kyle Lowry,1610612761.0,Toronto,Raptors,TOR,0,0,,,,,,0
0022000948,517,8,0,4,10:55 PM,9:39,,,SUB: Siakam FOR Gillespie,,,5,1630273,Freddie Gillespie,1610612761.0,Toronto,Raptors,TOR,5,1627783,Pascal Siakam,1610612761.0,Toronto,Raptors,TOR,0,0,,,,,,0
0022000948,522,2,75,4,10:56 PM,9:27,,,MISS Lowry 4' Driving Finger Roll Layup,,,5,200768,Kyle Lowry,1610612761.0,Toronto,Raptors,TOR,0,0,,,,,,0,0,,,,,,1
0022000948,523,4,0,4,10:56 PM,9:24,Green REBOUND (Off:1 Def:4),,,,,4,203210,JaMychal Green,1610612743.0,Denver,Nuggets,DEN,0,0,,,,,,0,0,,,,,,1
0022000948,524,1,1,4,10:56 PM,9:20,Dozier 26' 3PT Jump Shot (7 PTS) (Rivers 1 AST),,,85 - 99,14,4,1628408,PJ Dozier,1610612743.0,Denver,Nuggets,DEN,4,203085,Austin Rivers,1610612743.0,Denver,Nuggets,DEN,0,0,,,,,,1
0022000948,526,2,1,4,10:56 PM,8:55,,,MISS Anunoby 3PT Jump Shot,,,5,1628384,OG Anunoby,1610612761.0,Toronto,Raptors,TOR,0,0,,,,,,0,0,,,,,,1
0022000948,527,4,0,4,10:56 PM,8:53,Rivers REBOUND (Off:0 Def:1),,,,,4,203085,Austin Rivers,1610612743.0,Denver,Nuggets,DEN,0,0,,,,,,0,0,,,,,,1
0022000948,528,6,1,4,10:57 PM,8:43,,,Johnson P.FOUL (P1.T2) (T.Brothers),,,5,1626169,Stanley Johnson,1610612761.0,Toronto,Raptors,TOR,4,200794,Paul Millsap,1610612743.0,Denver,Nuggets,DEN,1,0,,,,,,1
0022000948,530,1,1,4,10:57 PM,8:38,Green 25' 3PT Jump Shot (7 PTS) (Millsap 1 AST),,,85 - 102,17,4,203210,JaMychal Green,1610612743.0,Denver,Nuggets,DEN,4,200794,Paul Millsap,1610612743.0,Denver,Nuggets,DEN,0,0,,,,,,1
0022000948,532,2,78,4,10:57 PM,8:17,,,MISS Siakam 5' Floating Jump Shot,,,5,1627783,Pascal Siakam,1610612761.0,Toronto,Raptors,TOR,0,0,,,,,,0,0,,,,,,1
0022000948,533,4,0,4,10:57 PM,8:16,,,Raptors Rebound,,,3,1610612761,,,,,,0,0,,,,,,0,0,,,,,,0
0022000948,534,2,63,4,10:58 PM,8:03,,,MISS Anunoby 14' Fadeaway Jumper,,,5,1628384,OG Anunoby,1610612761.0,Toronto,Raptors,TOR,0,0,,,,,,0,0,,,,,,1
0022000948,535,4,0,4,10:58 PM,8:00,,,Lowry REBOUND (Off:1 Def:4),,,5,200768,Kyle Lowry,1610612761.0,Toronto,Raptors,TOR,0,0,,,,,,0,0,,,,,,1
0022000948,536,1,1,4,10:58 PM,7:59,,,Lowry 27' 3PT Jump Shot (17 PTS),88 - 102,14,5,200768,Kyle Lowry,1610612761.0,Toronto,Raptors,TOR,0,0,,,,,,0,0,,,,,,1
0022000948,537,6,2,4,10:58 PM,7:35,,,Johnson S.FOUL (P2.T3) (M.Smith),,,5,1626169,Stanley Johnson,1610612761.0,Toronto,Raptors,TOR,4,203210,JaMychal Green,1610612743.0,Denver,Nuggets,DEN,1,0,,,,,,1
0022000948,539,3,11,4,10:59 PM,7:35,MISS Green Free Throw 1 of 2,,,,,4,203210,JaMychal Green,1610612743.0,Denver,Nuggets,DEN,0,0,,,,,,0,0,,,,,,1
0022000948,540,4,1,4,10:59 PM,7:35,NUGGETS Rebound,,,,,2,1610612743,,,,,,0,0,,,,,,0,0,,,,,,0
0022000948,541,3,12,4,10:59 PM,7:35,Green Free Throw 2 of 2 (8 PTS),,,88 - 103,15,4,203210,JaMychal Green,1610612743.0,Denver,Nuggets,DEN,0,0,,,,,,0,0,,,,,,1
0022000948,542,2,101,4,10:59 PM,7:16,Green BLOCK (1 BLK),,MISS Siakam 4' Driving Floating Jump Shot,,,5,1627783,Pascal Siakam,1610612761.0,Toronto,Raptors,TOR,0,0,,,,,,4,203210,JaMychal Green,1610612743.0,Denver,Nuggets,DEN,1
0022000948,544,4,0,4,10:59 PM,7:14,Millsap REBOUND (Off:3 Def:4),,,,,4,200794,Paul Millsap,1610612743.0,Denver,Nuggets,DEN,0,0,,,,,,0,0,,,,,,1
0022000948,545,1,41,4,11:00 PM,7:13,Dozier 2' Running Layup (9 PTS) (Millsap 2 AST),,,88 - 105,17,4,1628408,PJ Dozier,1610612743.0,Denver,Nuggets,DEN,4,200794,Paul Millsap,1610612743.0,Denver,Nuggets,DEN,0,0,,,,,,1
0022000948,547,6,14,4,11:00 PM,7:13,,,Lowry FLAGRANT.FOUL.TYPE1 (P3.T4) (T.Brothers),,,5,200768,Kyle Lowry,1610612761.0,Toronto,Raptors,TOR,4,1628408,PJ Dozier,1610612743.0,Denver,Nuggets,DEN,1,0,,,,,,1
0022000948,549,18,1,4,11:00 PM,7:13,,Instant Replay4th Period (11:00 PM EST),,88 - 105,17,0,547,,,,,,0,0,,,,,,1,0,,,,,,0
0022000948,550,8,0,4,11:01 PM,7:13,,,SUB: Birch FOR Anunoby,,,5,1628384,OG Anunoby,1610612761.0,Toronto,Raptors,TOR,5,203920,Khem Birch,1610612761.0,Toronto,Raptors,TOR,0,0,,,,,,0
0022000948,552,3,20,4,11:02 PM,7:13,Dozier Free Throw Flagrant 1 of 1 (10 PTS),,,88 - 106,18,4,1628408,PJ Dozier,1610612743.0,Denver,Nuggets,DEN,0,0,,,,,,0,0,,,,,,1
0022000948,553,1,79,4,11:02 PM,7:07,Green 24' 3PT Pullup Jump Shot (11 PTS) (Dozier 2 AST),,,88 - 109,21,4,203210,JaMychal Green,1610612743.0,Denver,Nuggets,DEN,4,1628408,PJ Dozier,1610612743.0,Denver,Nuggets,DEN,0,0,,,,,,1
0022000948,555,5,1,4,11:03 PM,6:37,,,Flynn Bad Pass Turnover (P4.T12),,,5,1630201,Malachi Flynn,1610612761.0,Toronto,Raptors,TOR,0,0,,,,,,0,0,,,,,,1
0022000948,556,2,1,4,11:03 PM,6:30,MISS Porter Jr. 3PT Jump Shot,,,,,4,1629008,Michael Porter Jr.,1610612743.0,Denver,Nuggets,DEN,0,0,,,,,,0,0,,,,,,1
0022000948,557,4,0,4,11:03 PM,6:28,,,Flynn REBOUND (Off:0 Def:5),,,5,1630201,Malachi Flynn,1610612761.0,Toronto,Raptors,TOR,0,0,,,,,,0,0,,,,,,1
0022000948,558,1,1,4,11:03 PM,6:20,,,Lowry 25' 3PT Jump Shot (20 PTS) (Johnson 1 AST),91 - 109,18,5,200768,Kyle Lowry,1610612761.0,Toronto,Raptors,TOR,5,1626169,Stanley Johnson,1610612761.0,Toronto,Raptors,TOR,0,0,,,,,,1
0022000948,560,1,63,4,11:03 PM,6:03,Millsap 9' Fadeaway Jumper (8 PTS) (Dozier 3 AST),,,91 - 111,20,4,200794,Paul Millsap,1610612743.0,Denver,Nuggets,DEN,4,1628408,PJ Dozier,1610612743.0,Denver,Nuggets,DEN,0,0,,,,,,1
0022000948,562,2,63,4,11:04 PM,5:49,,,MISS Lowry 16' Fadeaway Jumper,,,5,200768,Kyle Lowry,1610612761.0,Toronto,Raptors,TOR,0,0,,,,,,0,0,,,,,,1
0022000948,563,4,0,4,11:04 PM,5:48,Porter Jr. REBOUND (Off:0 Def:7),,,,,4,1629008,Michael Porter Jr.,1610612743.0,Denver,Nuggets,DEN,0,0,,,,,,0,0,,,,,,1
0022000948,564,2,86,4,11:04 PM,5:30,MISS Porter Jr. 14' Turnaround Fadeaway Shot,,,,,4,1629008,Michael Porter Jr.,1610612743.0,Denver,Nuggets,DEN,0,0,,,,,,0,0,,,,,,1
0022000948,565,4,0,4,11:04 PM,5:26,,,Birch REBOUND (Off:3 Def:4),,,5,203920,Khem Birch,1610612761.0,Toronto,Raptors,TOR,0,0,,,,,,0,0,,,,,,1
0022000948,566,5,1,4,11:04 PM,5:15,Rivers STEAL (2 STL),,Flynn Bad Pass Turnover (P5.T13),,,5,1630201,Malachi Flynn,1610612761.0,Toronto,Raptors,TOR,4,203085,Austin Rivers,1610612743.0,Denver,Nuggets,DEN,0,0,,,,,,1
0022000948,568,1,41,4,11:04 PM,5:14,Rivers 2' Running Layup (10 PTS),,,91 - 113,22,4,203085,Austin Rivers,1610612743.0,Denver,Nuggets,DEN,0,0,,,,,,0,0,,,,,,1
0022000948,569,6,2,4,11:04 PM,5:14,,,Lowry S.FOUL (P4.PN) (A.Moyer-Gleich),,,5,200768,Kyle Lowry,1610612761.0,Toronto,Raptors,TOR,4,203085,Austin Rivers,1610612743.0,Denver,Nuggets,DEN,1,0,,,,,,1
0022000948,571,8,0,4,11:04 PM,5:14,SUB: Campazzo FOR Dozier,,,,,4,1628408,PJ Dozier,1610612743.0,Denver,Nuggets,DEN,4,1630267,Facundo Campazzo,1610612743.0,Denver,Nuggets,DEN,0,0,,,,,,0
0022000948,573,8,0,4,11:05 PM,5:14,,,SUB: Anunoby FOR Lowry,,,5,200768,Kyle Lowry,1610612761.0,Toronto,Raptors,TOR,5,1628384,OG Anunoby,1610612761.0,Toronto,Raptors,TOR,0,0,,,,,,0
0022000948,575,3,10,4,11:05 PM,5:14,Rivers Free Throw 1 of 1 (11 PTS),,,91 - 114,23,4,203085,Austin Rivers,1610612743.0,Denver,Nuggets,DEN,0,0,,,,,,0,0,,,,,,1
0022000948,576,6,2,4,11:05 PM,5:00,Rivers S.FOUL (P3.T2) (A.Moyer-Gleich),,,,,4,203085,Austin Rivers,1610612743.0,Denver,Nuggets,DEN,5,1630201,Malachi Flynn,1610612761.0,Toronto,Raptors,TOR,1,0,,,,,,1
0022000948,578,9,1,4,11:06 PM,5:00,NUGGETS Timeout: Regular (Full 4 Short 0),,,,,2,1610612743,,,,,,0,0,,,,,,0,0,,,,,,0
0022000948,579,18,4,4,11:06 PM,5:00,,Instant Replay4th Period (11:06 PM EST),,91 - 114,23,0,576,,,,,,0,0,,,,,,1,0,,,,,,1
0022000948,580,8,0,4,11:08 PM,5:00,,,SUB: Harris FOR Johnson,,,5,1626169,Stanley Johnson,1610612761.0,Toronto,Raptors,TOR,5,1630223,Jalen Harris,1610612761.0,Toronto,Raptors,TOR,0,0,,,,,,0
0022000948,581,8,0,4,11:08 PM,5:00,,,SUB: Gillespie FOR Siakam,,,5,1627783,Pascal Siakam,1610612761.0,Toronto,Raptors,TOR,5,1630273,Freddie Gillespie,1610612761.0,Toronto,Raptors,TOR,0,0,,,,,,0
0022000948,584,3,11,4,11:08 PM,5:00,,,Flynn Free Throw 1 of 2 (15 PTS),92 - 114,22,5,1630201,Malachi Flynn,1610612761.0,Toronto,Raptors,TOR,0,0,,,,,,0,0,,,,,,0
0022000948,585,3,12,4,11:08 PM,5:00,,,Flynn Free Throw 2 of 2 (16 PTS),93 - 114,21,5,1630201,Malachi Flynn,1610612761.0,Toronto,Raptors,TOR,0,0,,,,,,0,0,,,,,,1
0022000948,586,2,63,4,11:09 PM,4:40,MISS Porter Jr. 17' Fadeaway Jumper,,,,,4,1629008,Michael Porter Jr.,1610612743.0,Denver,Nuggets,DEN,0,0,,,,,,0,0,,,,,,1
0022000948,587,4,0,4,11:09 PM,4:39,,,Gillespie REBOUND (Off:0 Def:1),,,5,1630273,Freddie Gillespie,1610612761.0,Toronto,Raptors,TOR,0,0,,,,,,0,0,,,,,,1
0022000948,590,1,41,4,11:09 PM,4:32,,,Anunoby 2' Running Layup (24 PTS) (Flynn 4 AST),95 - 114,19,5,1628384,OG Anunoby,1610612761.0,Toronto,Raptors,TOR,5,1630201,Malachi Flynn,1610612761.0,Toronto,Raptors,TOR,0,0,,,,,,1
0022000948,591,6,2,4,11:09 PM,4:32,Green S.FOUL (P2.T3) (M.Smith),,,,,4,203210,JaMychal Green,1610612743.0,Denver,Nuggets,DEN,5,1628384,OG Anunoby,1610612761.0,Toronto,Raptors,TOR,1,0,,,,,,1
0022000948,593,3,10,4,11:09 PM,4:32,,,Anunoby Free Throw 1 of 1 (25 PTS),96 - 114,18,5,1628384,OG Anunoby,1610612761.0,Toronto,Raptors,TOR,0,0,,,,,,0,0,,,,,,1
0022000948,594,1,52,4,11:10 PM,4:17,Green 2' Alley Oop Dunk (13 PTS) (Rivers 2 AST),,,96 - 116,20,4,203210,JaMychal Green,1610612743.0,Denver,Nuggets,DEN,4,203085,Austin Rivers,1610612743.0,Denver,Nuggets,DEN,0,0,,,,,,1
0022000948,596,5,2,4,11:10 PM,3:53,Campazzo STEAL (1 STL),,Flynn Lost Ball Turnover (P6.T14),,,5,1630201,Malachi Flynn,1610612761.0,Toronto,Raptors,TOR,4,1630267,Facundo Campazzo,1610612743.0,Denver,Nuggets,DEN,0,0,,,,,,1
0022000948,599,2,1,4,11:11 PM,3:43,MISS Rivers 24' 3PT Jump Shot,,,,,4,203085,Austin Rivers,1610612743.0,Denver,Nuggets,DEN,0,0,,,,,,0,0,,,,,,1
0022000948,600,4,0,4,11:11 PM,3:38,,,Flynn REBOUND (Off:0 Def:6),,,5,1630201,Malachi Flynn,1610612761.0,Toronto,Raptors,TOR,0,0,,,,,,0,0,,,,,,1
0022000948,601,6,28,4,11:11 PM,3:37,Campazzo Personal Take Foul (P1.T4) (M.Smith),,,,,4,1630267,Facundo Campazzo,1610612743.0,Denver,Nuggets,DEN,5,1630201,Malachi Flynn,1610612761.0,Toronto,Raptors,TOR,1,0,,,,,,1
0022000948,603,8,0,4,11:11 PM,3:37,SUB: Bol FOR Porter Jr.,,,,,4,1629008,Michael Porter Jr.,1610612743.0,Denver,Nuggets,DEN,4,1629626,Bol Bol,1610612743.0,Denver,Nuggets,DEN,0,0,,,,,,0
0022000948,604,8,0,4,11:11 PM,3:37,,,SUB: Watanabe FOR Anunoby,,,5,1628384,OG Anunoby,1610612761.0,Toronto,Raptors,TOR,5,1629139,Yuta Watanabe,1610612761.0,Toronto,Raptors,TOR,0,0,,,,,,0
0022000948,607,5,2,4,11:12 PM,3:24,Millsap STEAL (1 STL),,Birch Lost Ball Turnover (P2.T15),,,5,203920,Khem Birch,1610612761.0,Toronto,Raptors,TOR,4,200794,Paul Millsap,1610612743.0,Denver,Nuggets,DEN,0,0,,,,,,1
0022000948,609,1,7,4,11:12 PM,3:17,Green Dunk (15 PTS) (Millsap 3 AST),,,96 - 118,22,4,203210,JaMychal Green,1610612743.0,Denver,Nuggets,DEN,4,200794,Paul Millsap,1610612743.0,Denver,Nuggets,DEN,0,0,,,,,,1
0022000948,611,1,1,4,11:12 PM,3:02,,,Birch 24' 3PT Jump Shot (18 PTS) (Harris 1 AST),99 - 118,19,5,203920,Khem Birch,1610612761.0,Toronto,Raptors,TOR,5,1630223,Jalen Harris,1610612761.0,Toronto,Raptors,TOR,0,0,,,,,,1
0022000948,613,9,1,4,11:12 PM,3:02,NUGGETS Timeout: Regular (Full 5 Short 0),,,,,2,1610612743,,,,,,0,0,,,,,,0,0,,,,,,0
0022000948,614,8,0,4,11:13 PM,3:02,SUB: Cancar FOR Green,,,,,4,203210,JaMychal Green,1610612743.0,Denver,Nuggets,DEN,4,1628427,Vlatko Cancar,1610612743.0,Denver,Nuggets,DEN,0,0,,,,,,0
0022000948,615,8,0,4,11:13 PM,3:02,SUB: Howard FOR Millsap,,,,,4,200794,Paul Millsap,1610612743.0,Denver,Nuggets,DEN,4,1630210,Markus Howard,1610612743.0,Denver,Nuggets,DEN,0,0,,,,,,0
0022000948,616,8,0,4,11:13 PM,3:02,SUB: Nnaji FOR Rivers,,,,,4,203085,Austin Rivers,1610612743.0,Denver,Nuggets,DEN,4,1630192,Zeke Nnaji,1610612743.0,Denver,Nuggets,DEN,0,0,,,,,,0
0022000948,617,8,0,4,11:13 PM,3:02,,,SUB: Johnson FOR Flynn,,,5,1630201,Malachi Flynn,1610612761.0,Toronto,Raptors,TOR,5,1626169,Stanley Johnson,1610612761.0,Toronto,Raptors,TOR,0,0,,,,,,0
0022000948,622,2,1,4,11:14 PM,2:43,MISS Nnaji 18' Jump Shot,,,,,4,1630192,Zeke Nnaji,1610612743.0,Denver,Nuggets,DEN,0,0,,,,,,0,0,,,,,,1
0022000948,623,4,0,4,11:14 PM,2:39,,,Harris REBOUND (Off:0 Def:1),,,5,1630223,Jalen Harris,1610612761.0,Toronto,Raptors,TOR,0,0,,,,,,0,0,,,,,,1
0022000948,624,5,45,4,11:14 PM,2:34,,,Harris Out of Bounds - Bad Pass Turnover Turnover (P1.T16),,,5,1630223,Jalen Harris,1610612761.0,Toronto,Raptors,TOR,0,0,,,,,,1,0,,,,,,1
0022000948,625,5,1,4,11:15 PM,2:24,Howard Bad Pass Turnover (P1.T11),,Birch STEAL (2 STL),,,4,1630210,Markus Howard,1610612743.0,Denver,Nuggets,DEN,5,203920,Khem Birch,1610612761.0,Toronto,Raptors,TOR,0,0,,,,,,1
0022000948,627,6,2,4,11:15 PM,2:19,Bol S.FOUL (P1.PN) (A.Moyer-Gleich),,,,,4,1629626,Bol Bol,1610612743.0,Denver,Nuggets,DEN,5,1630273,Freddie Gillespie,1610612761.0,Toronto,Raptors,TOR,1,0,,,,,,1
0022000948,629,3,11,4,11:15 PM,2:19,,,Gillespie Free Throw 1 of 2 (1 PTS),100 - 118,18,5,1630273,Freddie Gillespie,1610612761.0,Toronto,Raptors,TOR,0,0,,,,,,0,0,,,,,,1
0022000948,630,8,0,4,11:15 PM,2:19,SUB: Harrison FOR Campazzo,,,,,4,1630267,Facundo Campazzo,1610612743.0,Denver,Nuggets,DEN,4,1627885,Shaquille Harrison,1610612743.0,Denver,Nuggets,DEN,0,0,,,,,,0
0022000948,632,3,12,4,11:15 PM,2:19,,,Gillespie Free Throw 2 of 2 (2 PTS),101 - 118,17,5,1630273,Freddie Gillespie,1610612761.0,Toronto,Raptors,TOR,0,0,,,,,,0,0,,,,,,1
0022000948,633,1,1,4,11:15 PM,2:07,Cancar 3PT Jump Shot (3 PTS) (Harrison 1 AST),,,101 - 121,20,4,1628427,Vlatko Cancar,1610612743.0,Denver,Nuggets,DEN,4,1627885,Shaquille Harrison,1610612743.0,Denver,Nuggets,DEN,0,0,,,,,,1
0022000948,635,1,66,4,11:16 PM,1:51,,,Johnson 15' Jump Bank Shot (2 PTS),103 - 121,18,5,1626169,Stanley Johnson,1610612761.0,Toronto,Raptors,TOR,0,0,,,,,,0,0,,,,,,1
0022000948,636,6,2,4,11:16 PM,1:51,Nnaji S.FOUL (P1.PN) (T.Brothers),,,,,4,1630192,Zeke Nnaji,1610612743.0,Denver,Nuggets,DEN,5,1626169,Stanley Johnson,1610612761.0,Toronto,Raptors,TOR,1,0,,,,,,1
0022000948,638,3,10,4,11:16 PM,1:51,,,Johnson Free Throw 1 of 1 (3 PTS),104 - 121,17,5,1626169,Stanley Johnson,1610612761.0,Toronto,Raptors,TOR,0,0,,,,,,0,0,,,,,,1
0022000948,640,2,1,4,11:17 PM,1:39,MISS Howard 26' 3PT Jump Shot,,,,,4,1630210,Markus Howard,1610612743.0,Denver,Nuggets,DEN,0,0,,,,,,0,0,,,,,,1
0022000948,641,4,0,4,11:17 PM,1:35,,,Gillespie REBOUND (Off:0 Def:2),,,5,1630273,Freddie Gillespie,1610612761.0,Toronto,Raptors,TOR,0,0,,,,,,0,0,,,,,,1
0022000948,642,2,78,4,11:17 PM,1:31,,,MISS Watanabe 11' Floating Jump Shot,,,5,1629139,Yuta Watanabe,1610612761.0,Toronto,Raptors,TOR,0,0,,,,,,0,0,,,,,,1
0022000948,643,4,0,4,11:17 PM,1:29,Bol REBOUND (Off:0 Def:1),,,,,4,1629626,Bol Bol,1610612743.0,Denver,Nuggets,DEN,0,0,,,,,,0,0,,,,,,1
0022000948,644,5,2,4,11:17 PM,1:17,Bol Lost Ball Turnover (P1.T12),,Johnson STEAL (1 STL),,,4,1629626,Bol Bol,1610612743.0,Denver,Nuggets,DEN,5,1626169,Stanley Johnson,1610612761.0,Toronto,Raptors,TOR,0,0,,,,,,1
0022000948,646,1,41,4,11:17 PM,1:14,,,Birch 2' Running Layup (20 PTS) (Johnson 2 AST),106 - 121,15,5,203920,Khem Birch,1610612761.0,Toronto,Raptors,TOR,5,1626169,Stanley Johnson,1610612761.0,Toronto,Raptors,TOR,0,0,,,,,,1
0022000948,648,2,6,4,11:17 PM,0:59,MISS Nnaji 4' Driving Layup,,,,,4,1630192,Zeke Nnaji,1610612743.0,Denver,Nuggets,DEN,0,0,,,,,,0,0,,,,,,1
0022000948,649,4,0,4,11:17 PM,0:59,,,Raptors Rebound,,,3,1610612761,,,,,,0,0,,,,,,0,0,,,,,,0
0022000948,650,2,1,4,11:18 PM,0:49,Harrison BLOCK (1 BLK),,MISS Harris 22' Jump Shot,,,5,1630223,Jalen Harris,1610612761.0,Toronto,Raptors,TOR,0,0,,,,,,4,1627885,Shaquille Harrison,1610612743.0,Denver,Nuggets,DEN,1
0022000948,652,4,0,4,11:18 PM,0:47,,,Harris REBOUND (Off:1 Def:1),,,5,1630223,Jalen Harris,1610612761.0,Toronto,Raptors,TOR,0,0,,,,,,0,0,,,,,,1
0022000948,654,1,79,4,11:18 PM,0:45,,,Johnson 27' 3PT Pullup Jump Shot (6 PTS) (Watanabe 1 AST),109 - 121,12,5,1626169,Stanley Johnson,1610612761.0,Toronto,Raptors,TOR,5,1629139,Yuta Watanabe,1610612761.0,Toronto,Raptors,TOR,0,0,,,,,,1
0022000948,656,2,79,4,11:18 PM,0:29,MISS Howard 26' 3PT Pullup Jump Shot,,,,,4,1630210,Markus Howard,1610612743.0,Denver,Nuggets,DEN,0,0,,,,,,0,0,,,,,,1
0022000948,657,4,0,4,11:18 PM,0:27,,,Birch REBOUND (Off:3 Def:5),,,5,203920,Khem Birch,1610612761.0,Toronto,Raptors,TOR,0,0,,,,,,0,0,,,,,,1
0022000948,658,1,50,4,11:18 PM,0:22,,,Gillespie 1' Running Dunk (4 PTS) (Johnson 3 AST),111 - 121,10,5,1630273,Freddie Gillespie,1610612761.0,Toronto,Raptors,TOR,5,1626169,Stanley Johnson,1610612761.0,Toronto,Raptors,TOR,0,0,,,,,,1
0022000948,660,13,0,4,11:19 PM,0:00,,End of 4th Period (11:19 PM EST),,111 - 121,10,0,0,,,,,,0,0,,,,,,0,0,,,,,,1
