,GAME_ID,EVENTNUM,EVENTMSGTYPE,EVENTMSGACTIONTYPE,PERIOD,WCTIMESTRING,PCTIMESTRING,HOMEDESCRIPTION,NEUTRALDESCRIPTION,VISITORDESCRIPTION,SCORE,SCOREMARGIN,PERSON1TYPE,PLAYER1_ID,PLAYER1_NAME,PLAYER1_TEAM_ID,PLAYER1_TEAM_CITY,PLAYER1_TEAM_NICKNAME,PLAYER1_TEAM_ABBREVIATION,PERSON2TYPE,PLAYER2_ID,PLAYER2_NAME,PLAYER2_TEAM_ID,PLAYER2_TEAM_CITY,PLAYER2_TEAM_NICKNAME,PLAYER2_TEAM_ABBREVIATION,PERSON3TYPE,PLAYER3_ID,PLAYER3_NAME,PLAYER3_TEAM_ID,PLAYER3_TEAM_CITY,PLAYER3_TEAM_NICKNAME,PLAYER3_TEAM_ABBREVIATION,VIDEO_AVAILABLE_FLAG
0,0022000243,2,12,0,1,8:10 PM,12:00,,,,,,0,0,,,,,,0,0,,,,,,0,0,,,,,,0
1,0022000243,4,10,0,1,8:11 PM,12:00,Jump Ball Plumlee vs. Embiid: Tip to Curry,,,,,4,203486,Mason Plumlee,1610612765.0,Detroit,Pistons,DET,5,203954,Joel Embiid,1610612755.0,Philadelphia,76ers,PHI,5,203552,Seth Curry,1610612755.0,Philadelphia,76ers,PHI,1
2,0022000243,7,1,79,1,8:11 PM,11:40,,,Embiid 16' Pullup Jump Shot (2 PTS),2 - 0,-2,5,203954,Joel Embiid,1610612755.0,Philadelphia,76ers,PHI,0,0,,,,,,0,0,,,,,,1
3,0022000243,8,2,1,1,8:11 PM,11:22,MISS Grant 29' 3PT Jump Shot,,,,,4,203924,Jerami Grant,1610612765.0,Detroit,Pistons,DET,0,0,,,,,,0,0,,,,,,1
4,0022000243,9,4,0,1,8:11 PM,11:19,,,Curry REBOUND (Off:0 Def:1),,,5,203552,Seth Curry,1610612755.0,Philadelphia,76ers,PHI,0,0,,,,,,0,0,,,,,,1
5,0022000243,10,1,96,1,8:11 PM,11:10,,,Simmons 2' Turnaround Bank Hook Shot (2 PTS) (Embiid 1 AST),4 - 0,-4,5,1627732,Ben Simmons,1610612755.0,Philadelphia,76ers,PHI,5,203954,Joel Embiid,1610612755.0,Philadelphia,76ers,PHI,0,0,,,,,,1
6,0022000243,12,1,1,1,8:12 PM,10:48,Grant 25' 3PT Jump Shot (3 PTS) (Ellington 1 AST),,,4 - 3,-1,4,203924,Jerami Grant,1610612765.0,Detroit,Pistons,DET,4,201961,Wayne Ellington,1610612765.0,Detroit,Pistons,DET,0,0,,,,,,1
7,0022000243,14,1,79,1,8:12 PM,10:32,,,Harris 17' Pullup Jump Shot (2 PTS) (Simmons 1 AST),6 - 3,-3,5,202699,Tobias Harris,1610612755.0,Philadelphia,76ers,PHI,5,1627732,Ben Simmons,1610612755.0,Philadelphia,76ers,PHI,0,0,,,,,,1
8,0022000243,16,1,1,1,8:12 PM,10:15,Ellington 27' 3PT Jump Shot (3 PTS) (Wright 1 AST),,,6 - 6,TIE,4,201961,Wayne Ellington,1610612765.0,Detroit,Pistons,DET,4,1626153,Delon Wright,1610612765.0,Detroit,Pistons,DET,0,0,,,,,,1
9,0022000243,18,1,86,1,8:13 PM,9:57,,,Embiid 6' Turnaround Fadeaway (4 PTS),8 - 6,-2,5,203954,Joel Embiid,1610612755.0,Philadelphia,76ers,PHI,0,0,,,,,,0,0,,,,,,1
10,0022000243,19,2,78,1,8:13 PM,9:47,MISS Wright 7' Floating Jump Shot,,,,,4,1626153,Delon Wright,1610612765.0,Detroit,Pistons,DET,0,0,,,,,,0,0,,,,,,1
11,0022000243,20,4,0,1,8:13 PM,9:44,,,Harris REBOUND (Off:0 Def:1),,,5,202699,Tobias Harris,1610612755.0,Philadelphia,76ers,PHI,0,0,,,,,,0,0,,,,,,1
12,0022000243,23,6,2,1,8:13 PM,9:44,Bey S.FOUL (P1.T1) (M.Kogut),,,,,4,1630180,Saddiq Bey,1610612765.0,Detroit,Pistons,DET,5,1627732,Ben Simmons,1610612755.0,Philadelphia,76ers,PHI,1,0,,,,,,0
13,0022000243,25,3,11,1,8:13 PM,9:44,,,Simmons Free Throw 1 of 2 (3 PTS),9 - 6,-3,5,1627732,Ben Simmons,1610612755.0,Philadelphia,76ers,PHI,0,0,,,,,,0,0,,,,,,1
14,0022000243,26,3,12,1,8:13 PM,9:44,,,Simmons Free Throw 2 of 2 (4 PTS),10 - 6,-4,5,1627732,Ben Simmons,1610612755.0,Philadelphia,76ers,PHI,0,0,,,,,,0,0,,,,,,1
15,0022000243,27,6,2,1,8:14 PM,9:34,,,Embiid S.FOUL (P1.T1) (M.Kogut),,,5,203954,Joel Embiid,1610612755.0,Philadelphia,76ers,PHI,4,201961,Wayne Ellington,1610612765.0,Detroit,Pistons,DET,1,0,,,,,,1
16,0022000243,29,3,11,1,8:14 PM,9:34,MISS Ellington Free Throw 1 of 2,,,,,4,201961,Wayne Ellington,1610612765.0,Detroit,Pistons,DET,0,0,,,,,,0,0,,,,,,1
17,0022000243,30,4,1,1,8:14 PM,9:34,PISTONS Rebound,,,,,2,1610612765,,,,,,0,0,,,,,,0,0,,,,,,0
18,0022000243,31,3,12,1,8:14 PM,9:34,Ellington Free Throw 2 of 2 (4 PTS),,,10 - 7,-3,4,201961,Wayne Ellington,1610612765.0,Detroit,Pistons,DET,0,0,,,,,,0,0,,,,,,1
19,0022000243,32,1,1,1,8:15 PM,9:10,,,Curry 21' Jump Shot (2 PTS),12 - 7,-5,5,203552,Seth Curry,1610612755.0,Philadelphia,76ers,PHI,0,0,,,,,,0,0,,,,,,1
20,0022000243,33,2,6,1,8:15 PM,8:57,MISS Grant 4' Driving Layup,,,,,4,203924,Jerami Grant,1610612765.0,Detroit,Pistons,DET,0,0,,,,,,0,0,,,,,,1
21,0022000243,34,4,0,1,8:15 PM,8:57,Plumlee REBOUND (Off:1 Def:0),,,,,4,203486,Mason Plumlee,1610612765.0,Detroit,Pistons,DET,0,0,,,,,,0,0,,,,,,1
22,0022000243,35,6,2,1,8:15 PM,8:57,,,Simmons S.FOUL (P1.T2) (B.Kennedy),,,5,1627732,Ben Simmons,1610612755.0,Philadelphia,76ers,PHI,4,203486,Mason Plumlee,1610612765.0,Detroit,Pistons,DET,1,0,,,,,,1
23,0022000243,37,3,11,1,8:15 PM,8:57,Plumlee Free Throw 1 of 2 (1 PTS),,,12 - 8,-4,4,203486,Mason Plumlee,1610612765.0,Detroit,Pistons,DET,0,0,,,,,,0,0,,,,,,1
24,0022000243,38,7,3,1,8:16 PM,8:57,,,Curry Violation:Lane (.),,,5,203552,Seth Curry,1610612755.0,Philadelphia,76ers,PHI,0,0,,,,,,0,0,,,,,,0
25,0022000243,39,3,12,1,8:16 PM,8:57,Plumlee Free Throw 2 of 2 (2 PTS),,,12 - 9,-3,4,203486,Mason Plumlee,1610612765.0,Detroit,Pistons,DET,0,0,,,,,,0,0,,,,,,1
26,0022000243,40,5,1,1,8:16 PM,8:45,Grant STEAL (1 STL),,Harris Bad Pass Turnover (P1.T1),,,5,202699,Tobias Harris,1610612755.0,Philadelphia,76ers,PHI,4,203924,Jerami Grant,1610612765.0,Detroit,Pistons,DET,0,0,,,,,,1
27,0022000243,42,5,2,1,8:16 PM,8:43,Plumlee Lost Ball Turnover (P1.T1),,Simmons STEAL (1 STL),,,4,203486,Mason Plumlee,1610612765.0,Detroit,Pistons,DET,5,1627732,Ben Simmons,1610612755.0,Philadelphia,76ers,PHI,0,0,,,,,,1
28,0022000243,44,2,1,1,8:16 PM,8:41,,,MISS Harris 26' 3PT Jump Shot,,,5,202699,Tobias Harris,1610612755.0,Philadelphia,76ers,PHI,0,0,,,,,,0,0,,,,,,1
29,0022000243,45,4,0,1,8:16 PM,8:37,Plumlee REBOUND (Off:1 Def:1),,,,,4,203486,Mason Plumlee,1610612765.0,Detroit,Pistons,DET,0,0,,,,,,0,0,,,,,,1
30,0022000243,91,5,2,1,8:16 PM,8:36,Plumlee Lost Ball Turnover (P2.T2),,Green STEAL (1 STL),,,4,203486,Mason Plumlee,1610612765.0,Detroit,Pistons,DET,5,201980,Danny Green,1610612755.0,Philadelphia,76ers,PHI,0,0,,,,,,0
31,0022000243,46,2,1,1,8:16 PM,8:30,,,MISS Green 24' 3PT Jump Shot,,,5,201980,Danny Green,1610612755.0,Philadelphia,76ers,PHI,0,0,,,,,,0,0,,,,,,1
32,0022000243,47,4,0,1,8:17 PM,8:27,Wright REBOUND (Off:0 Def:1),,,,,4,1626153,Delon Wright,1610612765.0,Detroit,Pistons,DET,0,0,,,,,,0,0,,,,,,1
33,0022000243,48,1,79,1,8:17 PM,8:23,Grant 9' Pullup Jump Shot (5 PTS) (Wright 2 AST),,,12 - 11,-1,4,203924,Jerami Grant,1610612765.0,Detroit,Pistons,DET,4,1626153,Delon Wright,1610612765.0,Detroit,Pistons,DET,0,0,,,,,,1
34,0022000243,49,2,63,1,8:17 PM,8:09,,,MISS Embiid 7' Fadeaway Jumper,,,5,203954,Joel Embiid,1610612755.0,Philadelphia,76ers,PHI,0,0,,,,,,0,0,,,,,,1
35,0022000243,50,4,0,1,8:17 PM,8:09,Plumlee REBOUND (Off:1 Def:2),,,,,4,203486,Mason Plumlee,1610612765.0,Detroit,Pistons,DET,0,0,,,,,,0,0,,,,,,1
36,0022000243,51,2,1,1,8:17 PM,7:53,MISS Grant 24' 3PT Jump Shot,,,,,4,203924,Jerami Grant,1610612765.0,Detroit,Pistons,DET,0,0,,,,,,0,0,,,,,,1
37,0022000243,52,4,0,1,8:17 PM,7:51,,,Simmons REBOUND (Off:0 Def:1),,,5,1627732,Ben Simmons,1610612755.0,Philadelphia,76ers,PHI,0,0,,,,,,0,0,,,,,,1
38,0022000243,53,2,102,1,8:17 PM,7:45,,,MISS Simmons 3' Driving Floating Bank Jump Shot,,,5,1627732,Ben Simmons,1610612755.0,Philadelphia,76ers,PHI,0,0,,,,,,0,0,,,,,,1
39,0022000243,54,4,0,1,8:17 PM,7:43,Bey REBOUND (Off:0 Def:1),,,,,4,1630180,Saddiq Bey,1610612765.0,Detroit,Pistons,DET,0,0,,,,,,0,0,,,,,,1
40,0022000243,55,1,1,1,8:17 PM,7:37,Bey 27' 3PT Jump Shot (3 PTS) (Wright 3 AST),,,12 - 14,2,4,1630180,Saddiq Bey,1610612765.0,Detroit,Pistons,DET,4,1626153,Delon Wright,1610612765.0,Detroit,Pistons,DET,0,0,,,,,,1
41,0022000243,57,2,78,1,8:18 PM,7:16,,,MISS Embiid 10' Floating Jump Shot,,,5,203954,Joel Embiid,1610612755.0,Philadelphia,76ers,PHI,0,0,,,,,,0,0,,,,,,1
42,0022000243,58,4,0,1,8:18 PM,7:15,,,Simmons REBOUND (Off:1 Def:1),,,5,1627732,Ben Simmons,1610612755.0,Philadelphia,76ers,PHI,0,0,,,,,,0,0,,,,,,1
43,0022000243,59,1,3,1,8:18 PM,7:12,,,Simmons 5' Hook Shot (6 PTS),14 - 14,TIE,5,1627732,Ben Simmons,1610612755.0,Philadelphia,76ers,PHI,0,0,,,,,,0,0,,,,,,1
44,0022000243,60,1,5,1,8:18 PM,7:01,Wright 2' Layup (2 PTS),,,14 - 16,2,4,1626153,Delon Wright,1610612765.0,Detroit,Pistons,DET,0,0,,,,,,0,0,,,,,,1
45,0022000243,61,1,78,1,8:18 PM,6:45,,,Curry 18' Floating Jump Shot (4 PTS) (Simmons 2 AST),16 - 16,TIE,5,203552,Seth Curry,1610612755.0,Philadelphia,76ers,PHI,5,1627732,Ben Simmons,1610612755.0,Philadelphia,76ers,PHI,0,0,,,,,,1
46,0022000243,63,2,1,1,8:18 PM,6:29,MISS Bey 16' Jump Shot,,,,,4,1630180,Saddiq Bey,1610612765.0,Detroit,Pistons,DET,0,0,,,,,,0,0,,,,,,1
47,0022000243,64,4,0,1,8:19 PM,6:26,,,Harris REBOUND (Off:0 Def:2),,,5,202699,Tobias Harris,1610612755.0,Philadelphia,76ers,PHI,0,0,,,,,,0,0,,,,,,1
48,0022000243,65,1,58,1,8:19 PM,6:14,,,Simmons 5' Turnaround Hook Shot (8 PTS),18 - 16,-2,5,1627732,Ben Simmons,1610612755.0,Philadelphia,76ers,PHI,0,0,,,,,,0,0,,,,,,1
49,0022000243,66,9,1,1,8:19 PM,6:10,PISTONS Timeout: Regular (Full 1 Short 0),,,,,2,1610612765,,,,,,0,0,,,,,,0,0,,,,,,0
50,0022000243,68,1,98,1,8:22 PM,5:59,Ellington 2' Cutting Layup Shot (6 PTS) (Plumlee 1 AST),,,18 - 18,TIE,4,201961,Wayne Ellington,1610612765.0,Detroit,Pistons,DET,4,203486,Mason Plumlee,1610612765.0,Detroit,Pistons,DET,0,0,,,,,,1
51,0022000243,70,5,1,1,8:22 PM,5:42,Grant STEAL (2 STL),,Embiid Bad Pass Turnover (P1.T2),,,5,203954,Joel Embiid,1610612755.0,Philadelphia,76ers,PHI,4,203924,Jerami Grant,1610612765.0,Detroit,Pistons,DET,0,0,,,,,,1
52,0022000243,72,2,1,1,8:22 PM,5:31,MISS Wright 26' 3PT Jump Shot,,,,,4,1626153,Delon Wright,1610612765.0,Detroit,Pistons,DET,0,0,,,,,,0,0,,,,,,1
53,0022000243,73,4,0,1,8:22 PM,5:29,,,Simmons REBOUND (Off:1 Def:2),,,5,1627732,Ben Simmons,1610612755.0,Philadelphia,76ers,PHI,0,0,,,,,,0,0,,,,,,1
54,0022000243,74,2,1,1,8:23 PM,5:19,,,MISS Embiid 26' 3PT Jump Shot,,,5,203954,Joel Embiid,1610612755.0,Philadelphia,76ers,PHI,0,0,,,,,,0,0,,,,,,1
55,0022000243,75,4,0,1,8:23 PM,5:16,Grant REBOUND (Off:0 Def:1),,,,,4,203924,Jerami Grant,1610612765.0,Detroit,Pistons,DET,0,0,,,,,,0,0,,,,,,1
56,0022000243,76,1,5,1,8:23 PM,5:12,Plumlee 2' Layup (4 PTS) (Grant 1 AST),,,18 - 20,2,4,203486,Mason Plumlee,1610612765.0,Detroit,Pistons,DET,4,203924,Jerami Grant,1610612765.0,Detroit,Pistons,DET,0,0,,,,,,1
57,0022000243,78,2,78,1,8:23 PM,4:59,,,MISS Harris 9' Floating Jump Shot,,,5,202699,Tobias Harris,1610612755.0,Philadelphia,76ers,PHI,0,0,,,,,,0,0,,,,,,1
58,0022000243,79,4,0,1,8:23 PM,4:56,Wright REBOUND (Off:0 Def:2),,,,,4,1626153,Delon Wright,1610612765.0,Detroit,Pistons,DET,0,0,,,,,,0,0,,,,,,1
59,0022000243,80,6,1,1,8:23 PM,4:56,,,Simmons P.FOUL (P2.T3) (B.Schwab),,,5,1627732,Ben Simmons,1610612755.0,Philadelphia,76ers,PHI,4,203924,Jerami Grant,1610612765.0,Detroit,Pistons,DET,1,0,,,,,,1
60,0022000243,82,8,0,1,8:23 PM,4:56,,,SUB: Milton FOR Simmons,,,5,1627732,Ben Simmons,1610612755.0,Philadelphia,76ers,PHI,5,1629003,Shake Milton,1610612755.0,Philadelphia,76ers,PHI,0,0,,,,,,0
61,0022000243,84,2,78,1,8:24 PM,4:41,MISS Plumlee 9' Floating Jump Shot,,,,,4,203486,Mason Plumlee,1610612765.0,Detroit,Pistons,DET,0,0,,,,,,0,0,,,,,,1
62,0022000243,85,4,0,1,8:24 PM,4:38,,,Embiid REBOUND (Off:0 Def:1),,,5,203954,Joel Embiid,1610612755.0,Philadelphia,76ers,PHI,0,0,,,,,,0,0,,,,,,1
63,0022000243,86,1,1,1,8:24 PM,4:31,,,Embiid 16' Jump Shot (6 PTS) (Milton 1 AST),20 - 20,TIE,5,203954,Joel Embiid,1610612755.0,Philadelphia,76ers,PHI,5,1629003,Shake Milton,1610612755.0,Philadelphia,76ers,PHI,0,0,,,,,,1
64,0022000243,88,2,43,1,8:24 PM,4:17,MISS Plumlee 4' Alley Oop Layup,,,,,4,203486,Mason Plumlee,1610612765.0,Detroit,Pistons,DET,0,0,,,,,,0,0,,,,,,1
65,0022000243,89,4,0,1,8:24 PM,4:15,,,Curry REBOUND (Off:0 Def:2),,,5,203552,Seth Curry,1610612755.0,Philadelphia,76ers,PHI,0,0,,,,,,0,0,,,,,,1
66,0022000243,90,1,5,1,8:25 PM,4:09,,,Curry 3' Layup (6 PTS),22 - 20,-2,5,203552,Seth Curry,1610612755.0,Philadelphia,76ers,PHI,0,0,,,,,,0,0,,,,,,1
67,0022000243,93,2,1,1,8:25 PM,3:54,MISS Ellington 27' 3PT Jump Shot,,,,,4,201961,Wayne Ellington,1610612765.0,Detroit,Pistons,DET,0,0,,,,,,0,0,,,,,,1
68,0022000243,94,4,0,1,8:25 PM,3:51,,,Embiid REBOUND (Off:0 Def:2),,,5,203954,Joel Embiid,1610612755.0,Philadelphia,76ers,PHI,0,0,,,,,,0,0,,,,,,1
69,0022000243,95,1,6,1,8:25 PM,3:38,,,Harris 2' Driving Layup (4 PTS),24 - 20,-4,5,202699,Tobias Harris,1610612755.0,Philadelphia,76ers,PHI,0,0,,,,,,0,0,,,,,,1
70,0022000243,97,1,1,1,8:25 PM,3:26,Wright 27' 3PT Jump Shot (5 PTS),,,24 - 23,-1,4,1626153,Delon Wright,1610612765.0,Detroit,Pistons,DET,0,0,,,,,,0,0,,,,,,1
71,0022000243,98,2,1,1,8:25 PM,3:15,Plumlee BLOCK (1 BLK),,MISS Embiid 5' Jump Shot,,,5,203954,Joel Embiid,1610612755.0,Philadelphia,76ers,PHI,0,0,,,,,,4,203486,Mason Plumlee,1610612765.0,Detroit,Pistons,DET,1
72,0022000243,100,4,0,1,8:25 PM,3:12,Plumlee REBOUND (Off:1 Def:3),,,,,4,203486,Mason Plumlee,1610612765.0,Detroit,Pistons,DET,0,0,,,,,,0,0,,,,,,1
73,0022000243,101,1,1,1,8:26 PM,3:06,Ellington 24' 3PT Jump Shot (9 PTS) (Wright 4 AST),,,24 - 26,2,4,201961,Wayne Ellington,1610612765.0,Detroit,Pistons,DET,4,1626153,Delon Wright,1610612765.0,Detroit,Pistons,DET,0,0,,,,,,1
74,0022000243,103,1,58,1,8:26 PM,2:51,,,Embiid 4' Turnaround Hook Shot (8 PTS),26 - 26,TIE,5,203954,Joel Embiid,1610612755.0,Philadelphia,76ers,PHI,0,0,,,,,,0,0,,,,,,1
75,0022000243,104,6,4,1,8:26 PM,2:40,Plumlee OFF.Foul (P1) (B.Kennedy),,,,,4,203486,Mason Plumlee,1610612765.0,Detroit,Pistons,DET,5,203552,Seth Curry,1610612755.0,Philadelphia,76ers,PHI,1,0,,,,,,1
76,0022000243,106,5,37,1,8:26 PM,2:40,Plumlee Offensive Foul Turnover (P3.T3),,,,,4,203486,Mason Plumlee,1610612765.0,Detroit,Pistons,DET,0,0,,,,,,1,0,,,,,,1
77,0022000243,107,9,1,1,8:26 PM,2:40,,,76ers Timeout: Regular (Reg.1 Short 0),,,3,1610612755,,,,,,0,0,,,,,,0,0,,,,,,0
78,0022000243,108,8,0,1,8:27 PM,2:40,SUB: Stewart FOR Ellington,,,,,4,201961,Wayne Ellington,1610612765.0,Detroit,Pistons,DET,4,1630191,Isaiah Stewart,1610612765.0,Detroit,Pistons,DET,0,0,,,,,,0
79,0022000243,109,8,0,1,8:27 PM,2:40,SUB: Jackson FOR Plumlee,,,,,4,203486,Mason Plumlee,1610612765.0,Detroit,Pistons,DET,4,1628367,Josh Jackson,1610612765.0,Detroit,Pistons,DET,0,0,,,,,,0
80,0022000243,110,8,0,1,8:27 PM,2:40,SUB: Mykhailiuk FOR Bey,,,,,4,1630180,Saddiq Bey,1610612765.0,Detroit,Pistons,DET,4,1629004,Svi Mykhailiuk,1610612765.0,Detroit,Pistons,DET,0,0,,,,,,0
81,0022000243,111,8,0,1,8:27 PM,2:40,,,SUB: Korkmaz FOR Green,,,5,201980,Danny Green,1610612755.0,Philadelphia,76ers,PHI,5,1627788,Furkan Korkmaz,1610612755.0,Philadelphia,76ers,PHI,0,0,,,,,,0
82,0022000243,112,8,0,1,8:27 PM,2:40,,,SUB: Howard FOR Embiid,,,5,203954,Joel Embiid,1610612755.0,Philadelphia,76ers,PHI,5,2730,Dwight Howard,1610612755.0,Philadelphia,76ers,PHI,0,0,,,,,,0
83,0022000243,113,8,0,1,8:27 PM,2:40,,,SUB: Thybulle FOR Curry,,,5,203552,Seth Curry,1610612755.0,Philadelphia,76ers,PHI,5,1629680,Matisse Thybulle,1610612755.0,Philadelphia,76ers,PHI,0,0,,,,,,0
84,0022000243,120,6,4,1,8:29 PM,2:30,,,Howard OFF.Foul (P1) (B.Kennedy),,,5,2730,Dwight Howard,1610612755.0,Philadelphia,76ers,PHI,4,1629004,Svi Mykhailiuk,1610612765.0,Detroit,Pistons,DET,1,0,,,,,,1
85,0022000243,122,5,37,1,8:29 PM,2:30,,,Howard Offensive Foul Turnover (P1.T3),,,5,2730,Dwight Howard,1610612755.0,Philadelphia,76ers,PHI,0,0,,,,,,1,0,,,,,,1
86,0022000243,123,2,78,1,8:30 PM,2:18,MISS Grant 5' Floating Jump Shot,,,,,4,203924,Jerami Grant,1610612765.0,Detroit,Pistons,DET,0,0,,,,,,0,0,,,,,,1
87,0022000243,124,4,0,1,8:30 PM,2:15,,,Korkmaz REBOUND (Off:0 Def:1),,,5,1627788,Furkan Korkmaz,1610612755.0,Philadelphia,76ers,PHI,0,0,,,,,,0,0,,,,,,1
88,0022000243,125,2,1,1,8:30 PM,2:08,Jackson BLOCK (1 BLK),,MISS Milton 13' Jump Shot,,,5,1629003,Shake Milton,1610612755.0,Philadelphia,76ers,PHI,0,0,,,,,,4,1628367,Josh Jackson,1610612765.0,Detroit,Pistons,DET,1
89,0022000243,127,4,0,1,8:30 PM,2:04,Wright REBOUND (Off:0 Def:3),,,,,4,1626153,Delon Wright,1610612765.0,Detroit,Pistons,DET,0,0,,,,,,0,0,,,,,,1
90,0022000243,128,2,1,1,8:30 PM,2:04,MISS Jackson 4' Jump Shot,,Harris BLOCK (1 BLK),,,4,1628367,Josh Jackson,1610612765.0,Detroit,Pistons,DET,0,0,,,,,,5,202699,Tobias Harris,1610612755.0,Philadelphia,76ers,PHI,1
91,0022000243,130,4,0,1,8:30 PM,2:04,PISTONS Rebound,,,,,2,1610612765,,,,,,0,0,,,,,,0,0,,,,,,0
92,0022000243,132,1,1,1,8:30 PM,1:59,Mykhailiuk 10' Jump Shot (2 PTS) (Wright 5 AST),,,26 - 28,2,4,1629004,Svi Mykhailiuk,1610612765.0,Detroit,Pistons,DET,4,1626153,Delon Wright,1610612765.0,Detroit,Pistons,DET,0,0,,,,,,1
93,0022000243,133,1,101,1,8:30 PM,1:44,,,Harris 8' Driving Floating Jump Shot (6 PTS),28 - 28,TIE,5,202699,Tobias Harris,1610612755.0,Philadelphia,76ers,PHI,0,0,,,,,,0,0,,,,,,1
94,0022000243,134,2,6,1,8:31 PM,1:25,MISS Grant 6' Driving Layup,,Howard BLOCK (1 BLK),,,4,203924,Jerami Grant,1610612765.0,Detroit,Pistons,DET,0,0,,,,,,5,2730,Dwight Howard,1610612755.0,Philadelphia,76ers,PHI,1
95,0022000243,135,4,0,1,8:31 PM,1:18,,,Korkmaz REBOUND (Off:0 Def:2),,,5,1627788,Furkan Korkmaz,1610612755.0,Philadelphia,76ers,PHI,0,0,,,,,,0,0,,,,,,1
96,0022000243,136,2,5,1,8:31 PM,1:16,Stewart BLOCK (1 BLK),,MISS Harris 2' Layup,,,5,202699,Tobias Harris,1610612755.0,Philadelphia,76ers,PHI,0,0,,,,,,4,1630191,Isaiah Stewart,1610612765.0,Detroit,Pistons,DET,1
97,0022000243,138,4,0,1,8:31 PM,1:12,Grant REBOUND (Off:0 Def:2),,,,,4,203924,Jerami Grant,1610612765.0,Detroit,Pistons,DET,0,0,,,,,,0,0,,,,,,1
98,0022000243,139,2,5,1,8:31 PM,1:08,MISS Stewart 2' Layup,,,,,4,1630191,Isaiah Stewart,1610612765.0,Detroit,Pistons,DET,0,0,,,,,,0,0,,,,,,1
99,0022000243,140,4,0,1,8:31 PM,1:00,,,Howard REBOUND (Off:0 Def:1),,,5,2730,Dwight Howard,1610612755.0,Philadelphia,76ers,PHI,0,0,,,,,,0,0,,,,,,1
100,0022000243,141,6,4,1,8:31 PM,0:52,,,Harris OFF.Foul (P1) (B.Schwab),,,5,202699,Tobias Harris,1610612755.0,Philadelphia,76ers,PHI,4,203924,Jerami Grant,1610612765.0,Detroit,Pistons,DET,1,0,,,,,,1
101,0022000243,143,5,37,1,8:31 PM,0:52,,,Harris Offensive Foul Turnover (P2.T4),,,5,202699,Tobias Harris,1610612755.0,Philadelphia,76ers,PHI,0,0,,,,,,1,0,,,,,,1
102,0022000243,144,8,0,1,8:32 PM,0:52,,,SUB: Maxey FOR Harris,,,5,202699,Tobias Harris,1610612755.0,Philadelphia,76ers,PHI,5,1630178,Tyrese Maxey,1610612755.0,Philadelphia,76ers,PHI,0,0,,,,,,0
103,0022000243,146,1,1,1,8:32 PM,0:37,Jackson  3PT Jump Shot (3 PTS) (Mykhailiuk 1 AST),,,28 - 31,3,4,1628367,Josh Jackson,1610612765.0,Detroit,Pistons,DET,4,1629004,Svi Mykhailiuk,1610612765.0,Detroit,Pistons,DET,0,0,,,,,,1
104,0022000243,148,2,5,1,8:32 PM,0:19,,,MISS Howard 3' Layup,,,5,2730,Dwight Howard,1610612755.0,Philadelphia,76ers,PHI,0,0,,,,,,0,0,,,,,,1
105,0022000243,149,4,0,1,8:32 PM,0:16,Stewart REBOUND (Off:0 Def:1),,,,,4,1630191,Isaiah Stewart,1610612765.0,Detroit,Pistons,DET,0,0,,,,,,0,0,,,,,,1
106,0022000243,150,2,6,1,8:33 PM,0:00,MISS Grant 3' Driving Layup,,,,,4,203924,Jerami Grant,1610612765.0,Detroit,Pistons,DET,0,0,,,,,,0,0,,,,,,1
107,0022000243,151,4,0,1,8:33 PM,0:00,PISTONS Rebound,,,,,2,1610612765,,,,,,0,0,,,,,,0,0,,,,,,0
108,0022000243,152,13,0,1,8:33 PM,0:00,,,,28 - 31,3,0,0,,,,,,0,0,,,,,,0,0,,,,,,1
109,0022000243,158,12,0,2,8:35 PM,12:00,,,,28 - 31,3,0,0,,,,,,0,0,,,,,,0,0,,,,,,0
110,0022000243,159,2,58,2,8:36 PM,11:41,MISS Jackson 5' Turnaround Hook Shot,,,,,4,1628367,Josh Jackson,1610612765.0,Detroit,Pistons,DET,0,0,,,,,,0,0,,,,,,1
111,0022000243,160,4,0,2,8:36 PM,11:38,,,Howard REBOUND (Off:0 Def:2),,,5,2730,Dwight Howard,1610612755.0,Philadelphia,76ers,PHI,0,0,,,,,,0,0,,,,,,1
112,0022000243,161,5,1,2,8:36 PM,11:26,Doumbouya STEAL (1 STL),,Thybulle Bad Pass Turnover (P1.T5),,,5,1629680,Matisse Thybulle,1610612755.0,Philadelphia,76ers,PHI,4,1629635,Sekou Doumbouya,1610612765.0,Detroit,Pistons,DET,0,0,,,,,,1
113,0022000243,163,1,5,2,8:36 PM,11:18,Stewart 1' Layup (2 PTS),,,28 - 33,5,4,1630191,Isaiah Stewart,1610612765.0,Detroit,Pistons,DET,0,0,,,,,,0,0,,,,,,1
114,0022000243,164,6,2,2,8:36 PM,11:18,,,Howard S.FOUL (P2.T1) (M.Kogut),,,5,2730,Dwight Howard,1610612755.0,Philadelphia,76ers,PHI,4,1630191,Isaiah Stewart,1610612765.0,Detroit,Pistons,DET,1,0,,,,,,1
115,0022000243,166,3,10,2,8:37 PM,11:18,MISS Stewart Free Throw 1 of 1,,,,,4,1630191,Isaiah Stewart,1610612765.0,Detroit,Pistons,DET,0,0,,,,,,0,0,,,,,,1
116,0022000243,167,4,0,2,8:37 PM,11:14,,,Korkmaz REBOUND (Off:0 Def:3),,,5,1627788,Furkan Korkmaz,1610612755.0,Philadelphia,76ers,PHI,0,0,,,,,,0,0,,,,,,1
117,0022000243,168,5,2,2,8:37 PM,11:00,Mykhailiuk STEAL (1 STL),,Milton Lost Ball Turnover (P1.T6),,,5,1629003,Shake Milton,1610612755.0,Philadelphia,76ers,PHI,4,1629004,Svi Mykhailiuk,1610612765.0,Detroit,Pistons,DET,0,0,,,,,,1
118,0022000243,170,1,5,2,8:37 PM,10:55,Lee 1' Layup (2 PTS) (Doumbouya 1 AST),,,28 - 35,7,4,1630240,Saben Lee,1610612765.0,Detroit,Pistons,DET,4,1629635,Sekou Doumbouya,1610612765.0,Detroit,Pistons,DET,0,0,,,,,,1
119,0022000243,172,9,1,2,8:38 PM,10:55,,,76ers Timeout: Regular (Reg.2 Short 0),,,3,1610612755,,,,,,0,0,,,,,,0,0,,,,,,0
120,0022000243,173,2,79,2,8:40 PM,10:34,,,MISS Maxey 16' Pullup Jump Shot,,,5,1630178,Tyrese Maxey,1610612755.0,Philadelphia,76ers,PHI,0,0,,,,,,0,0,,,,,,1
121,0022000243,174,4,0,2,8:40 PM,10:31,Mykhailiuk REBOUND (Off:0 Def:1),,,,,4,1629004,Svi Mykhailiuk,1610612765.0,Detroit,Pistons,DET,0,0,,,,,,0,0,,,,,,1
122,0022000243,175,1,5,2,8:40 PM,10:26,Doumbouya 1' Layup (2 PTS) (Mykhailiuk 2 AST),,,28 - 37,9,4,1629635,Sekou Doumbouya,1610612765.0,Detroit,Pistons,DET,4,1629004,Svi Mykhailiuk,1610612765.0,Detroit,Pistons,DET,0,0,,,,,,1
123,0022000243,177,2,1,2,8:41 PM,10:12,,,MISS Korkmaz 26' 3PT Jump Shot,,,5,1627788,Furkan Korkmaz,1610612755.0,Philadelphia,76ers,PHI,0,0,,,,,,0,0,,,,,,1
124,0022000243,178,4,0,2,8:41 PM,10:09,,,Howard REBOUND (Off:1 Def:2),,,5,2730,Dwight Howard,1610612755.0,Philadelphia,76ers,PHI,0,0,,,,,,0,0,,,,,,1
125,0022000243,179,2,5,2,8:41 PM,10:08,Jackson BLOCK (2 BLK),,MISS Howard 2' Layup,,,5,2730,Dwight Howard,1610612755.0,Philadelphia,76ers,PHI,0,0,,,,,,4,1628367,Josh Jackson,1610612765.0,Detroit,Pistons,DET,1
126,0022000243,181,4,0,2,8:41 PM,10:08,,,Milton REBOUND (Off:1 Def:0),,,5,1629003,Shake Milton,1610612755.0,Philadelphia,76ers,PHI,0,0,,,,,,0,0,,,,,,1
127,0022000243,182,2,1,2,8:41 PM,10:01,,,MISS Maxey 9' Jump Shot,,,5,1630178,Tyrese Maxey,1610612755.0,Philadelphia,76ers,PHI,0,0,,,,,,0,0,,,,,,1
128,0022000243,183,4,0,2,8:41 PM,10:01,PISTONS Rebound,,,,,2,1610612765,,,,,,0,0,,,,,,0,0,,,,,,0
129,0022000243,184,6,3,2,8:41 PM,10:01,,,Howard L.B.FOUL (P3.T2) (B.Kennedy),,,5,2730,Dwight Howard,1610612755.0,Philadelphia,76ers,PHI,4,1630191,Isaiah Stewart,1610612765.0,Detroit,Pistons,DET,1,0,,,,,,1
130,0022000243,186,6,11,2,8:42 PM,10:01,,,Howard T.FOUL (P3.T2) (B.Schwab),,,5,2730,Dwight Howard,1610612755.0,Philadelphia,76ers,PHI,0,0,,,,,,1,0,,,,,,0
131,0022000243,187,3,16,2,8:42 PM,10:01,MISS Mykhailiuk Free Throw Technical,,,,,4,1629004,Svi Mykhailiuk,1610612765.0,Detroit,Pistons,DET,0,0,,,,,,0,0,,,,,,1
132,0022000243,188,4,1,2,8:42 PM,10:01,PISTONS Rebound,,,,,2,1610612765,,,,,,0,0,,,,,,0,0,,,,,,0
133,0022000243,189,8,0,2,8:42 PM,10:01,,,SUB: Embiid FOR Howard,,,5,2730,Dwight Howard,1610612755.0,Philadelphia,76ers,PHI,5,203954,Joel Embiid,1610612755.0,Philadelphia,76ers,PHI,0,0,,,,,,0
134,0022000243,191,2,80,2,8:42 PM,9:46,MISS Mykhailiuk 13' Step Back Jump Shot,,,,,4,1629004,Svi Mykhailiuk,1610612765.0,Detroit,Pistons,DET,0,0,,,,,,0,0,,,,,,1
135,0022000243,192,4,0,2,8:42 PM,9:46,Doumbouya REBOUND (Off:1 Def:0),,,,,4,1629635,Sekou Doumbouya,1610612765.0,Detroit,Pistons,DET,0,0,,,,,,0,0,,,,,,1
136,0022000243,193,6,2,2,8:42 PM,9:46,,,Milton S.FOUL (P1.T3) (B.Schwab),,,5,1629003,Shake Milton,1610612755.0,Philadelphia,76ers,PHI,4,1629635,Sekou Doumbouya,1610612765.0,Detroit,Pistons,DET,1,0,,,,,,1
137,0022000243,195,3,11,2,8:43 PM,9:46,Doumbouya Free Throw 1 of 2 (3 PTS),,,28 - 38,10,4,1629635,Sekou Doumbouya,1610612765.0,Detroit,Pistons,DET,0,0,,,,,,0,0,,,,,,1
138,0022000243,196,8,0,2,8:43 PM,9:46,,,SUB: Simmons FOR Milton,,,5,1629003,Shake Milton,1610612755.0,Philadelphia,76ers,PHI,5,1627732,Ben Simmons,1610612755.0,Philadelphia,76ers,PHI,0,0,,,,,,0
139,0022000243,198,3,12,2,8:43 PM,9:46,Doumbouya Free Throw 2 of 2 (4 PTS),,,28 - 39,11,4,1629635,Sekou Doumbouya,1610612765.0,Detroit,Pistons,DET,0,0,,,,,,0,0,,,,,,1
140,0022000243,199,1,75,2,8:43 PM,9:37,,,Simmons 2' Driving Finger Roll Layup (10 PTS),30 - 39,9,5,1627732,Ben Simmons,1610612755.0,Philadelphia,76ers,PHI,0,0,,,,,,0,0,,,,,,1
141,0022000243,200,1,6,2,8:44 PM,9:19,Doumbouya 2' Driving Layup (6 PTS) (Lee 1 AST),,,30 - 41,11,4,1629635,Sekou Doumbouya,1610612765.0,Detroit,Pistons,DET,4,1630240,Saben Lee,1610612765.0,Detroit,Pistons,DET,0,0,,,,,,1
142,0022000243,202,2,1,2,8:44 PM,9:01,,,MISS Thybulle 1' Jump Shot,,,5,1629680,Matisse Thybulle,1610612755.0,Philadelphia,76ers,PHI,0,0,,,,,,0,0,,,,,,1
143,0022000243,203,4,0,2,8:44 PM,9:01,,,Embiid REBOUND (Off:1 Def:2),,,5,203954,Joel Embiid,1610612755.0,Philadelphia,76ers,PHI,0,0,,,,,,0,0,,,,,,1
144,0022000243,204,6,2,2,8:44 PM,9:01,Stewart S.FOUL (P1.T1) (B.Kennedy),,,,,4,1630191,Isaiah Stewart,1610612765.0,Detroit,Pistons,DET,5,203954,Joel Embiid,1610612755.0,Philadelphia,76ers,PHI,1,0,,,,,,1
145,0022000243,206,3,11,2,8:44 PM,9:01,,,Embiid Free Throw 1 of 2 (9 PTS),31 - 41,10,5,203954,Joel Embiid,1610612755.0,Philadelphia,76ers,PHI,0,0,,,,,,0,0,,,,,,1
146,0022000243,207,3,12,2,8:45 PM,9:01,,,Embiid Free Throw 2 of 2 (10 PTS),32 - 41,9,5,203954,Joel Embiid,1610612755.0,Philadelphia,76ers,PHI,0,0,,,,,,0,0,,,,,,1
147,0022000243,208,2,9,2,8:45 PM,8:38,MISS Doumbouya 3' Driving Dunk,,,,,4,1629635,Sekou Doumbouya,1610612765.0,Detroit,Pistons,DET,0,0,,,,,,0,0,,,,,,1
148,0022000243,209,4,0,2,8:45 PM,8:36,,,Maxey REBOUND (Off:0 Def:1),,,5,1630178,Tyrese Maxey,1610612755.0,Philadelphia,76ers,PHI,0,0,,,,,,0,0,,,,,,1
149,0022000243,210,6,2,2,8:45 PM,8:35,Jackson S.FOUL (P1.T2) (B.Schwab),,,,,4,1628367,Josh Jackson,1610612765.0,Detroit,Pistons,DET,5,1627732,Ben Simmons,1610612755.0,Philadelphia,76ers,PHI,1,0,,,,,,1
150,0022000243,212,3,11,2,8:46 PM,8:35,,,Simmons Free Throw 1 of 2 (11 PTS),33 - 41,8,5,1627732,Ben Simmons,1610612755.0,Philadelphia,76ers,PHI,0,0,,,,,,0,0,,,,,,1
151,0022000243,213,3,12,2,8:46 PM,8:35,,,Simmons Free Throw 2 of 2 (12 PTS),34 - 41,7,5,1627732,Ben Simmons,1610612755.0,Philadelphia,76ers,PHI,0,0,,,,,,0,0,,,,,,1
152,0022000243,214,5,2,2,8:46 PM,8:22,Mykhailiuk Lost Ball Turnover (P1.T4),,Maxey STEAL (1 STL),,,4,1629004,Svi Mykhailiuk,1610612765.0,Detroit,Pistons,DET,5,1630178,Tyrese Maxey,1610612755.0,Philadelphia,76ers,PHI,0,0,,,,,,1
153,0022000243,216,1,41,2,8:46 PM,8:18,,,Maxey 2' Running Layup (2 PTS),36 - 41,5,5,1630178,Tyrese Maxey,1610612755.0,Philadelphia,76ers,PHI,0,0,,,,,,0,0,,,,,,1
154,0022000243,217,9,1,2,8:46 PM,8:09,PISTONS Timeout: Regular (Full 2 Short 0),,,,,2,1610612765,,,,,,0,0,,,,,,0,0,,,,,,0
155,0022000243,219,8,0,2,8:46 PM,8:09,SUB: Plumlee FOR Jackson,,,,,4,1628367,Josh Jackson,1610612765.0,Detroit,Pistons,DET,4,203486,Mason Plumlee,1610612765.0,Detroit,Pistons,DET,0,0,,,,,,0
156,0022000243,220,8,0,2,8:46 PM,8:09,SUB: Grant FOR Stewart,,,,,4,1630191,Isaiah Stewart,1610612765.0,Detroit,Pistons,DET,4,203924,Jerami Grant,1610612765.0,Detroit,Pistons,DET,0,0,,,,,,0
157,0022000243,223,1,1,2,8:50 PM,7:58,Mykhailiuk 25' 3PT Jump Shot (5 PTS) (Lee 2 AST),,,36 - 44,8,4,1629004,Svi Mykhailiuk,1610612765.0,Detroit,Pistons,DET,4,1630240,Saben Lee,1610612765.0,Detroit,Pistons,DET,0,0,,,,,,1
158,0022000243,225,2,1,2,8:50 PM,7:31,,,MISS Embiid 21' Jump Shot,,,5,203954,Joel Embiid,1610612755.0,Philadelphia,76ers,PHI,0,0,,,,,,0,0,,,,,,1
159,0022000243,226,4,0,2,8:50 PM,7:29,Doumbouya REBOUND (Off:1 Def:1),,,,,4,1629635,Sekou Doumbouya,1610612765.0,Detroit,Pistons,DET,0,0,,,,,,0,0,,,,,,1
160,0022000243,227,6,2,2,8:50 PM,7:16,,,Korkmaz S.FOUL (P1.T4) (B.Kennedy),,,5,1627788,Furkan Korkmaz,1610612755.0,Philadelphia,76ers,PHI,4,203924,Jerami Grant,1610612765.0,Detroit,Pistons,DET,1,0,,,,,,1
161,0022000243,229,3,11,2,8:51 PM,7:16,MISS Grant Free Throw 1 of 2,,,,,4,203924,Jerami Grant,1610612765.0,Detroit,Pistons,DET,0,0,,,,,,0,0,,,,,,1
162,0022000243,230,4,1,2,8:51 PM,7:16,PISTONS Rebound,,,,,2,1610612765,,,,,,0,0,,,,,,0,0,,,,,,0
163,0022000243,231,8,0,2,8:51 PM,7:16,,,SUB: Green FOR Thybulle,,,5,1629680,Matisse Thybulle,1610612755.0,Philadelphia,76ers,PHI,5,201980,Danny Green,1610612755.0,Philadelphia,76ers,PHI,0,0,,,,,,0
164,0022000243,232,8,0,2,8:51 PM,7:16,,,SUB: Curry FOR Korkmaz,,,5,1627788,Furkan Korkmaz,1610612755.0,Philadelphia,76ers,PHI,5,203552,Seth Curry,1610612755.0,Philadelphia,76ers,PHI,0,0,,,,,,0
165,0022000243,235,3,12,2,8:51 PM,7:16,Grant Free Throw 2 of 2 (6 PTS),,,36 - 45,9,4,203924,Jerami Grant,1610612765.0,Detroit,Pistons,DET,0,0,,,,,,0,0,,,,,,1
166,0022000243,236,2,1,2,8:51 PM,6:54,,,MISS Curry 20' Jump Shot,,,5,203552,Seth Curry,1610612755.0,Philadelphia,76ers,PHI,0,0,,,,,,0,0,,,,,,1
167,0022000243,237,4,0,2,8:51 PM,6:54,PISTONS Rebound,,,,,2,1610612765,,,,,,0,0,,,,,,0,0,,,,,,0
168,0022000243,239,1,7,2,8:52 PM,6:38,Doumbouya 2' Dunk (8 PTS) (Plumlee 2 AST),,,36 - 47,11,4,1629635,Sekou Doumbouya,1610612765.0,Detroit,Pistons,DET,4,203486,Mason Plumlee,1610612765.0,Detroit,Pistons,DET,0,0,,,,,,1
169,0022000243,241,1,6,2,8:52 PM,6:23,,,Embiid 2' Driving Layup (12 PTS),38 - 47,9,5,203954,Joel Embiid,1610612755.0,Philadelphia,76ers,PHI,0,0,,,,,,0,0,,,,,,1
170,0022000243,242,2,6,2,8:53 PM,6:08,MISS Grant 6' Driving Layup,,,,,4,203924,Jerami Grant,1610612765.0,Detroit,Pistons,DET,0,0,,,,,,0,0,,,,,,1
171,0022000243,243,4,0,2,8:53 PM,6:07,Grant REBOUND (Off:1 Def:2),,,,,4,203924,Jerami Grant,1610612765.0,Detroit,Pistons,DET,0,0,,,,,,0,0,,,,,,1
172,0022000243,347,2,47,2,8:53 PM,6:06,MISS Grant 1' Turnaround Jump Shot,,Simmons BLOCK (1 BLK),,,4,203924,Jerami Grant,1610612765.0,Detroit,Pistons,DET,0,0,,,,,,5,1627732,Ben Simmons,1610612755.0,Philadelphia,76ers,PHI,1
173,0022000243,349,4,0,2,8:53 PM,6:05,,,Simmons REBOUND (Off:1 Def:3),,,5,1627732,Ben Simmons,1610612755.0,Philadelphia,76ers,PHI,0,0,,,,,,0,0,,,,,,1
174,0022000243,250,6,28,2,8:53 PM,6:03,Lee Personal Take Foul (P1.T3) (B.Kennedy),,,,,4,1630240,Saben Lee,1610612765.0,Detroit,Pistons,DET,5,1627732,Ben Simmons,1610612755.0,Philadelphia,76ers,PHI,1,0,,,,,,1
175,0022000243,246,8,0,2,8:53 PM,6:03,SUB: Wright FOR Lee,,,,,4,1630240,Saben Lee,1610612765.0,Detroit,Pistons,DET,4,1626153,Delon Wright,1610612765.0,Detroit,Pistons,DET,0,0,,,,,,0
176,0022000243,247,8,0,2,8:53 PM,6:03,,,SUB: Harris FOR Maxey,,,5,1630178,Tyrese Maxey,1610612755.0,Philadelphia,76ers,PHI,5,202699,Tobias Harris,1610612755.0,Philadelphia,76ers,PHI,0,0,,,,,,0
177,0022000243,252,1,1,2,8:53 PM,5:51,,,Green 20' Jump Shot (2 PTS) (Simmons 3 AST),40 - 47,7,5,201980,Danny Green,1610612755.0,Philadelphia,76ers,PHI,5,1627732,Ben Simmons,1610612755.0,Philadelphia,76ers,PHI,0,0,,,,,,1
178,0022000243,253,6,1,2,8:54 PM,5:39,,,Green P.FOUL (P1.PN) (B.Kennedy),,,5,201980,Danny Green,1610612755.0,Philadelphia,76ers,PHI,4,203486,Mason Plumlee,1610612765.0,Detroit,Pistons,DET,1,0,,,,,,1
179,0022000243,255,3,11,2,8:54 PM,5:39,MISS Plumlee Free Throw 1 of 2,,,,,4,203486,Mason Plumlee,1610612765.0,Detroit,Pistons,DET,0,0,,,,,,0,0,,,,,,0
180,0022000243,256,4,1,2,8:54 PM,5:39,PISTONS Rebound,,,,,2,1610612765,,,,,,0,0,,,,,,0,0,,,,,,0
181,0022000243,257,8,0,2,8:54 PM,5:39,SUB: Ellington FOR Mykhailiuk,,,,,4,1629004,Svi Mykhailiuk,1610612765.0,Detroit,Pistons,DET,4,201961,Wayne Ellington,1610612765.0,Detroit,Pistons,DET,0,0,,,,,,0
182,0022000243,259,3,12,2,8:54 PM,5:39,Plumlee Free Throw 2 of 2 (5 PTS),,,40 - 48,8,4,203486,Mason Plumlee,1610612765.0,Detroit,Pistons,DET,0,0,,,,,,0,0,,,,,,1
183,0022000243,260,1,1,2,8:55 PM,5:25,,,Embiid 10' Jump Shot (14 PTS),42 - 48,6,5,203954,Joel Embiid,1610612755.0,Philadelphia,76ers,PHI,0,0,,,,,,0,0,,,,,,1
184,0022000243,261,6,2,2,8:55 PM,5:25,Plumlee S.FOUL (P2.T4) (B.Kennedy),,,,,4,203486,Mason Plumlee,1610612765.0,Detroit,Pistons,DET,5,203954,Joel Embiid,1610612755.0,Philadelphia,76ers,PHI,1,0,,,,,,1
185,0022000243,263,3,10,2,8:55 PM,5:25,,,Embiid Free Throw 1 of 1 (15 PTS),43 - 48,5,5,203954,Joel Embiid,1610612755.0,Philadelphia,76ers,PHI,0,0,,,,,,0,0,,,,,,1
186,0022000243,264,6,1,2,8:55 PM,5:17,,,Curry P.FOUL (P1.PN) (M.Kogut),,,5,203552,Seth Curry,1610612755.0,Philadelphia,76ers,PHI,4,1626153,Delon Wright,1610612765.0,Detroit,Pistons,DET,1,0,,,,,,1
187,0022000243,266,3,11,2,8:56 PM,5:17,MISS Wright Free Throw 1 of 2,,,,,4,1626153,Delon Wright,1610612765.0,Detroit,Pistons,DET,0,0,,,,,,0,0,,,,,,1
188,0022000243,267,4,1,2,8:56 PM,5:17,PISTONS Rebound,,,,,2,1610612765,,,,,,0,0,,,,,,0,0,,,,,,0
189,0022000243,268,3,12,2,8:56 PM,5:17,Wright Free Throw 2 of 2 (6 PTS),,,43 - 49,6,4,1626153,Delon Wright,1610612765.0,Detroit,Pistons,DET,0,0,,,,,,0,0,,,,,,1
190,0022000243,269,6,2,2,8:56 PM,4:59,Plumlee S.FOUL (P3.PN) (B.Kennedy),,,,,4,203486,Mason Plumlee,1610612765.0,Detroit,Pistons,DET,5,203954,Joel Embiid,1610612755.0,Philadelphia,76ers,PHI,1,0,,,,,,1
191,0022000243,271,3,11,2,8:57 PM,4:59,,,Embiid Free Throw 1 of 2 (16 PTS),44 - 49,5,5,203954,Joel Embiid,1610612755.0,Philadelphia,76ers,PHI,0,0,,,,,,0,0,,,,,,1
192,0022000243,272,8,0,2,8:57 PM,4:59,SUB: Stewart FOR Plumlee,,,,,4,203486,Mason Plumlee,1610612765.0,Detroit,Pistons,DET,4,1630191,Isaiah Stewart,1610612765.0,Detroit,Pistons,DET,0,0,,,,,,0
193,0022000243,274,3,12,2,8:57 PM,4:59,,,MISS Embiid Free Throw 2 of 2,,,5,203954,Joel Embiid,1610612755.0,Philadelphia,76ers,PHI,0,0,,,,,,0,0,,,,,,1
194,0022000243,275,4,0,2,8:57 PM,4:55,Stewart REBOUND (Off:0 Def:2),,,,,4,1630191,Isaiah Stewart,1610612765.0,Detroit,Pistons,DET,0,0,,,,,,0,0,,,,,,1
195,0022000243,276,1,1,2,8:57 PM,4:43,Ellington 26' 3PT Jump Shot (12 PTS),,,44 - 52,8,4,201961,Wayne Ellington,1610612765.0,Detroit,Pistons,DET,0,0,,,,,,0,0,,,,,,1
196,0022000243,277,1,1,2,8:57 PM,4:33,,,Harris 26' 3PT Jump Shot (9 PTS) (Curry 1 AST),47 - 52,5,5,202699,Tobias Harris,1610612755.0,Philadelphia,76ers,PHI,5,203552,Seth Curry,1610612755.0,Philadelphia,76ers,PHI,0,0,,,,,,1
197,0022000243,279,1,1,2,8:58 PM,4:08,Ellington 26' 3PT Jump Shot (15 PTS) (Wright 6 AST),,,47 - 55,8,4,201961,Wayne Ellington,1610612765.0,Detroit,Pistons,DET,4,1626153,Delon Wright,1610612765.0,Detroit,Pistons,DET,0,0,,,,,,1
198,0022000243,281,2,1,2,8:58 PM,4:02,,,MISS Curry 26' 3PT Jump Shot,,,5,203552,Seth Curry,1610612755.0,Philadelphia,76ers,PHI,0,0,,,,,,0,0,,,,,,1
199,0022000243,282,4,0,2,8:58 PM,3:59,,,Embiid REBOUND (Off:2 Def:2),,,5,203954,Joel Embiid,1610612755.0,Philadelphia,76ers,PHI,0,0,,,,,,0,0,,,,,,1
200,0022000243,283,1,5,2,8:58 PM,3:58,,,Embiid 1' Layup (18 PTS),49 - 55,6,5,203954,Joel Embiid,1610612755.0,Philadelphia,76ers,PHI,0,0,,,,,,0,0,,,,,,1
201,0022000243,284,2,3,2,8:58 PM,3:46,MISS Wright 4' Hook Shot,,,,,4,1626153,Delon Wright,1610612765.0,Detroit,Pistons,DET,0,0,,,,,,0,0,,,,,,1
202,0022000243,285,4,0,2,8:58 PM,3:43,,,Embiid REBOUND (Off:2 Def:3),,,5,203954,Joel Embiid,1610612755.0,Philadelphia,76ers,PHI,0,0,,,,,,0,0,,,,,,1
203,0022000243,286,6,2,2,8:59 PM,3:31,Grant S.FOUL (P1.PN) (B.Schwab),,,,,4,203924,Jerami Grant,1610612765.0,Detroit,Pistons,DET,5,1627732,Ben Simmons,1610612755.0,Philadelphia,76ers,PHI,1,0,,,,,,1
204,0022000243,288,3,11,2,8:59 PM,3:31,,,Simmons Free Throw 1 of 2 (13 PTS),50 - 55,5,5,1627732,Ben Simmons,1610612755.0,Philadelphia,76ers,PHI,0,0,,,,,,0,0,,,,,,1
205,0022000243,289,8,0,2,8:59 PM,3:31,SUB: Bey FOR Doumbouya,,,,,4,1629635,Sekou Doumbouya,1610612765.0,Detroit,Pistons,DET,4,1630180,Saddiq Bey,1610612765.0,Detroit,Pistons,DET,0,0,,,,,,0
206,0022000243,291,3,12,2,8:59 PM,3:31,,,Simmons Free Throw 2 of 2 (14 PTS),51 - 55,4,5,1627732,Ben Simmons,1610612755.0,Philadelphia,76ers,PHI,0,0,,,,,,0,0,,,,,,1
207,0022000243,292,2,1,2,9:00 PM,3:16,MISS Stewart 6' Jump Shot,,,,,4,1630191,Isaiah Stewart,1610612765.0,Detroit,Pistons,DET,0,0,,,,,,0,0,,,,,,1
208,0022000243,293,4,0,2,9:00 PM,3:16,,,76ers Rebound,,,3,1610612755,,,,,,0,0,,,,,,0,0,,,,,,0
209,0022000243,294,6,3,2,9:00 PM,3:16,Stewart L.B.FOUL (P2.PN) (B.Kennedy),,,,,4,1630191,Isaiah Stewart,1610612765.0,Detroit,Pistons,DET,5,203954,Joel Embiid,1610612755.0,Philadelphia,76ers,PHI,1,0,,,,,,1
210,0022000243,296,3,11,2,9:00 PM,3:16,,,Embiid Free Throw 1 of 2 (19 PTS),52 - 55,3,5,203954,Joel Embiid,1610612755.0,Philadelphia,76ers,PHI,0,0,,,,,,0,0,,,,,,1
211,0022000243,297,3,12,2,9:00 PM,3:16,,,MISS Embiid Free Throw 2 of 2,,,5,203954,Joel Embiid,1610612755.0,Philadelphia,76ers,PHI,0,0,,,,,,0,0,,,,,,1
212,0022000243,298,4,0,2,9:00 PM,3:13,Stewart REBOUND (Off:0 Def:3),,,,,4,1630191,Isaiah Stewart,1610612765.0,Detroit,Pistons,DET,0,0,,,,,,0,0,,,,,,1
213,0022000243,299,6,2,2,9:01 PM,3:04,,,Embiid S.FOUL (P2.PN) (B.Schwab),,,5,203954,Joel Embiid,1610612755.0,Philadelphia,76ers,PHI,4,203924,Jerami Grant,1610612765.0,Detroit,Pistons,DET,1,0,,,,,,1
214,0022000243,301,3,11,2,9:01 PM,3:04,Grant Free Throw 1 of 2 (7 PTS),,,52 - 56,4,4,203924,Jerami Grant,1610612765.0,Detroit,Pistons,DET,0,0,,,,,,0,0,,,,,,0
215,0022000243,302,3,12,2,9:01 PM,3:04,Grant Free Throw 2 of 2 (8 PTS),,,52 - 57,5,4,203924,Jerami Grant,1610612765.0,Detroit,Pistons,DET,0,0,,,,,,0,0,,,,,,0
216,0022000243,303,6,2,2,9:02 PM,2:50,Stewart S.FOUL (P3.PN) (B.Schwab),,,,,4,1630191,Isaiah Stewart,1610612765.0,Detroit,Pistons,DET,5,203954,Joel Embiid,1610612755.0,Philadelphia,76ers,PHI,1,0,,,,,,1
217,0022000243,305,3,11,2,9:02 PM,2:50,,,Embiid Free Throw 1 of 2 (20 PTS),53 - 57,4,5,203954,Joel Embiid,1610612755.0,Philadelphia,76ers,PHI,0,0,,,,,,0,0,,,,,,0
218,0022000243,306,8,0,2,9:02 PM,2:50,SUB: Okafor FOR Stewart,,,,,4,1630191,Isaiah Stewart,1610612765.0,Detroit,Pistons,DET,4,1626143,Jahlil Okafor,1610612765.0,Detroit,Pistons,DET,0,0,,,,,,0
219,0022000243,308,3,12,2,9:03 PM,2:50,,,MISS Embiid Free Throw 2 of 2,,,5,203954,Joel Embiid,1610612755.0,Philadelphia,76ers,PHI,0,0,,,,,,0,0,,,,,,1
220,0022000243,309,4,0,2,9:03 PM,2:47,Bey REBOUND (Off:0 Def:2),,,,,4,1630180,Saddiq Bey,1610612765.0,Detroit,Pistons,DET,0,0,,,,,,0,0,,,,,,1
221,0022000243,310,2,1,2,9:03 PM,2:30,MISS Grant 15' Jump Shot,,,,,4,203924,Jerami Grant,1610612765.0,Detroit,Pistons,DET,0,0,,,,,,0,0,,,,,,1
222,0022000243,311,4,0,2,9:03 PM,2:28,,,Simmons REBOUND (Off:1 Def:4),,,5,1627732,Ben Simmons,1610612755.0,Philadelphia,76ers,PHI,0,0,,,,,,0,0,,,,,,1
223,0022000243,312,1,1,2,9:03 PM,2:22,,,Harris 27' 3PT Jump Shot (12 PTS) (Simmons 4 AST),56 - 57,1,5,202699,Tobias Harris,1610612755.0,Philadelphia,76ers,PHI,5,1627732,Ben Simmons,1610612755.0,Philadelphia,76ers,PHI,0,0,,,,,,1
224,0022000243,314,5,1,2,9:03 PM,2:05,Ellington Bad Pass Turnover (P1.T5),,Embiid STEAL (1 STL),,,4,201961,Wayne Ellington,1610612765.0,Detroit,Pistons,DET,5,203954,Joel Embiid,1610612755.0,Philadelphia,76ers,PHI,0,0,,,,,,1
225,0022000243,316,2,1,2,9:04 PM,1:53,,,MISS Curry 27' 3PT Jump Shot,,,5,203552,Seth Curry,1610612755.0,Philadelphia,76ers,PHI,0,0,,,,,,0,0,,,,,,1
226,0022000243,317,4,0,2,9:04 PM,1:50,Grant REBOUND (Off:1 Def:3),,,,,4,203924,Jerami Grant,1610612765.0,Detroit,Pistons,DET,0,0,,,,,,0,0,,,,,,1
227,0022000243,318,2,1,2,9:04 PM,1:44,MISS Grant 26' 3PT Jump Shot,,,,,4,203924,Jerami Grant,1610612765.0,Detroit,Pistons,DET,0,0,,,,,,0,0,,,,,,1
228,0022000243,319,4,0,2,9:04 PM,1:41,,,Embiid REBOUND (Off:2 Def:4),,,5,203954,Joel Embiid,1610612755.0,Philadelphia,76ers,PHI,0,0,,,,,,0,0,,,,,,1
229,0022000243,320,6,1,2,9:04 PM,1:39,Okafor P.FOUL (P1.PN) (B.Kennedy),,,,,4,1626143,Jahlil Okafor,1610612765.0,Detroit,Pistons,DET,5,203954,Joel Embiid,1610612755.0,Philadelphia,76ers,PHI,1,0,,,,,,1
230,0022000243,322,3,11,2,9:04 PM,1:39,,,MISS Embiid Free Throw 1 of 2,,,5,203954,Joel Embiid,1610612755.0,Philadelphia,76ers,PHI,0,0,,,,,,0,0,,,,,,0
231,0022000243,323,4,1,2,9:04 PM,1:39,,,76ers Rebound,,,3,1610612755,,,,,,0,0,,,,,,0,0,,,,,,0
232,0022000243,326,3,12,2,9:04 PM,1:39,,,Embiid Free Throw 2 of 2 (21 PTS),57 - 57,TIE,5,203954,Joel Embiid,1610612755.0,Philadelphia,76ers,PHI,0,0,,,,,,0,0,,,,,,1
233,0022000243,324,8,0,2,9:04 PM,1:39,,,SUB: Milton FOR Curry,,,5,203552,Seth Curry,1610612755.0,Philadelphia,76ers,PHI,5,1629003,Shake Milton,1610612755.0,Philadelphia,76ers,PHI,0,0,,,,,,0
234,0022000243,327,1,1,2,9:05 PM,1:27,Okafor 7' Jump Shot (2 PTS) (Grant 2 AST),,,57 - 59,2,4,1626143,Jahlil Okafor,1610612765.0,Detroit,Pistons,DET,4,203924,Jerami Grant,1610612765.0,Detroit,Pistons,DET,0,0,,,,,,1
235,0022000243,329,1,3,2,9:05 PM,1:00,,,Simmons 5' Hook Shot (16 PTS),59 - 59,TIE,5,1627732,Ben Simmons,1610612755.0,Philadelphia,76ers,PHI,0,0,,,,,,0,0,,,,,,1
236,0022000243,330,2,1,2,9:06 PM,0:49,MISS Grant 27' 3PT Jump Shot,,,,,4,203924,Jerami Grant,1610612765.0,Detroit,Pistons,DET,0,0,,,,,,0,0,,,,,,1
237,0022000243,331,4,0,2,9:06 PM,0:46,Wright REBOUND (Off:1 Def:3),,,,,4,1626153,Delon Wright,1610612765.0,Detroit,Pistons,DET,0,0,,,,,,0,0,,,,,,1
238,0022000243,332,5,2,2,9:06 PM,0:31,Wright Lost Ball Turnover (P1.T6),,Green STEAL (2 STL),,,4,1626153,Delon Wright,1610612765.0,Detroit,Pistons,DET,5,201980,Danny Green,1610612755.0,Philadelphia,76ers,PHI,0,0,,,,,,1
239,0022000243,335,1,5,2,9:06 PM,0:30,,,Green 2' Layup (4 PTS),61 - 59,-2,5,201980,Danny Green,1610612755.0,Philadelphia,76ers,PHI,0,0,,,,,,0,0,,,,,,1
240,0022000243,336,6,1,2,9:06 PM,0:20,,,Milton P.FOUL (P2.PN) (M.Kogut),,,5,1629003,Shake Milton,1610612755.0,Philadelphia,76ers,PHI,4,1626153,Delon Wright,1610612765.0,Detroit,Pistons,DET,1,0,,,,,,1
241,0022000243,339,8,0,2,9:07 PM,0:20,SUB: Jackson FOR Ellington,,,,,4,201961,Wayne Ellington,1610612765.0,Detroit,Pistons,DET,4,1628367,Josh Jackson,1610612765.0,Detroit,Pistons,DET,0,0,,,,,,0
242,0022000243,338,3,11,2,9:07 PM,0:20,Wright Free Throw 1 of 2 (7 PTS),,,61 - 60,-1,4,1626153,Delon Wright,1610612765.0,Detroit,Pistons,DET,0,0,,,,,,0,0,,,,,,1
243,0022000243,341,3,12,2,9:07 PM,0:20,Wright Free Throw 2 of 2 (8 PTS),,,61 - 61,TIE,4,1626153,Delon Wright,1610612765.0,Detroit,Pistons,DET,0,0,,,,,,0,0,,,,,,1
244,0022000243,342,5,2,2,9:07 PM,0:00,Bey STEAL (1 STL),,Harris Lost Ball Turnover (P3.T7),,,5,202699,Tobias Harris,1610612755.0,Philadelphia,76ers,PHI,4,1630180,Saddiq Bey,1610612765.0,Detroit,Pistons,DET,0,0,,,,,,1
245,0022000243,344,1,5,2,9:07 PM,0:00,Bey 2' Layup (5 PTS),,,61 - 63,2,4,1630180,Saddiq Bey,1610612765.0,Detroit,Pistons,DET,0,0,,,,,,0,0,,,,,,1
246,0022000243,345,18,0,2,9:08 PM,0:00,,,,61 - 63,2,0,344,Dana Barros,,,,,0,0,,,,,,1,0,,,,,,0
247,0022000243,346,13,0,2,9:09 PM,0:00,,,,61 - 63,2,0,0,,,,,,0,0,,,,,,0,0,,,,,,1
248,0022000243,356,12,0,3,9:23 PM,12:00,,,,61 - 63,2,0,0,,,,,,0,0,,,,,,0,0,,,,,,0
249,0022000243,357,2,7,3,9:23 PM,11:51,MISS Plumlee 5' Dunk,,Embiid BLOCK (1 BLK),,,4,203486,Mason Plumlee,1610612765.0,Detroit,Pistons,DET,0,0,,,,,,5,203954,Joel Embiid,1610612755.0,Philadelphia,76ers,PHI,1
250,0022000243,359,4,0,3,9:23 PM,11:47,,,Harris REBOUND (Off:0 Def:3),,,5,202699,Tobias Harris,1610612755.0,Philadelphia,76ers,PHI,0,0,,,,,,0,0,,,,,,1
251,0022000243,360,2,73,3,9:24 PM,11:30,,,MISS Embiid 3' Driving Reverse Layup,,,5,203954,Joel Embiid,1610612755.0,Philadelphia,76ers,PHI,0,0,,,,,,0,0,,,,,,1
252,0022000243,361,4,0,3,9:24 PM,11:28,Grant REBOUND (Off:1 Def:4),,,,,4,203924,Jerami Grant,1610612765.0,Detroit,Pistons,DET,0,0,,,,,,0,0,,,,,,1
253,0022000243,362,6,1,3,9:24 PM,11:21,,,Curry P.FOUL (P2.T1) (M.Kogut),,,5,203552,Seth Curry,1610612755.0,Philadelphia,76ers,PHI,4,203924,Jerami Grant,1610612765.0,Detroit,Pistons,DET,1,0,,,,,,1
254,0022000243,364,1,5,3,9:24 PM,11:12,Ellington 5' Layup (17 PTS),,,61 - 65,4,4,201961,Wayne Ellington,1610612765.0,Detroit,Pistons,DET,0,0,,,,,,0,0,,,,,,1
255,0022000243,365,6,2,3,9:25 PM,10:59,Wright S.FOUL (P1.T1) (B.Kennedy),,,,,4,1626153,Delon Wright,1610612765.0,Detroit,Pistons,DET,5,203552,Seth Curry,1610612755.0,Philadelphia,76ers,PHI,1,0,,,,,,1
256,0022000243,367,3,11,3,9:25 PM,10:59,,,Curry Free Throw 1 of 2 (7 PTS),62 - 65,3,5,203552,Seth Curry,1610612755.0,Philadelphia,76ers,PHI,0,0,,,,,,0,0,,,,,,1
257,0022000243,368,3,12,3,9:25 PM,10:59,,,Curry Free Throw 2 of 2 (8 PTS),63 - 65,2,5,203552,Seth Curry,1610612755.0,Philadelphia,76ers,PHI,0,0,,,,,,0,0,,,,,,1
258,0022000243,369,7,5,3,9:25 PM,10:49,,,Embiid Violation:Kicked Ball (M.Kogut),,,5,203954,Joel Embiid,1610612755.0,Philadelphia,76ers,PHI,0,0,,,,,,1,0,,,,,,0
259,0022000243,370,2,43,3,9:26 PM,10:43,MISS Grant 3' Alley Oop Layup,,,,,4,203924,Jerami Grant,1610612765.0,Detroit,Pistons,DET,0,0,,,,,,0,0,,,,,,1
260,0022000243,371,4,0,3,9:26 PM,10:41,Bey REBOUND (Off:1 Def:2),,,,,4,1630180,Saddiq Bey,1610612765.0,Detroit,Pistons,DET,0,0,,,,,,0,0,,,,,,1
261,0022000243,372,2,1,3,9:26 PM,10:40,MISS Bey 24' 3PT Jump Shot,,,,,4,1630180,Saddiq Bey,1610612765.0,Detroit,Pistons,DET,0,0,,,,,,0,0,,,,,,1
262,0022000243,373,4,0,3,9:26 PM,10:40,,,Embiid REBOUND (Off:2 Def:5),,,5,203954,Joel Embiid,1610612755.0,Philadelphia,76ers,PHI,0,0,,,,,,0,0,,,,,,1
263,0022000243,374,2,6,3,9:26 PM,10:32,Grant BLOCK (1 BLK),,MISS Harris 2' Driving Layup,,,5,202699,Tobias Harris,1610612755.0,Philadelphia,76ers,PHI,0,0,,,,,,4,203924,Jerami Grant,1610612765.0,Detroit,Pistons,DET,1
264,0022000243,376,4,0,3,9:26 PM,10:28,Plumlee REBOUND (Off:1 Def:4),,,,,4,203486,Mason Plumlee,1610612765.0,Detroit,Pistons,DET,0,0,,,,,,0,0,,,,,,1
265,0022000243,377,1,1,3,9:26 PM,10:19,Bey  3PT Jump Shot (8 PTS) (Grant 3 AST),,,63 - 68,5,4,1630180,Saddiq Bey,1610612765.0,Detroit,Pistons,DET,4,203924,Jerami Grant,1610612765.0,Detroit,Pistons,DET,0,0,,,,,,1
266,0022000243,379,5,1,3,9:26 PM,10:03,Ellington STEAL (1 STL),,Harris Bad Pass Turnover (P4.T8),,,5,202699,Tobias Harris,1610612755.0,Philadelphia,76ers,PHI,4,201961,Wayne Ellington,1610612765.0,Detroit,Pistons,DET,0,0,,,,,,1
267,0022000243,381,2,1,3,9:27 PM,9:55,MISS Grant 28' 3PT Jump Shot,,,,,4,203924,Jerami Grant,1610612765.0,Detroit,Pistons,DET,0,0,,,,,,0,0,,,,,,1
268,0022000243,382,4,0,3,9:27 PM,9:55,PISTONS Rebound,,,,,2,1610612765,,,,,,0,0,,,,,,0,0,,,,,,0
269,0022000243,385,5,11,3,9:27 PM,9:41,PISTONS Turnover: Shot Clock (T#7),,,,,2,1610612765,,,,,,0,0,,,,,,1,0,,,,,,0
270,0022000243,386,6,1,3,9:27 PM,9:35,Plumlee P.FOUL (P4.T2) (M.Kogut),,,,,4,203486,Mason Plumlee,1610612765.0,Detroit,Pistons,DET,5,203954,Joel Embiid,1610612755.0,Philadelphia,76ers,PHI,1,0,,,,,,1
271,0022000243,388,8,0,3,9:28 PM,9:35,SUB: Stewart FOR Plumlee,,,,,4,203486,Mason Plumlee,1610612765.0,Detroit,Pistons,DET,4,1630191,Isaiah Stewart,1610612765.0,Detroit,Pistons,DET,0,0,,,,,,0
272,0022000243,390,5,1,3,9:28 PM,9:28,Stewart STEAL (1 STL),,Curry Bad Pass Turnover (P1.T9),,,5,203552,Seth Curry,1610612755.0,Philadelphia,76ers,PHI,4,1630191,Isaiah Stewart,1610612765.0,Detroit,Pistons,DET,0,0,,,,,,1
273,0022000243,392,2,1,3,9:28 PM,9:22,MISS Bey  3PT Jump Shot,,,,,4,1630180,Saddiq Bey,1610612765.0,Detroit,Pistons,DET,0,0,,,,,,0,0,,,,,,1
274,0022000243,393,4,0,3,9:28 PM,9:20,,,Simmons REBOUND (Off:1 Def:5),,,5,1627732,Ben Simmons,1610612755.0,Philadelphia,76ers,PHI,0,0,,,,,,0,0,,,,,,1
275,0022000243,394,1,1,3,9:28 PM,9:13,,,Green 24' 3PT Jump Shot (7 PTS) (Simmons 5 AST),66 - 68,2,5,201980,Danny Green,1610612755.0,Philadelphia,76ers,PHI,5,1627732,Ben Simmons,1610612755.0,Philadelphia,76ers,PHI,0,0,,,,,,1
276,0022000243,396,2,3,3,9:29 PM,8:48,MISS Bey 6' Hook Shot,,Harris BLOCK (2 BLK),,,4,1630180,Saddiq Bey,1610612765.0,Detroit,Pistons,DET,0,0,,,,,,5,202699,Tobias Harris,1610612755.0,Philadelphia,76ers,PHI,1
277,0022000243,398,4,0,3,9:29 PM,8:45,,,Embiid REBOUND (Off:2 Def:6),,,5,203954,Joel Embiid,1610612755.0,Philadelphia,76ers,PHI,0,0,,,,,,0,0,,,,,,1
278,0022000243,399,2,52,3,9:29 PM,8:37,,,MISS Embiid 2' Alley Oop Dunk,,,5,203954,Joel Embiid,1610612755.0,Philadelphia,76ers,PHI,0,0,,,,,,0,0,,,,,,1
279,0022000243,400,4,0,3,9:29 PM,8:35,Wright REBOUND (Off:1 Def:4),,,,,4,1626153,Delon Wright,1610612765.0,Detroit,Pistons,DET,0,0,,,,,,0,0,,,,,,1
280,0022000243,401,5,2,3,9:29 PM,8:26,Grant Lost Ball Turnover (P1.T8),,Curry STEAL (1 STL),,,4,203924,Jerami Grant,1610612765.0,Detroit,Pistons,DET,5,203552,Seth Curry,1610612755.0,Philadelphia,76ers,PHI,0,0,,,,,,1
281,0022000243,403,1,63,3,9:29 PM,8:18,,,Curry 11' Fadeaway Jumper (10 PTS),68 - 68,TIE,5,203552,Seth Curry,1610612755.0,Philadelphia,76ers,PHI,0,0,,,,,,0,0,,,,,,1
282,0022000243,404,9,1,3,9:29 PM,8:18,PISTONS Timeout: Regular (Full 3 Short 0),,,,,2,1610612765,,,,,,0,0,,,,,,0,0,,,,,,0
283,0022000243,405,8,0,3,9:29 PM,8:18,,,SUB: Milton FOR Harris,,,5,202699,Tobias Harris,1610612755.0,Philadelphia,76ers,PHI,5,1629003,Shake Milton,1610612755.0,Philadelphia,76ers,PHI,0,0,,,,,,0
284,0022000243,407,10,0,3,9:33 PM,7:52,Jump Ball Grant vs. Simmons: Tip to Milton,,,,,4,203924,Jerami Grant,1610612765.0,Detroit,Pistons,DET,5,1627732,Ben Simmons,1610612755.0,Philadelphia,76ers,PHI,5,1629003,Shake Milton,1610612755.0,Philadelphia,76ers,PHI,1
285,0022000243,410,5,2,3,9:33 PM,7:52,Grant Lost Ball Turnover (P2.T9),,Simmons STEAL (2 STL),,,4,203924,Jerami Grant,1610612765.0,Detroit,Pistons,DET,5,1627732,Ben Simmons,1610612755.0,Philadelphia,76ers,PHI,0,0,,,,,,1
286,0022000243,412,2,41,3,9:33 PM,7:51,Wright BLOCK (1 BLK),,MISS Milton 3' Running Layup,,,5,1629003,Shake Milton,1610612755.0,Philadelphia,76ers,PHI,0,0,,,,,,4,1626153,Delon Wright,1610612765.0,Detroit,Pistons,DET,1
287,0022000243,414,4,0,3,9:33 PM,7:46,Ellington REBOUND (Off:0 Def:1),,,,,4,201961,Wayne Ellington,1610612765.0,Detroit,Pistons,DET,0,0,,,,,,0,0,,,,,,1
288,0022000243,415,2,1,3,9:33 PM,7:43,MISS Grant 25' 3PT Jump Shot,,,,,4,203924,Jerami Grant,1610612765.0,Detroit,Pistons,DET,0,0,,,,,,0,0,,,,,,1
289,0022000243,416,4,0,3,9:33 PM,7:41,,,Green REBOUND (Off:0 Def:1),,,5,201980,Danny Green,1610612755.0,Philadelphia,76ers,PHI,0,0,,,,,,0,0,,,,,,1
290,0022000243,417,2,1,3,9:33 PM,7:32,,,MISS Curry 19' Jump Shot,,,5,203552,Seth Curry,1610612755.0,Philadelphia,76ers,PHI,0,0,,,,,,0,0,,,,,,1
291,0022000243,418,4,0,3,9:33 PM,7:30,Grant REBOUND (Off:1 Def:5),,,,,4,203924,Jerami Grant,1610612765.0,Detroit,Pistons,DET,0,0,,,,,,0,0,,,,,,1
292,0022000243,419,1,47,3,9:33 PM,7:17,Bey 8' Turnaround Jump Shot (10 PTS),,,68 - 70,2,4,1630180,Saddiq Bey,1610612765.0,Detroit,Pistons,DET,0,0,,,,,,0,0,,,,,,1
293,0022000243,420,2,44,3,9:34 PM,7:03,,,MISS Green 3' Reverse Layup,,,5,201980,Danny Green,1610612755.0,Philadelphia,76ers,PHI,0,0,,,,,,0,0,,,,,,1
294,0022000243,421,4,0,3,9:34 PM,7:01,Stewart REBOUND (Off:0 Def:4),,,,,4,1630191,Isaiah Stewart,1610612765.0,Detroit,Pistons,DET,0,0,,,,,,0,0,,,,,,1
295,0022000243,422,5,2,3,9:34 PM,6:56,Wright Lost Ball Turnover (P2.T10),,Curry STEAL (2 STL),,,4,1626153,Delon Wright,1610612765.0,Detroit,Pistons,DET,5,203552,Seth Curry,1610612755.0,Philadelphia,76ers,PHI,0,0,,,,,,1
296,0022000243,424,1,5,3,9:34 PM,6:51,,,Curry 1' Layup (12 PTS) (Green 1 AST),70 - 70,TIE,5,203552,Seth Curry,1610612755.0,Philadelphia,76ers,PHI,5,201980,Danny Green,1610612755.0,Philadelphia,76ers,PHI,0,0,,,,,,1
297,0022000243,425,2,1,3,9:34 PM,6:27,MISS Bey 26' 3PT Jump Shot,,,,,4,1630180,Saddiq Bey,1610612765.0,Detroit,Pistons,DET,0,0,,,,,,0,0,,,,,,1
298,0022000243,426,4,0,3,9:34 PM,6:24,,,Simmons REBOUND (Off:1 Def:6),,,5,1627732,Ben Simmons,1610612755.0,Philadelphia,76ers,PHI,0,0,,,,,,0,0,,,,,,1
299,0022000243,427,2,1,3,9:34 PM,6:21,,,MISS Green 27' 3PT Jump Shot,,,5,201980,Danny Green,1610612755.0,Philadelphia,76ers,PHI,0,0,,,,,,0,0,,,,,,1
300,0022000243,428,4,0,3,9:35 PM,6:20,,,76ers Rebound,,,3,1610612755,,,,,,0,0,,,,,,0,0,,,,,,0
301,0022000243,429,6,3,3,9:35 PM,6:20,Stewart L.B.FOUL (P4.T3) (M.Kogut),,,,,4,1630191,Isaiah Stewart,1610612765.0,Detroit,Pistons,DET,5,203954,Joel Embiid,1610612755.0,Philadelphia,76ers,PHI,1,0,,,,,,1
302,0022000243,431,8,0,3,9:35 PM,6:20,SUB: Okafor FOR Stewart,,,,,4,1630191,Isaiah Stewart,1610612765.0,Detroit,Pistons,DET,4,1626143,Jahlil Okafor,1610612765.0,Detroit,Pistons,DET,0,0,,,,,,0
303,0022000243,432,8,0,3,9:35 PM,6:20,,,SUB: Korkmaz FOR Curry,,,5,203552,Seth Curry,1610612755.0,Philadelphia,76ers,PHI,5,1627788,Furkan Korkmaz,1610612755.0,Philadelphia,76ers,PHI,0,0,,,,,,0
304,0022000243,435,1,1,3,9:35 PM,6:16,,,Korkmaz 24' 3PT Jump Shot (3 PTS) (Simmons 6 AST),73 - 70,-3,5,1627788,Furkan Korkmaz,1610612755.0,Philadelphia,76ers,PHI,5,1627732,Ben Simmons,1610612755.0,Philadelphia,76ers,PHI,0,0,,,,,,1
305,0022000243,438,2,101,3,9:35 PM,6:00,MISS Grant 5' Driving Floating Jump Shot,,,,,4,203924,Jerami Grant,1610612765.0,Detroit,Pistons,DET,0,0,,,,,,0,0,,,,,,1
306,0022000243,439,4,0,3,9:35 PM,5:59,Grant REBOUND (Off:2 Def:5),,,,,4,203924,Jerami Grant,1610612765.0,Detroit,Pistons,DET,0,0,,,,,,0,0,,,,,,1
307,0022000243,440,2,58,3,9:36 PM,5:48,MISS Okafor 3' Turnaround Hook Shot,,,,,4,1626143,Jahlil Okafor,1610612765.0,Detroit,Pistons,DET,0,0,,,,,,0,0,,,,,,1
308,0022000243,441,4,0,3,9:36 PM,5:46,,,Embiid REBOUND (Off:2 Def:7),,,5,203954,Joel Embiid,1610612755.0,Philadelphia,76ers,PHI,0,0,,,,,,0,0,,,,,,1
309,0022000243,442,2,58,3,9:36 PM,5:33,,,MISS Simmons 4' Turnaround Hook Shot,,,5,1627732,Ben Simmons,1610612755.0,Philadelphia,76ers,PHI,0,0,,,,,,0,0,,,,,,1
310,0022000243,443,4,0,3,9:36 PM,5:33,,,Embiid REBOUND (Off:3 Def:7),,,5,203954,Joel Embiid,1610612755.0,Philadelphia,76ers,PHI,0,0,,,,,,0,0,,,,,,1
311,0022000243,444,6,2,3,9:36 PM,5:33,Grant S.FOUL (P2.T4) (B.Schwab),,,,,4,203924,Jerami Grant,1610612765.0,Detroit,Pistons,DET,5,203954,Joel Embiid,1610612755.0,Philadelphia,76ers,PHI,1,0,,,,,,1
312,0022000243,446,3,11,3,9:36 PM,5:33,,,Embiid Free Throw 1 of 2 (22 PTS),74 - 70,-4,5,203954,Joel Embiid,1610612755.0,Philadelphia,76ers,PHI,0,0,,,,,,0,0,,,,,,1
313,0022000243,447,8,0,3,9:36 PM,5:33,SUB: Jackson FOR Bey,,,,,4,1630180,Saddiq Bey,1610612765.0,Detroit,Pistons,DET,4,1628367,Josh Jackson,1610612765.0,Detroit,Pistons,DET,0,0,,,,,,0
314,0022000243,449,3,12,3,9:37 PM,5:33,,,Embiid Free Throw 2 of 2 (23 PTS),75 - 70,-5,5,203954,Joel Embiid,1610612755.0,Philadelphia,76ers,PHI,0,0,,,,,,0,0,,,,,,1
315,0022000243,450,6,1,3,9:37 PM,5:26,,,Milton P.FOUL (P3.T2) (B.Schwab),,,5,1629003,Shake Milton,1610612755.0,Philadelphia,76ers,PHI,4,1626153,Delon Wright,1610612765.0,Detroit,Pistons,DET,1,0,,,,,,1
316,0022000243,452,1,5,3,9:38 PM,5:09,Okafor 1' Layup (4 PTS) (Jackson 1 AST),,,75 - 72,-3,4,1626143,Jahlil Okafor,1610612765.0,Detroit,Pistons,DET,4,1628367,Josh Jackson,1610612765.0,Detroit,Pistons,DET,0,0,,,,,,1
317,0022000243,454,9,1,3,9:38 PM,5:09,,,76ers Timeout: Regular (Reg.3 Short 0),,,3,1610612755,,,,,,0,0,,,,,,0,0,,,,,,0
318,0022000243,455,2,1,3,9:41 PM,4:52,Jackson BLOCK (3 BLK),,MISS Green  3PT Jump Shot,,,5,201980,Danny Green,1610612755.0,Philadelphia,76ers,PHI,0,0,,,,,,4,1628367,Josh Jackson,1610612765.0,Detroit,Pistons,DET,1
319,0022000243,457,4,0,3,9:41 PM,4:47,Wright REBOUND (Off:1 Def:5),,,,,4,1626153,Delon Wright,1610612765.0,Detroit,Pistons,DET,0,0,,,,,,0,0,,,,,,1
320,0022000243,540,5,1,3,9:41 PM,4:45,Jackson Bad Pass Turnover (P1.T11),,Simmons STEAL (3 STL),,,4,1628367,Josh Jackson,1610612765.0,Detroit,Pistons,DET,5,1627732,Ben Simmons,1610612755.0,Philadelphia,76ers,PHI,0,0,,,,,,1
321,0022000243,460,1,5,3,9:41 PM,4:35,,,Embiid 3' Layup (25 PTS) (Milton 2 AST),77 - 72,-5,5,203954,Joel Embiid,1610612755.0,Philadelphia,76ers,PHI,5,1629003,Shake Milton,1610612755.0,Philadelphia,76ers,PHI,0,0,,,,,,1
322,0022000243,462,2,1,3,9:41 PM,4:19,MISS Ellington 25' 3PT Jump Shot,,,,,4,201961,Wayne Ellington,1610612765.0,Detroit,Pistons,DET,0,0,,,,,,0,0,,,,,,1
323,0022000243,463,4,0,3,9:41 PM,4:17,,,Korkmaz REBOUND (Off:0 Def:4),,,5,1627788,Furkan Korkmaz,1610612755.0,Philadelphia,76ers,PHI,0,0,,,,,,0,0,,,,,,1
324,0022000243,464,1,1,3,9:41 PM,4:09,,,Embiid 26' 3PT Jump Shot (28 PTS) (Simmons 7 AST),80 - 72,-8,5,203954,Joel Embiid,1610612755.0,Philadelphia,76ers,PHI,5,1627732,Ben Simmons,1610612755.0,Philadelphia,76ers,PHI,0,0,,,,,,1
325,0022000243,466,1,5,3,9:42 PM,3:53,Okafor 4' Layup (6 PTS) (Ellington 2 AST),,,80 - 74,-6,4,1626143,Jahlil Okafor,1610612765.0,Detroit,Pistons,DET,4,201961,Wayne Ellington,1610612765.0,Detroit,Pistons,DET,0,0,,,,,,1
326,0022000243,468,5,40,3,9:42 PM,3:43,,,Simmons Out of Bounds Lost Ball Turnover (P1.T10),,,5,1627732,Ben Simmons,1610612755.0,Philadelphia,76ers,PHI,0,0,,,,,,1,0,,,,,,1
327,0022000243,469,8,0,3,9:42 PM,3:43,SUB: Mykhailiuk FOR Ellington,,,,,4,201961,Wayne Ellington,1610612765.0,Detroit,Pistons,DET,4,1629004,Svi Mykhailiuk,1610612765.0,Detroit,Pistons,DET,0,0,,,,,,0
328,0022000243,470,8,0,3,9:42 PM,3:43,SUB: Doumbouya FOR Grant,,,,,4,203924,Jerami Grant,1610612765.0,Detroit,Pistons,DET,4,1629635,Sekou Doumbouya,1610612765.0,Detroit,Pistons,DET,0,0,,,,,,0
329,0022000243,471,8,0,3,9:42 PM,3:43,,,SUB: Thybulle FOR Green,,,5,201980,Danny Green,1610612755.0,Philadelphia,76ers,PHI,5,1629680,Matisse Thybulle,1610612755.0,Philadelphia,76ers,PHI,0,0,,,,,,0
330,0022000243,472,8,0,3,9:42 PM,3:43,,,SUB: Howard FOR Embiid,,,5,203954,Joel Embiid,1610612755.0,Philadelphia,76ers,PHI,5,2730,Dwight Howard,1610612755.0,Philadelphia,76ers,PHI,0,0,,,,,,0
331,0022000243,477,2,1,3,9:43 PM,3:23,MISS Doumbouya  3PT Jump Shot,,,,,4,1629635,Sekou Doumbouya,1610612765.0,Detroit,Pistons,DET,0,0,,,,,,0,0,,,,,,1
332,0022000243,478,4,0,3,9:43 PM,3:21,,,Simmons REBOUND (Off:1 Def:7),,,5,1627732,Ben Simmons,1610612755.0,Philadelphia,76ers,PHI,0,0,,,,,,0,0,,,,,,1
333,0022000243,479,2,1,3,9:43 PM,3:13,,,MISS Milton  3PT Jump Shot,,,5,1629003,Shake Milton,1610612755.0,Philadelphia,76ers,PHI,0,0,,,,,,0,0,,,,,,1
334,0022000243,480,4,0,3,9:43 PM,3:11,Mykhailiuk REBOUND (Off:0 Def:2),,,,,4,1629004,Svi Mykhailiuk,1610612765.0,Detroit,Pistons,DET,0,0,,,,,,0,0,,,,,,1
335,0022000243,481,1,6,3,9:43 PM,3:09,Jackson 2' Driving Layup (5 PTS) (Mykhailiuk 3 AST),,,80 - 76,-4,4,1628367,Josh Jackson,1610612765.0,Detroit,Pistons,DET,4,1629004,Svi Mykhailiuk,1610612765.0,Detroit,Pistons,DET,0,0,,,,,,1
336,0022000243,483,6,2,3,9:43 PM,3:09,,,Simmons S.FOUL (P3.T3) (M.Kogut),,,5,1627732,Ben Simmons,1610612755.0,Philadelphia,76ers,PHI,4,1628367,Josh Jackson,1610612765.0,Detroit,Pistons,DET,1,0,,,,,,1
337,0022000243,485,3,10,3,9:43 PM,3:09,MISS Jackson Free Throw 1 of 1,,,,,4,1628367,Josh Jackson,1610612765.0,Detroit,Pistons,DET,0,0,,,,,,0,0,,,,,,1
338,0022000243,486,4,0,3,9:43 PM,3:06,Doumbouya REBOUND (Off:2 Def:1),,,,,4,1629635,Sekou Doumbouya,1610612765.0,Detroit,Pistons,DET,0,0,,,,,,0,0,,,,,,1
339,0022000243,487,6,2,3,9:43 PM,3:06,,,Thybulle S.FOUL (P1.T4) (B.Schwab),,,5,1629680,Matisse Thybulle,1610612755.0,Philadelphia,76ers,PHI,4,1629004,Svi Mykhailiuk,1610612765.0,Detroit,Pistons,DET,1,0,,,,,,1
340,0022000243,489,3,13,3,9:44 PM,3:06,Mykhailiuk Free Throw 1 of 3 (6 PTS),,,80 - 77,-3,4,1629004,Svi Mykhailiuk,1610612765.0,Detroit,Pistons,DET,0,0,,,,,,0,0,,,,,,1
341,0022000243,490,3,14,3,9:44 PM,3:06,Mykhailiuk Free Throw 2 of 3 (7 PTS),,,80 - 78,-2,4,1629004,Svi Mykhailiuk,1610612765.0,Detroit,Pistons,DET,0,0,,,,,,0,0,,,,,,0
342,0022000243,491,3,15,3,9:44 PM,3:06,Mykhailiuk Free Throw 3 of 3 (8 PTS),,,80 - 79,-1,4,1629004,Svi Mykhailiuk,1610612765.0,Detroit,Pistons,DET,0,0,,,,,,0,0,,,,,,1
343,0022000243,492,6,1,3,9:44 PM,2:57,Jackson P.FOUL (P2.PN) (M.Kogut),,,,,4,1628367,Josh Jackson,1610612765.0,Detroit,Pistons,DET,5,1627732,Ben Simmons,1610612755.0,Philadelphia,76ers,PHI,1,0,,,,,,1
344,0022000243,494,3,11,3,9:45 PM,2:57,,,Simmons Free Throw 1 of 2 (17 PTS),81 - 79,-2,5,1627732,Ben Simmons,1610612755.0,Philadelphia,76ers,PHI,0,0,,,,,,0,0,,,,,,1
345,0022000243,495,3,12,3,9:45 PM,2:57,,,MISS Simmons Free Throw 2 of 2,,,5,1627732,Ben Simmons,1610612755.0,Philadelphia,76ers,PHI,0,0,,,,,,0,0,,,,,,1
346,0022000243,496,4,0,3,9:45 PM,2:56,,,Howard REBOUND (Off:2 Def:2),,,5,2730,Dwight Howard,1610612755.0,Philadelphia,76ers,PHI,0,0,,,,,,0,0,,,,,,1
347,0022000243,497,6,1,3,9:45 PM,2:56,Okafor P.FOUL (P2.PN) (B.Kennedy),,,,,4,1626143,Jahlil Okafor,1610612765.0,Detroit,Pistons,DET,5,2730,Dwight Howard,1610612755.0,Philadelphia,76ers,PHI,1,0,,,,,,1
348,0022000243,499,3,11,3,9:45 PM,2:56,,,Howard Free Throw 1 of 2 (1 PTS),82 - 79,-3,5,2730,Dwight Howard,1610612755.0,Philadelphia,76ers,PHI,0,0,,,,,,0,0,,,,,,1
349,0022000243,500,3,12,3,9:46 PM,2:56,,,MISS Howard Free Throw 2 of 2,,,5,2730,Dwight Howard,1610612755.0,Philadelphia,76ers,PHI,0,0,,,,,,0,0,,,,,,1
350,0022000243,501,4,0,3,9:46 PM,2:53,Wright REBOUND (Off:1 Def:6),,,,,4,1626153,Delon Wright,1610612765.0,Detroit,Pistons,DET,0,0,,,,,,0,0,,,,,,1
351,0022000243,502,2,5,3,9:46 PM,2:37,MISS Wright 4' Layup,,,,,4,1626153,Delon Wright,1610612765.0,Detroit,Pistons,DET,0,0,,,,,,0,0,,,,,,1
352,0022000243,503,4,0,3,9:46 PM,2:34,,,Milton REBOUND (Off:1 Def:1),,,5,1629003,Shake Milton,1610612755.0,Philadelphia,76ers,PHI,0,0,,,,,,0,0,,,,,,1
353,0022000243,505,1,79,3,9:47 PM,2:13,,,Korkmaz 28' 3PT Pullup Jump Shot (6 PTS),85 - 79,-6,5,1627788,Furkan Korkmaz,1610612755.0,Philadelphia,76ers,PHI,0,0,,,,,,0,0,,,,,,1
354,0022000243,506,1,1,3,9:47 PM,2:01,Mykhailiuk 26' 3PT Jump Shot (11 PTS) (Okafor 1 AST),,,85 - 82,-3,4,1629004,Svi Mykhailiuk,1610612765.0,Detroit,Pistons,DET,4,1626143,Jahlil Okafor,1610612765.0,Detroit,Pistons,DET,0,0,,,,,,1
355,0022000243,508,2,1,3,9:47 PM,1:45,,,MISS Thybulle 24' 3PT Jump Shot,,,5,1629680,Matisse Thybulle,1610612755.0,Philadelphia,76ers,PHI,0,0,,,,,,0,0,,,,,,1
356,0022000243,509,4,0,3,9:47 PM,1:43,Mykhailiuk REBOUND (Off:0 Def:3),,,,,4,1629004,Svi Mykhailiuk,1610612765.0,Detroit,Pistons,DET,0,0,,,,,,0,0,,,,,,1
357,0022000243,510,1,79,3,9:47 PM,1:38,Mykhailiuk 26' 3PT Pullup Jump Shot (14 PTS),,,85 - 85,TIE,4,1629004,Svi Mykhailiuk,1610612765.0,Detroit,Pistons,DET,0,0,,,,,,0,0,,,,,,1
358,0022000243,512,1,5,3,9:48 PM,1:22,,,Howard 2' Layup (3 PTS) (Milton 3 AST),87 - 85,-2,5,2730,Dwight Howard,1610612755.0,Philadelphia,76ers,PHI,5,1629003,Shake Milton,1610612755.0,Philadelphia,76ers,PHI,0,0,,,,,,1
359,0022000243,514,6,2,3,9:48 PM,1:16,,,Thybulle S.FOUL (P2.PN) (B.Kennedy),,,5,1629680,Matisse Thybulle,1610612755.0,Philadelphia,76ers,PHI,4,1629635,Sekou Doumbouya,1610612765.0,Detroit,Pistons,DET,1,0,,,,,,1
360,0022000243,516,3,11,3,9:48 PM,1:16,Doumbouya Free Throw 1 of 2 (9 PTS),,,87 - 86,-1,4,1629635,Sekou Doumbouya,1610612765.0,Detroit,Pistons,DET,0,0,,,,,,0,0,,,,,,0
361,0022000243,517,8,0,3,9:48 PM,1:16,SUB: Lee FOR Wright,,,,,4,1626153,Delon Wright,1610612765.0,Detroit,Pistons,DET,4,1630240,Saben Lee,1610612765.0,Detroit,Pistons,DET,0,0,,,,,,0
362,0022000243,518,8,0,3,9:48 PM,1:16,,,SUB: Harris FOR Simmons,,,5,1627732,Ben Simmons,1610612755.0,Philadelphia,76ers,PHI,5,202699,Tobias Harris,1610612755.0,Philadelphia,76ers,PHI,0,0,,,,,,0
363,0022000243,521,3,12,3,9:49 PM,1:16,Doumbouya Free Throw 2 of 2 (10 PTS),,,87 - 87,TIE,4,1629635,Sekou Doumbouya,1610612765.0,Detroit,Pistons,DET,0,0,,,,,,0,0,,,,,,1
364,0022000243,522,6,1,3,9:49 PM,1:00,Mykhailiuk P.FOUL (P1.PN) (B.Kennedy),,,,,4,1629004,Svi Mykhailiuk,1610612765.0,Detroit,Pistons,DET,5,1627788,Furkan Korkmaz,1610612755.0,Philadelphia,76ers,PHI,1,0,,,,,,1
365,0022000243,524,3,11,3,9:49 PM,1:00,,,Korkmaz Free Throw 1 of 2 (7 PTS),88 - 87,-1,5,1627788,Furkan Korkmaz,1610612755.0,Philadelphia,76ers,PHI,0,0,,,,,,0,0,,,,,,1
366,0022000243,525,3,12,3,9:50 PM,1:00,,,Korkmaz Free Throw 2 of 2 (8 PTS),89 - 87,-2,5,1627788,Furkan Korkmaz,1610612755.0,Philadelphia,76ers,PHI,0,0,,,,,,0,0,,,,,,1
367,0022000243,526,6,1,3,9:50 PM,0:51,,,Howard P.FOUL (P4.PN) (B.Kennedy),,,5,2730,Dwight Howard,1610612755.0,Philadelphia,76ers,PHI,4,1629004,Svi Mykhailiuk,1610612765.0,Detroit,Pistons,DET,1,0,,,,,,1
368,0022000243,528,3,11,3,9:50 PM,0:51,MISS Mykhailiuk Free Throw 1 of 2,,,,,4,1629004,Svi Mykhailiuk,1610612765.0,Detroit,Pistons,DET,0,0,,,,,,0,0,,,,,,1
369,0022000243,529,4,1,3,9:50 PM,0:51,PISTONS Rebound,,,,,2,1610612765,,,,,,0,0,,,,,,0,0,,,,,,0
370,0022000243,530,3,12,3,9:50 PM,0:51,Mykhailiuk Free Throw 2 of 2 (15 PTS),,,89 - 88,-1,4,1629004,Svi Mykhailiuk,1610612765.0,Detroit,Pistons,DET,0,0,,,,,,0,0,,,,,,1
371,0022000243,531,1,75,3,9:51 PM,0:39,,,Milton 2' Driving Finger Roll Layup (2 PTS),91 - 88,-3,5,1629003,Shake Milton,1610612755.0,Philadelphia,76ers,PHI,0,0,,,,,,0,0,,,,,,1
372,0022000243,532,6,2,3,9:51 PM,0:39,Jackson S.FOUL (P3.PN) (B.Kennedy),,,,,4,1628367,Josh Jackson,1610612765.0,Detroit,Pistons,DET,5,1629003,Shake Milton,1610612755.0,Philadelphia,76ers,PHI,1,0,,,,,,1
373,0022000243,534,8,0,3,9:51 PM,0:39,,,SUB: Maxey FOR Korkmaz,,,5,1627788,Furkan Korkmaz,1610612755.0,Philadelphia,76ers,PHI,5,1630178,Tyrese Maxey,1610612755.0,Philadelphia,76ers,PHI,0,0,,,,,,0
374,0022000243,536,3,10,3,9:51 PM,0:39,,,Milton Free Throw 1 of 1 (3 PTS),92 - 88,-4,5,1629003,Shake Milton,1610612755.0,Philadelphia,76ers,PHI,0,0,,,,,,0,0,,,,,,1
375,0022000243,537,2,1,3,9:52 PM,0:25,MISS Okafor 25' 3PT Jump Shot,,,,,4,1626143,Jahlil Okafor,1610612765.0,Detroit,Pistons,DET,0,0,,,,,,0,0,,,,,,1
376,0022000243,538,4,0,3,9:52 PM,0:22,,,Howard REBOUND (Off:2 Def:3),,,5,2730,Dwight Howard,1610612755.0,Philadelphia,76ers,PHI,0,0,,,,,,0,0,,,,,,1
377,0022000243,539,1,75,3,9:52 PM,0:04,,,Milton 2' Driving Finger Roll Layup (5 PTS),94 - 88,-6,5,1629003,Shake Milton,1610612755.0,Philadelphia,76ers,PHI,0,0,,,,,,0,0,,,,,,1
378,0022000243,542,2,1,3,9:52 PM,0:00,MISS Okafor 26' 3PT Jump Shot,,,,,4,1626143,Jahlil Okafor,1610612765.0,Detroit,Pistons,DET,0,0,,,,,,0,0,,,,,,1
379,0022000243,543,4,0,3,9:52 PM,0:00,,,Howard REBOUND (Off:2 Def:4),,,5,2730,Dwight Howard,1610612755.0,Philadelphia,76ers,PHI,0,0,,,,,,0,0,,,,,,1
380,0022000243,544,13,0,3,9:52 PM,0:00,,,,94 - 88,-6,0,0,,,,,,0,0,,,,,,0,0,,,,,,1
381,0022000243,547,12,0,4,9:55 PM,12:00,,,,94 - 88,-6,0,0,,,,,,0,0,,,,,,0,0,,,,,,0
382,0022000243,548,2,80,4,9:55 PM,11:33,,,MISS Maxey  3PT Step Back Jump Shot,,,5,1630178,Tyrese Maxey,1610612755.0,Philadelphia,76ers,PHI,0,0,,,,,,0,0,,,,,,1
383,0022000243,549,4,0,4,9:55 PM,11:31,,,Thybulle REBOUND (Off:1 Def:0),,,5,1629680,Matisse Thybulle,1610612755.0,Philadelphia,76ers,PHI,0,0,,,,,,0,0,,,,,,1
384,0022000243,550,1,1,4,9:55 PM,11:29,,,Milton 26' 3PT Jump Shot (8 PTS) (Thybulle 1 AST),97 - 88,-9,5,1629003,Shake Milton,1610612755.0,Philadelphia,76ers,PHI,5,1629680,Matisse Thybulle,1610612755.0,Philadelphia,76ers,PHI,0,0,,,,,,1
385,0022000243,552,6,4,4,9:56 PM,11:11,Plumlee OFF.Foul (P5) (B.Schwab),,,,,4,203486,Mason Plumlee,1610612765.0,Detroit,Pistons,DET,5,1629680,Matisse Thybulle,1610612755.0,Philadelphia,76ers,PHI,1,0,,,,,,1
386,0022000243,554,5,37,4,9:56 PM,11:11,Plumlee Offensive Foul Turnover (P4.T12),,,,,4,203486,Mason Plumlee,1610612765.0,Detroit,Pistons,DET,0,0,,,,,,1,0,,,,,,1
387,0022000243,555,2,1,4,9:56 PM,10:45,,,MISS Milton 20' Jump Shot,,,5,1629003,Shake Milton,1610612755.0,Philadelphia,76ers,PHI,0,0,,,,,,0,0,,,,,,1
388,0022000243,556,4,0,4,9:56 PM,10:43,,,Howard REBOUND (Off:3 Def:4),,,5,2730,Dwight Howard,1610612755.0,Philadelphia,76ers,PHI,0,0,,,,,,0,0,,,,,,1
389,0022000243,557,1,7,4,9:56 PM,10:42,,,Howard 1' Dunk (5 PTS),99 - 88,-11,5,2730,Dwight Howard,1610612755.0,Philadelphia,76ers,PHI,0,0,,,,,,0,0,,,,,,1
390,0022000243,558,1,1,4,9:57 PM,10:18,Doumbouya 27' 3PT Jump Shot (13 PTS) (Lee 3 AST),,,99 - 91,-8,4,1629635,Sekou Doumbouya,1610612765.0,Detroit,Pistons,DET,4,1630240,Saben Lee,1610612765.0,Detroit,Pistons,DET,0,0,,,,,,1
391,0022000243,560,2,86,4,9:57 PM,9:54,,,MISS Harris 13' Turnaround Fadeaway Shot,,,5,202699,Tobias Harris,1610612755.0,Philadelphia,76ers,PHI,0,0,,,,,,0,0,,,,,,1
392,0022000243,561,4,0,4,9:57 PM,9:52,Lee REBOUND (Off:0 Def:1),,,,,4,1630240,Saben Lee,1610612765.0,Detroit,Pistons,DET,0,0,,,,,,0,0,,,,,,1
393,0022000243,562,2,5,4,9:57 PM,9:46,MISS Doumbouya 4' Layup,,,,,4,1629635,Sekou Doumbouya,1610612765.0,Detroit,Pistons,DET,0,0,,,,,,0,0,,,,,,1
394,0022000243,563,4,0,4,9:57 PM,9:43,,,Harris REBOUND (Off:0 Def:4),,,5,202699,Tobias Harris,1610612755.0,Philadelphia,76ers,PHI,0,0,,,,,,0,0,,,,,,1
395,0022000243,564,2,78,4,9:58 PM,9:35,,,MISS Milton 9' Floating Jump Shot,,,5,1629003,Shake Milton,1610612755.0,Philadelphia,76ers,PHI,0,0,,,,,,0,0,,,,,,1
396,0022000243,565,4,0,4,9:58 PM,9:34,,,Milton REBOUND (Off:2 Def:1),,,5,1629003,Shake Milton,1610612755.0,Philadelphia,76ers,PHI,0,0,,,,,,0,0,,,,,,1
397,0022000243,566,5,2,4,9:58 PM,9:32,Lee STEAL (1 STL),,Milton Lost Ball Turnover (P2.T11),,,5,1629003,Shake Milton,1610612755.0,Philadelphia,76ers,PHI,4,1630240,Saben Lee,1610612765.0,Detroit,Pistons,DET,0,0,,,,,,1
398,0022000243,568,6,1,4,9:58 PM,9:30,,,Thybulle P.FOUL (P3.T1) (B.Kennedy),,,5,1629680,Matisse Thybulle,1610612755.0,Philadelphia,76ers,PHI,4,1630240,Saben Lee,1610612765.0,Detroit,Pistons,DET,1,0,,,,,,1
399,0022000243,570,2,7,4,9:58 PM,9:16,MISS Doumbouya 2' Dunk,,Howard BLOCK (2 BLK),,,4,1629635,Sekou Doumbouya,1610612765.0,Detroit,Pistons,DET,0,0,,,,,,5,2730,Dwight Howard,1610612755.0,Philadelphia,76ers,PHI,1
400,0022000243,572,4,0,4,9:58 PM,9:13,,,Maxey REBOUND (Off:0 Def:2),,,5,1630178,Tyrese Maxey,1610612755.0,Philadelphia,76ers,PHI,0,0,,,,,,0,0,,,,,,1
401,0022000243,573,2,1,4,9:58 PM,9:11,,,MISS Thybulle 27' 3PT Jump Shot,,,5,1629680,Matisse Thybulle,1610612755.0,Philadelphia,76ers,PHI,0,0,,,,,,0,0,,,,,,1
402,0022000243,574,4,0,4,9:58 PM,9:06,Doumbouya REBOUND (Off:2 Def:2),,,,,4,1629635,Sekou Doumbouya,1610612765.0,Detroit,Pistons,DET,0,0,,,,,,0,0,,,,,,1
403,0022000243,575,1,5,4,9:59 PM,8:57,Jackson 3' Layup (7 PTS),,,99 - 93,-6,4,1628367,Josh Jackson,1610612765.0,Detroit,Pistons,DET,0,0,,,,,,0,0,,,,,,1
404,0022000243,576,2,6,4,9:59 PM,8:32,,,MISS Milton 2' Driving Layup,,,5,1629003,Shake Milton,1610612755.0,Philadelphia,76ers,PHI,0,0,,,,,,0,0,,,,,,1
405,0022000243,577,4,0,4,9:59 PM,8:30,Mykhailiuk REBOUND (Off:0 Def:4),,,,,4,1629004,Svi Mykhailiuk,1610612765.0,Detroit,Pistons,DET,0,0,,,,,,0,0,,,,,,1
406,0022000243,578,5,1,4,9:59 PM,8:27,Mykhailiuk Bad Pass Turnover (P2.T13),,Maxey STEAL (2 STL),,,4,1629004,Svi Mykhailiuk,1610612765.0,Detroit,Pistons,DET,5,1630178,Tyrese Maxey,1610612755.0,Philadelphia,76ers,PHI,0,0,,,,,,1
407,0022000243,580,6,1,4,9:59 PM,8:27,Mykhailiuk P.FOUL (P2.T1) (B.Schwab),,,,,4,1629004,Svi Mykhailiuk,1610612765.0,Detroit,Pistons,DET,5,1630178,Tyrese Maxey,1610612755.0,Philadelphia,76ers,PHI,1,0,,,,,,1
408,0022000243,582,18,3,4,10:00 PM,8:27,,,,99 - 93,-6,0,580,,,,,,0,0,,,,,,1,0,,,,,,0
409,0022000243,583,6,1,4,10:02 PM,8:12,Mykhailiuk P.FOUL (P3.T2) (B.Schwab),,,,,4,1629004,Svi Mykhailiuk,1610612765.0,Detroit,Pistons,DET,5,202699,Tobias Harris,1610612755.0,Philadelphia,76ers,PHI,1,0,,,,,,1
410,0022000243,585,6,4,4,10:02 PM,8:09,,,Howard OFF.Foul (P5) (B.Schwab),,,5,2730,Dwight Howard,1610612755.0,Philadelphia,76ers,PHI,4,1630240,Saben Lee,1610612765.0,Detroit,Pistons,DET,1,0,,,,,,1
411,0022000243,587,5,37,4,10:02 PM,8:09,,,Howard Offensive Foul Turnover (P2.T12),,,5,2730,Dwight Howard,1610612755.0,Philadelphia,76ers,PHI,0,0,,,,,,1,0,,,,,,1
412,0022000243,588,1,7,4,10:03 PM,7:45,Plumlee 2' Dunk (7 PTS) (Lee 4 AST),,,99 - 95,-4,4,203486,Mason Plumlee,1610612765.0,Detroit,Pistons,DET,4,1630240,Saben Lee,1610612765.0,Detroit,Pistons,DET,0,0,,,,,,1
413,0022000243,590,6,2,4,10:03 PM,7:27,Plumlee S.FOUL (P6.T3) (M.Kogut),,,,,4,203486,Mason Plumlee,1610612765.0,Detroit,Pistons,DET,5,202699,Tobias Harris,1610612755.0,Philadelphia,76ers,PHI,1,0,,,,,,1
414,0022000243,592,8,0,4,10:03 PM,7:27,SUB: Stewart FOR Plumlee,,,,,4,203486,Mason Plumlee,1610612765.0,Detroit,Pistons,DET,4,1630191,Isaiah Stewart,1610612765.0,Detroit,Pistons,DET,0,0,,,,,,0
415,0022000243,594,3,11,4,10:04 PM,7:27,,,Harris Free Throw 1 of 2 (13 PTS),100 - 95,-5,5,202699,Tobias Harris,1610612755.0,Philadelphia,76ers,PHI,0,0,,,,,,0,0,,,,,,1
416,0022000243,595,8,0,4,10:04 PM,7:27,,,SUB: Embiid FOR Milton,,,5,1629003,Shake Milton,1610612755.0,Philadelphia,76ers,PHI,5,203954,Joel Embiid,1610612755.0,Philadelphia,76ers,PHI,0,0,,,,,,0
417,0022000243,596,8,0,4,10:04 PM,7:27,,,SUB: Curry FOR Howard,,,5,2730,Dwight Howard,1610612755.0,Philadelphia,76ers,PHI,5,203552,Seth Curry,1610612755.0,Philadelphia,76ers,PHI,0,0,,,,,,0
418,0022000243,599,3,12,4,10:04 PM,7:27,,,Harris Free Throw 2 of 2 (14 PTS),101 - 95,-6,5,202699,Tobias Harris,1610612755.0,Philadelphia,76ers,PHI,0,0,,,,,,0,0,,,,,,1
419,0022000243,600,2,1,4,10:05 PM,7:10,MISS Mykhailiuk 26' 3PT Jump Shot,,,,,4,1629004,Svi Mykhailiuk,1610612765.0,Detroit,Pistons,DET,0,0,,,,,,0,0,,,,,,1
420,0022000243,601,4,0,4,10:05 PM,7:07,,,Embiid REBOUND (Off:3 Def:8),,,5,203954,Joel Embiid,1610612755.0,Philadelphia,76ers,PHI,0,0,,,,,,0,0,,,,,,1
421,0022000243,602,2,6,4,10:05 PM,7:00,,,MISS Harris 3' Driving Layup,,,5,202699,Tobias Harris,1610612755.0,Philadelphia,76ers,PHI,0,0,,,,,,0,0,,,,,,1
422,0022000243,603,4,0,4,10:05 PM,6:57,Jackson REBOUND (Off:0 Def:1),,,,,4,1628367,Josh Jackson,1610612765.0,Detroit,Pistons,DET,0,0,,,,,,0,0,,,,,,1
423,0022000243,604,6,2,4,10:05 PM,6:54,,,Thybulle S.FOUL (P4.T2) (B.Kennedy),,,5,1629680,Matisse Thybulle,1610612755.0,Philadelphia,76ers,PHI,4,1630191,Isaiah Stewart,1610612765.0,Detroit,Pistons,DET,1,0,,,,,,1
424,0022000243,606,9,1,4,10:06 PM,6:54,PISTONS Timeout: Regular (Full 4 Short 0),,,,,2,1610612765,,,,,,0,0,,,,,,0,0,,,,,,0
425,0022000243,607,8,0,4,10:06 PM,6:54,SUB: Grant FOR Mykhailiuk,,,,,4,1629004,Svi Mykhailiuk,1610612765.0,Detroit,Pistons,DET,4,203924,Jerami Grant,1610612765.0,Detroit,Pistons,DET,0,0,,,,,,0
426,0022000243,608,8,0,4,10:06 PM,6:54,SUB: Wright FOR Lee,,,,,4,1630240,Saben Lee,1610612765.0,Detroit,Pistons,DET,4,1626153,Delon Wright,1610612765.0,Detroit,Pistons,DET,0,0,,,,,,0
427,0022000243,609,8,0,4,10:06 PM,6:54,,,SUB: Simmons FOR Maxey,,,5,1630178,Tyrese Maxey,1610612755.0,Philadelphia,76ers,PHI,5,1627732,Ben Simmons,1610612755.0,Philadelphia,76ers,PHI,0,0,,,,,,0
428,0022000243,610,8,0,4,10:06 PM,6:54,,,SUB: Green FOR Thybulle,,,5,1629680,Matisse Thybulle,1610612755.0,Philadelphia,76ers,PHI,5,201980,Danny Green,1610612755.0,Philadelphia,76ers,PHI,0,0,,,,,,0
429,0022000243,615,3,11,4,10:08 PM,6:54,Stewart Free Throw 1 of 2 (3 PTS),,,101 - 96,-5,4,1630191,Isaiah Stewart,1610612765.0,Detroit,Pistons,DET,0,0,,,,,,0,0,,,,,,1
430,0022000243,616,3,12,4,10:08 PM,6:54,Stewart Free Throw 2 of 2 (4 PTS),,,101 - 97,-4,4,1630191,Isaiah Stewart,1610612765.0,Detroit,Pistons,DET,0,0,,,,,,0,0,,,,,,1
431,0022000243,617,5,45,4,10:09 PM,6:43,,,Embiid Out of Bounds - Bad Pass Turnover Turnover (P2.T13),,,5,203954,Joel Embiid,1610612755.0,Philadelphia,76ers,PHI,0,0,,,,,,1,0,,,,,,1
432,0022000243,619,2,101,4,10:09 PM,6:18,MISS Doumbouya 6' Driving Floating Jump Shot,,,,,4,1629635,Sekou Doumbouya,1610612765.0,Detroit,Pistons,DET,0,0,,,,,,0,0,,,,,,1
433,0022000243,620,4,0,4,10:09 PM,6:15,,,Green REBOUND (Off:0 Def:2),,,5,201980,Danny Green,1610612755.0,Philadelphia,76ers,PHI,0,0,,,,,,0,0,,,,,,1
434,0022000243,621,1,75,4,10:10 PM,5:58,,,Curry 3' Driving Finger Roll Layup (14 PTS),103 - 97,-6,5,203552,Seth Curry,1610612755.0,Philadelphia,76ers,PHI,0,0,,,,,,0,0,,,,,,1
435,0022000243,622,5,45,4,10:10 PM,5:46,Jackson Out of Bounds - Bad Pass Turnover Turnover (P2.T14),,,,,4,1628367,Josh Jackson,1610612765.0,Detroit,Pistons,DET,0,0,,,,,,1,0,,,,,,1
436,0022000243,623,2,79,4,10:10 PM,5:32,,,MISS Curry 26' 3PT Pullup Jump Shot,,,5,203552,Seth Curry,1610612755.0,Philadelphia,76ers,PHI,0,0,,,,,,0,0,,,,,,1
437,0022000243,624,4,0,4,10:10 PM,5:30,Grant REBOUND (Off:2 Def:6),,,,,4,203924,Jerami Grant,1610612765.0,Detroit,Pistons,DET,0,0,,,,,,0,0,,,,,,1
438,0022000243,625,2,1,4,10:10 PM,5:24,MISS Doumbouya 26' 3PT Jump Shot,,,,,4,1629635,Sekou Doumbouya,1610612765.0,Detroit,Pistons,DET,0,0,,,,,,0,0,,,,,,1
439,0022000243,626,4,0,4,10:10 PM,5:24,,,76ers Rebound,,,3,1610612755,,,,,,0,0,,,,,,0,0,,,,,,0
440,0022000243,628,8,0,4,10:11 PM,5:24,SUB: Ellington FOR Doumbouya,,,,,4,1629635,Sekou Doumbouya,1610612765.0,Detroit,Pistons,DET,4,201961,Wayne Ellington,1610612765.0,Detroit,Pistons,DET,0,0,,,,,,0
441,0022000243,630,2,5,4,10:11 PM,5:07,Stewart BLOCK (2 BLK),,MISS Harris 4' Layup,,,5,202699,Tobias Harris,1610612755.0,Philadelphia,76ers,PHI,0,0,,,,,,4,1630191,Isaiah Stewart,1610612765.0,Detroit,Pistons,DET,1
442,0022000243,631,4,0,4,10:11 PM,5:07,,,Embiid REBOUND (Off:4 Def:8),,,5,203954,Joel Embiid,1610612755.0,Philadelphia,76ers,PHI,0,0,,,,,,0,0,,,,,,1
443,0022000243,632,6,2,4,10:11 PM,5:07,Grant S.FOUL (P3.T4) (M.Kogut),,,,,4,203924,Jerami Grant,1610612765.0,Detroit,Pistons,DET,5,203954,Joel Embiid,1610612755.0,Philadelphia,76ers,PHI,1,0,,,,,,1
444,0022000243,634,3,11,4,10:12 PM,5:07,,,Embiid Free Throw 1 of 2 (29 PTS),104 - 97,-7,5,203954,Joel Embiid,1610612755.0,Philadelphia,76ers,PHI,0,0,,,,,,0,0,,,,,,1
445,0022000243,636,3,12,4,10:12 PM,5:07,,,MISS Embiid Free Throw 2 of 2,,,5,203954,Joel Embiid,1610612755.0,Philadelphia,76ers,PHI,0,0,,,,,,0,0,,,,,,1
446,0022000243,637,4,0,4,10:12 PM,5:05,Ellington REBOUND (Off:0 Def:2),,,,,4,201961,Wayne Ellington,1610612765.0,Detroit,Pistons,DET,0,0,,,,,,0,0,,,,,,1
447,0022000243,638,2,1,4,10:12 PM,4:49,MISS Jackson 26' 3PT Jump Shot,,,,,4,1628367,Josh Jackson,1610612765.0,Detroit,Pistons,DET,0,0,,,,,,0,0,,,,,,1
448,0022000243,639,4,0,4,10:12 PM,4:46,,,Simmons REBOUND (Off:1 Def:8),,,5,1627732,Ben Simmons,1610612755.0,Philadelphia,76ers,PHI,0,0,,,,,,0,0,,,,,,1
449,0022000243,640,5,4,4,10:12 PM,4:38,,,Embiid Traveling Turnover (P3.T14),,,5,203954,Joel Embiid,1610612755.0,Philadelphia,76ers,PHI,0,0,,,,,,1,0,,,,,,1
450,0022000243,641,1,1,4,10:13 PM,4:15,Stewart 4' Jump Shot (6 PTS),,,104 - 99,-5,4,1630191,Isaiah Stewart,1610612765.0,Detroit,Pistons,DET,0,0,,,,,,0,0,,,,,,1
451,0022000243,642,9,1,4,10:13 PM,4:15,,,76ers Timeout: Regular (Reg.4 Short 0),,,3,1610612755,,,,,,0,0,,,,,,0,0,,,,,,0
452,0022000243,643,2,1,4,10:16 PM,4:00,,,MISS Harris 27' 3PT Jump Shot,,,5,202699,Tobias Harris,1610612755.0,Philadelphia,76ers,PHI,0,0,,,,,,0,0,,,,,,1
453,0022000243,644,4,0,4,10:16 PM,3:57,Ellington REBOUND (Off:0 Def:3),,,,,4,201961,Wayne Ellington,1610612765.0,Detroit,Pistons,DET,0,0,,,,,,0,0,,,,,,1
454,0022000243,645,1,108,4,10:16 PM,3:55,Stewart 1' Cutting Dunk Shot (8 PTS) (Jackson 2 AST),,,104 - 101,-3,4,1630191,Isaiah Stewart,1610612765.0,Detroit,Pistons,DET,4,1628367,Josh Jackson,1610612765.0,Detroit,Pistons,DET,0,0,,,,,,1
455,0022000243,647,2,1,4,10:17 PM,3:31,,,MISS Green 24' 3PT Jump Shot,,,5,201980,Danny Green,1610612755.0,Philadelphia,76ers,PHI,0,0,,,,,,0,0,,,,,,1
456,0022000243,648,4,0,4,10:17 PM,3:29,,,Embiid REBOUND (Off:5 Def:8),,,5,203954,Joel Embiid,1610612755.0,Philadelphia,76ers,PHI,0,0,,,,,,0,0,,,,,,1
457,0022000243,649,1,1,4,10:17 PM,3:22,,,Harris 27' 3PT Jump Shot (17 PTS),107 - 101,-6,5,202699,Tobias Harris,1610612755.0,Philadelphia,76ers,PHI,0,0,,,,,,0,0,,,,,,1
458,0022000243,651,2,79,4,10:17 PM,2:57,MISS Ellington 15' Pullup Jump Shot,,,,,4,201961,Wayne Ellington,1610612765.0,Detroit,Pistons,DET,0,0,,,,,,0,0,,,,,,1
459,0022000243,652,4,0,4,10:17 PM,2:56,Ellington REBOUND (Off:1 Def:3),,,,,4,201961,Wayne Ellington,1610612765.0,Detroit,Pistons,DET,0,0,,,,,,0,0,,,,,,1
460,0022000243,653,1,75,4,10:17 PM,2:49,Jackson 2' Driving Finger Roll Layup (9 PTS),,,107 - 103,-4,4,1628367,Josh Jackson,1610612765.0,Detroit,Pistons,DET,0,0,,,,,,0,0,,,,,,1
461,0022000243,654,5,2,4,10:18 PM,2:33,Ellington STEAL (2 STL),,Simmons Lost Ball Turnover (P2.T15),,,5,1627732,Ben Simmons,1610612755.0,Philadelphia,76ers,PHI,4,201961,Wayne Ellington,1610612765.0,Detroit,Pistons,DET,0,0,,,,,,1
462,0022000243,656,6,2,4,10:18 PM,2:30,,,Harris S.FOUL (P2.T3) (B.Schwab),,,5,202699,Tobias Harris,1610612755.0,Philadelphia,76ers,PHI,4,1628367,Josh Jackson,1610612765.0,Detroit,Pistons,DET,1,0,,,,,,1
463,0022000243,658,3,11,4,10:18 PM,2:30,Jackson Free Throw 1 of 2 (10 PTS),,,107 - 104,-3,4,1628367,Josh Jackson,1610612765.0,Detroit,Pistons,DET,0,0,,,,,,0,0,,,,,,0
464,0022000243,659,3,12,4,10:18 PM,2:30,Jackson Free Throw 2 of 2 (11 PTS),,,107 - 105,-2,4,1628367,Josh Jackson,1610612765.0,Detroit,Pistons,DET,0,0,,,,,,0,0,,,,,,1
465,0022000243,660,1,63,4,10:19 PM,2:08,,,Embiid 5' Fadeaway Jumper (31 PTS),109 - 105,-4,5,203954,Joel Embiid,1610612755.0,Philadelphia,76ers,PHI,0,0,,,,,,0,0,,,,,,1
466,0022000243,661,2,78,4,10:19 PM,1:54,MISS Wright 5' Floating Jump Shot,,,,,4,1626153,Delon Wright,1610612765.0,Detroit,Pistons,DET,0,0,,,,,,0,0,,,,,,1
467,0022000243,662,4,0,4,10:19 PM,1:51,,,Embiid REBOUND (Off:5 Def:9),,,5,203954,Joel Embiid,1610612755.0,Philadelphia,76ers,PHI,0,0,,,,,,0,0,,,,,,1
468,0022000243,663,2,5,4,10:20 PM,1:40,,,MISS Embiid 3' Layup,,,5,203954,Joel Embiid,1610612755.0,Philadelphia,76ers,PHI,0,0,,,,,,0,0,,,,,,1
469,0022000243,664,4,0,4,10:20 PM,1:40,PISTONS Rebound,,,,,2,1610612765,,,,,,0,0,,,,,,0,0,,,,,,0
470,0022000243,666,6,26,4,10:20 PM,1:26,Jackson Offensive Charge Foul (P4.PN) (B.Kennedy),,,,,4,1628367,Josh Jackson,1610612765.0,Detroit,Pistons,DET,5,203954,Joel Embiid,1610612755.0,Philadelphia,76ers,PHI,1,0,,,,,,1
471,0022000243,668,5,37,4,10:20 PM,1:26,Jackson Offensive Foul Turnover (P3.T15),,,,,4,1628367,Josh Jackson,1610612765.0,Detroit,Pistons,DET,0,0,,,,,,1,0,,,,,,1
472,0022000243,669,2,1,4,10:20 PM,1:16,,,MISS Embiid 15' Jump Shot,,,5,203954,Joel Embiid,1610612755.0,Philadelphia,76ers,PHI,0,0,,,,,,0,0,,,,,,1
473,0022000243,670,4,0,4,10:20 PM,1:13,Grant REBOUND (Off:2 Def:7),,,,,4,203924,Jerami Grant,1610612765.0,Detroit,Pistons,DET,0,0,,,,,,0,0,,,,,,1
474,0022000243,671,2,6,4,10:21 PM,1:05,MISS Jackson 1' Driving Layup,,Embiid BLOCK (2 BLK),,,4,1628367,Josh Jackson,1610612765.0,Detroit,Pistons,DET,0,0,,,,,,5,203954,Joel Embiid,1610612755.0,Philadelphia,76ers,PHI,1
475,0022000243,673,4,0,4,10:21 PM,1:01,,,Curry REBOUND (Off:0 Def:3),,,5,203552,Seth Curry,1610612755.0,Philadelphia,76ers,PHI,0,0,,,,,,0,0,,,,,,1
476,0022000243,674,2,1,4,10:21 PM,0:49,,,MISS Embiid 7' Jump Shot,,,5,203954,Joel Embiid,1610612755.0,Philadelphia,76ers,PHI,0,0,,,,,,0,0,,,,,,1
477,0022000243,675,4,0,4,10:21 PM,0:49,Stewart REBOUND (Off:0 Def:5),,,,,4,1630191,Isaiah Stewart,1610612765.0,Detroit,Pistons,DET,0,0,,,,,,0,0,,,,,,1
478,0022000243,676,9,1,4,10:21 PM,0:49,PISTONS Timeout: Regular (Full 5 Short 0),,,,,2,1610612765,,,,,,0,0,,,,,,0,0,,,,,,0
479,0022000243,677,8,0,4,10:22 PM,0:49,,,SUB: Thybulle FOR Curry,,,5,203552,Seth Curry,1610612755.0,Philadelphia,76ers,PHI,5,1629680,Matisse Thybulle,1610612755.0,Philadelphia,76ers,PHI,0,0,,,,,,0
480,0022000243,680,5,36,4,10:23 PM,0:45,Stewart Illegal Screen Turnover (P1.T16),,,,,4,1630191,Isaiah Stewart,1610612765.0,Detroit,Pistons,DET,0,0,,,,,,1,0,,,,,,1
481,0022000243,713,8,0,4,10:23 PM,0:45,,,SUB: Curry FOR Thybulle,,,5,1629680,Matisse Thybulle,1610612755.0,Philadelphia,76ers,PHI,5,203552,Seth Curry,1610612755.0,Philadelphia,76ers,PHI,0,0,,,,,,0
482,0022000243,681,6,2,4,10:23 PM,0:31,Grant S.FOUL (P4.PN) (M.Kogut),,,,,4,203924,Jerami Grant,1610612765.0,Detroit,Pistons,DET,5,1627732,Ben Simmons,1610612755.0,Philadelphia,76ers,PHI,1,0,,,,,,1
483,0022000243,683,3,11,4,10:24 PM,0:31,,,MISS Simmons Free Throw 1 of 2,,,5,1627732,Ben Simmons,1610612755.0,Philadelphia,76ers,PHI,0,0,,,,,,0,0,,,,,,1
484,0022000243,684,4,1,4,10:24 PM,0:31,,,76ers Rebound,,,3,1610612755,,,,,,0,0,,,,,,0,0,,,,,,0
485,0022000243,685,3,12,4,10:24 PM,0:31,,,Simmons Free Throw 2 of 2 (18 PTS),110 - 105,-5,5,1627732,Ben Simmons,1610612755.0,Philadelphia,76ers,PHI,0,0,,,,,,0,0,,,,,,1
486,0022000243,686,9,1,4,10:24 PM,0:31,PISTONS Timeout: Regular (Full 6 Short 0),,,,,2,1610612765,,,,,,0,0,,,,,,0,0,,,,,,0
487,0022000243,715,8,0,4,10:25 PM,0:31,,,SUB: Thybulle FOR Curry,,,5,203552,Seth Curry,1610612755.0,Philadelphia,76ers,PHI,5,1629680,Matisse Thybulle,1610612755.0,Philadelphia,76ers,PHI,0,0,,,,,,0
488,0022000243,687,8,0,4,10:25 PM,0:31,SUB: Mykhailiuk FOR Stewart,,,,,4,1630191,Isaiah Stewart,1610612765.0,Detroit,Pistons,DET,4,1629004,Svi Mykhailiuk,1610612765.0,Detroit,Pistons,DET,0,0,,,,,,0
489,0022000243,689,1,1,4,10:26 PM,0:28,Grant 26' 3PT Jump Shot (11 PTS),,,110 - 108,-2,4,203924,Jerami Grant,1610612765.0,Detroit,Pistons,DET,0,0,,,,,,0,0,,,,,,1
490,0022000243,690,9,1,4,10:26 PM,0:28,,,76ers Timeout: Regular (Reg.5 Short 0),,,3,1610612755,,,,,,0,0,,,,,,0,0,,,,,,0
491,0022000243,691,8,0,4,10:26 PM,0:28,SUB: Stewart FOR Mykhailiuk,,,,,4,1629004,Svi Mykhailiuk,1610612765.0,Detroit,Pistons,DET,4,1630191,Isaiah Stewart,1610612765.0,Detroit,Pistons,DET,0,0,,,,,,0
492,0022000243,692,8,0,4,10:26 PM,0:28,,,SUB: Curry FOR Thybulle,,,5,1629680,Matisse Thybulle,1610612755.0,Philadelphia,76ers,PHI,5,203552,Seth Curry,1610612755.0,Philadelphia,76ers,PHI,0,0,,,,,,0
493,0022000243,695,6,28,4,10:28 PM,0:21,Grant Personal Take Foul (P5.PN) (B.Kennedy),,,,,4,203924,Jerami Grant,1610612765.0,Detroit,Pistons,DET,5,1627732,Ben Simmons,1610612755.0,Philadelphia,76ers,PHI,1,0,,,,,,1
494,0022000243,697,3,11,4,10:29 PM,0:21,,,Simmons Free Throw 1 of 2 (19 PTS),111 - 108,-3,5,1627732,Ben Simmons,1610612755.0,Philadelphia,76ers,PHI,0,0,,,,,,0,0,,,,,,1
495,0022000243,698,8,0,4,10:29 PM,0:21,,,SUB: Thybulle FOR Curry,,,5,203552,Seth Curry,1610612755.0,Philadelphia,76ers,PHI,5,1629680,Matisse Thybulle,1610612755.0,Philadelphia,76ers,PHI,0,0,,,,,,0
496,0022000243,700,3,12,4,10:29 PM,0:21,,,Simmons Free Throw 2 of 2 (20 PTS),112 - 108,-4,5,1627732,Ben Simmons,1610612755.0,Philadelphia,76ers,PHI,0,0,,,,,,0,0,,,,,,1
497,0022000243,701,6,1,4,10:29 PM,0:19,,,Thybulle P.FOUL (P5.T4) (B.Schwab),,,5,1629680,Matisse Thybulle,1610612755.0,Philadelphia,76ers,PHI,4,1626153,Delon Wright,1610612765.0,Detroit,Pistons,DET,1,0,,,,,,1
498,0022000243,703,1,6,4,10:30 PM,0:09,Wright 1' Driving Layup (10 PTS) (Stewart 1 AST),,,112 - 110,-2,4,1626153,Delon Wright,1610612765.0,Detroit,Pistons,DET,4,1630191,Isaiah Stewart,1610612765.0,Detroit,Pistons,DET,0,0,,,,,,1
499,0022000243,705,6,28,4,10:30 PM,0:07,Wright Personal Take Foul (P2.PN) (B.Kennedy),,,,,4,1626153,Delon Wright,1610612765.0,Detroit,Pistons,DET,5,203954,Joel Embiid,1610612755.0,Philadelphia,76ers,PHI,1,0,,,,,,1
500,0022000243,707,3,11,4,10:30 PM,0:07,,,Embiid Free Throw 1 of 2 (32 PTS),113 - 110,-3,5,203954,Joel Embiid,1610612755.0,Philadelphia,76ers,PHI,0,0,,,,,,0,0,,,,,,0
501,0022000243,708,3,12,4,10:31 PM,0:07,,,Embiid Free Throw 2 of 2 (33 PTS),114 - 110,-4,5,203954,Joel Embiid,1610612755.0,Philadelphia,76ers,PHI,0,0,,,,,,0,0,,,,,,1
502,0022000243,709,2,1,4,10:31 PM,0:00,MISS Grant 30' 3PT Jump Shot,,,,,4,203924,Jerami Grant,1610612765.0,Detroit,Pistons,DET,0,0,,,,,,0,0,,,,,,1
503,0022000243,710,4,0,4,10:31 PM,0:00,PISTONS Rebound,,,,,2,1610612765,,,,,,0,0,,,,,,0,0,,,,,,0
504,0022000243,711,13,0,4,10:31 PM,0:00,,,,114 - 110,-4,0,0,,,,,,0,0,,,,,,0,0,,,,,,1
